   8
   8
   6
   5
   6
   5
   9
   5
   6
  11
   9
   4
   6
   4
   7
   7
   5
   5
   4
  14
   9
   5
  10
   4
   4
  13
   5
   5
   6
   4
   5
   6
   4
   6
   5
   7
   5
   9
   5
   4
   4
   7
   4
   7
   7
   5
   9
   8
   4
   5
   7
   4
   7
   5
   8
   7
   6
   4
   4
   5
   6
   5
   8
  11
   5
   7
   8
   4
   4
   4
   5
   4
   5
   6
   4
   6
   9
   4
   4
   5
   6
   8
   4
   6
   5
   7
   4
   4
   5
   5
   7
   6
   8
  13
   8
   4
   7
   5
   5
  10
   9
   6
   5
   5
  10
   6
   7
   5
  10
   7
   8
   5
   4
   5
   4
   7
   5
  11
   5
   5
   8
   6
   6
  10
   5
   6
   6
   6
   4
   6
   4
   7
   8
   4
   5
   6
   4
   7
   5
  10
   9
   5
   6
   4
   4
   5
   6
   4
   5
   6
   7
   9
   4
   6
   5
   4
   7
   8
   6
   4
   6
   6
   5
   6
   4
   5
   6
   7
   9
   6
   4
   5
   6
   5
  10
   4
   7
   9
   8
   4
   8
   8
   4
   4
   6
   7
   4
   6
   6
   4
   8
   5
   4
   5
   7
   4
   9
   8
   6
   6
   7
   4
   4
   5
   7
   5
  10
   4
   4
   5
   4
   6
   6
   5
   4
   7
   5
   4
   7
   8
   6
  10
   5
   4
   7
   6
   4
   5
   7
   5
   4
   5
   5
   4
   5
   6
   7
  11
   7
   5
   4
   4
   6
   5
   4
   4
   5
   6
   6
   6
   5
   6
   6
   5
   6
   7
   4
   4
   6
   5
   5
  12
   5
   8
   4
   4
   6
   4
   4
   6
   8
   4
   4
   4
   8
   8
   4
   6
   4
   9
   5
   5
   8
   5
   4
   6
   5
   7
   8
   5
   5
   9
   7
   6
   7
   4
  11
   4
   6
   4
   5
   5
   6
   8
   8
   6
   4
   5
   5
   5
   5
   9
   5
   4
   7
   4
   6
   7
   6
  10
   9
   7
   5
   4
   5
   5
   7
   8
  12
  11
   6
   5
   5
   4
   6
   7
   7
   6
  10
   4
   8
   5
   5
   6
   7
   5
   6
   7
   5
   8
   7
   5
   5
  14
   6
   6
   4
   5
   4
   8
   8
   5
   6
   6
   5
   7
  11
   6
   8
   4
   4
   9
   4
   6
   5
   4
   4
   6
  14
   5
   5
   5
   6
   8
   6
   4
   6
   4
   5
   9
   4
  11
