   4
   6
   4
   9
   5
   4
   5
   4
   7
   7
   6
   4
   5
   4
   4
   9
  11
  10
   4
   8
   5
   8
   6
   4
   8
   8
   7
   5
   6
  10
   5
  13
   6
   4
   9
   5
   4
   9
   6
   6
   4
   6
   5
   7
   7
   5
  12
   9
   6
   5
   5
   6
   4
   7
  12
   4
   6
   4
   5
   5
   5
   7
   5
   7
   9
   5
   6
   4
   4
   6
   5
   4
   4
   6
   9
   5
   5
   5
   5
   6
   5
   9
   9
   5
   4
   4
   4
   6
   8
   4
   8
   7
   6
   5
   7
   4
   9
   4
   4
   9
   4
   4
   4
   7
   4
   5
   5
   7
   5
   5
   6
   4
   7
  11
   4
   7
   6
   4
   5
   5
   5
   4
  15
   7
   5
   4
   4
   5
   8
   4
   5
   8
   9
   6
   4
   7
   8
   5
   5
   4
   7
   4
   4
   9
   5
   4
   4
   9
   6
   6
   5
   6
   5
   4
  11
   4
   7
  13
   7
  12
   6
   5
   4
   6
   6
   4
   5
   4
   6
   9
   6
   4
   4
   5
   9
   6
   6
  10
  10
   5
   7
   5
   5
   6
   4
   6
   6
   6
   7
   5
   4
   6
   5
   6
   9
   4
   6
  10
   6
   8
   6
   7
   4
  10
   8
   8
   7
   5
   7
   5
   4
  10
   6
   5
  10
   6
   5
   4
  12
   4
   6
   5
   8
   4
   4
   8
   4
   4
   5
   5
   7
   5
   6
   5
   6
   9
   9
  10
   7
   7
   4
   6
   9
   4
   6
   5
   4
   8
   6
   9
   6
   8
   8
   6
   6
   6
   4
   7
   7
   5
   4
  10
   5
   7
   6
   7
   5
   4
   8
   7
   6
   7
   7
   4
   6
   4
   4
   8
   4
  11
   6
   4
   7
   5
   6
   8
   4
   7
   4
   4
   8
   5
   5
   4
   6
   4
   4
   6
   5
   5
   6
  10
   5
   7
   9
  10
   8
   5
   7
   5
   6
   5
   4
  10
   5
   6
   4
  10
   4
   8
   5
  16
   6
   6
   4
   4
   6
   5
   6
   8
   7
   7
  13
   8
   8
   4
   4
   6
   4
   5
   4
  12
   4
   7
   6
   5
   4
   6
   4
   7
   4
   4
   5
  12
   7
   8
   7
   5
   5
   4
   8
   6
   4
   6
   6
   5
   6
   7
   7
   5
   7
   6
   8
   4
   4
   9
   4
   5
   7
   5
  10
   7
   4
   9
   6
   6
   6
   7
   6
   6
   4
  13
