   6
   4
   7
   6
   6
   6
   4
   7
   5
   6
   4
   5
   9
   4
   5
   4
   4
   5
   7
   6
   6
   5
   6
   5
   8
   4
   4
   5
  11
   4
   8
   7
   4
   7
   4
   7
   7
   6
   5
   5
   4
   7
   5
   5
   6
   4
   6
   6
  13
   5
   7
   5
   5
   5
   5
   6
   5
  12
  10
   6
   5
   5
   9
   8
   8
   7
  11
   8
   5
   4
   5
   7
   4
   6
   8
   4
  10
   8
   7
   8
   4
   5
   5
   5
   8
   7
   9
   5
   5
   4
   9
   7
   4
   8
   8
   8
   5
   4
   7
   6
   9
   6
   5
   7
   9
   4
   7
   6
  14
  11
   6
   6
   4
   8
   4
   4
   4
   5
   4
   6
   7
  12
   4
   7
   4
   4
  10
   4
   4
   4
   4
   6
   4
   7
   9
   4
   5
   7
   5
   4
   7
   4
   4
   5
   4
   6
   6
   5
   4
   6
   8
   4
   6
   8
   4
   5
   4
  10
   4
   6
   6
   6
  12
   7
   4
   8
   6
   4
   5
   6
   9
   8
  11
   4
  10
   5
   4
   6
   5
   4
   6
   7
   6
  10
   7
   7
   6
   4
   6
   4
   7
   4
   4
   4
   7
   5
   8
   9
   7
   7
   4
   6
   6
   8
   7
   5
   6
   9
   4
  10
  10
  12
   6
   4
   8
   4
   6
   4
   8
   6
   5
   5
   5
  10
   4
   4
   6
   4
  11
   7
   8
   4
   6
   4
   4
   4
   7
   5
   6
   7
   6
   7
   4
   4
   6
   9
   5
  10
   6
   7
   7
   7
   4
   7
   4
   6
   7
   4
  10
   6
   9
  11
   6
   5
   4
   5
   5
   6
   4
   6
   6
   4
   6
   6
   6
   4
   4
  10
   4
   4
   8
  10
   4
   6
   7
   6
  10
   4
   9
   5
   5
   7
   4
   5
   8
  10
   8
   6
   5
   4
   6
  11
   8
   4
   6
   5
   8
   6
   9
  11
   4
   4
   8
   6
   9
   7
   7
   4
   7
   5
   6
   6
   5
   5
   4
   5
   4
   7
   5
  13
   6
   9
   4
   4
   7
   5
   5
   5
   4
   8
   6
   6
   5
  15
   7
   4
  11
   7
   7
   6
   6
   7
  11
  16
   5
   8
   5
   9
   4
   9
   4
   4
   5
   5
   8
   5
   7
   7
   6
   4
   6
  10
   5
   5
   6
   4
   5
   7
   5
   4
   7
   8
   8
   4
  10
   4
   9
   4
   4
   6
   6
   7
