   7
   4
   4
   5
   6
   4
   5
   4
   5
   5
   4
   5
   8
   6
   6
   4
   6
   6
   7
  10
   7
   6
   4
   6
   5
   4
   4
   6
  10
   5
   4
   6
   4
   7
   7
   5
   5
   8
   5
   8
   6
   5
   5
   6
   4
   5
   6
   6
   8
   4
   5
   4
   6
   5
   7
   6
   6
  12
   5
   6
   4
   5
   6
  10
   9
   6
   6
   5
   4
   6
   5
   5
   9
   6
   4
   5
   6
   7
   6
   9
   5
   5
   5
   4
  10
  10
   8
   8
   6
   8
   8
   4
   8
   6
   6
   5
   5
   9
   9
   7
   7
   9
   8
   5
   4
   4
   7
   6
   8
   7
  11
   4
  10
   7
   7
   4
   9
   6
   4
   5
   4
   7
   7
   5
   4
   5
   8
  10
   5
   4
   4
   6
   6
   6
   6
   6
   5
   6
   5
   8
   5
   5
   6
   5
  13
   4
   4
   5
   5
   9
   5
   5
   7
   6
   9
   4
   7
   6
   8
   4
   7
   8
  11
   9
   4
   6
   5
   4
   7
  13
   7
   6
   6
   5
   7
   9
   6
   4
   7
   5
   5
   5
   4
   5
   6
   7
   4
   4
  10
   9
   5
   5
   5
   7
   4
   5
   5
   5
   7
   7
   8
   4
   4
  14
   4
   5
   5
   5
   7
   8
   7
   6
   8
   8
   9
   7
   8
   5
   4
   4
   7
   8
   5
   8
   5
   5
   8
  11
   5
   5
   5
   4
   5
   6
   4
   4
   5
   6
   6
   7
   5
   6
   7
   5
  10
   9
   5
   4
   5
  10
  10
   5
   6
   7
   5
   5
   4
   5
   9
   8
  10
   8
   5
   7
   6
   6
   6
   4
   7
   9
  13
   4
   4
   5
   5
   4
   6
   6
   4
   6
   5
   7
   4
   8
   8
   8
   4
   5
   5
   9
   4
   9
   6
   8
   6
   5
   7
   7
   5
   9
  12
   6
  11
   6
  12
   5
   5
   5
   4
   6
   7
   6
   5
   5
   5
   6
   6
   4
   9
   7
   7
   6
   7
   6
   8
   4
   7
   6
   6
   6
   7
   5
   4
   6
   5
   7
   6
   5
   8
   4
   7
   4
   4
   4
   6
   8
   6
   7
   6
   8
   5
   7
   6
   4
   8
   6
   8
  13
  10
   4
   6
   4
   5
   4
   5
   6
   5
   5
   6
  11
   4
   9
   6
   5
  13
   4
   5
  10
   9
   6
   5
   5
   8
   7
   6
   8
   5
   4
   6
   8
   7
   7
