   6
   6
   4
   6
   6
   5
   4
   7
   4
   7
   4
  11
   7
   4
   6
   5
   5
   4
   5
   7
   6
   4
   4
  10
   8
   5
   4
   5
   8
   6
   8
   6
   4
   5
   5
   6
   8
  11
  10
   7
   6
   8
   5
   8
   5
   6
  10
   8
   6
   6
   9
   5
   7
   6
   9
   7
   4
  11
   6
   7
   5
   6
  10
   9
   7
   5
   6
   8
   5
   6
   7
   6
   4
   6
   8
   4
   8
   7
   6
   7
   4
   6
   5
   6
  13
   4
   5
   4
   7
   5
   6
   6
   5
   5
   9
   6
   4
   5
   8
   5
   5
   5
   4
   9
   8
   6
   6
   5
   5
  13
   8
   5
   4
   8
   4
   4
   5
   5
   5
   5
   9
   8
   5
   9
   4
   4
   7
   4
  10
   6
   5
   4
   6
   6
   7
   5
   5
  13
   5
   4
   6
   6
   7
   5
   5
   5
   6
   4
   4
   8
   6
   6
   5
   8
   4
   4
   5
   7
   8
   7
   7
   6
   7
   9
   6
   6
   5
   5
   5
   6
   5
  11
   8
   5
   8
   6
   4
   7
   4
   6
   6
   7
   5
   7
   6
   7
   4
   4
   5
   4
   6
   5
   5
   5
   7
   7
   5
   8
  10
   4
   5
   4
   5
   6
   7
   8
   5
   5
   6
   6
  11
   9
   5
   6
   8
   4
   7
   4
   7
   5
   4
   5
   5
   8
   6
   4
   8
   6
   5
   5
   8
   5
   5
   4
   4
   5
   6
   7
   6
   5
   4
   8
   4
   6
  13
   9
   7
   9
   4
   7
  12
   5
   4
   6
   5
   7
   8
   5
  15
   8
   6
   5
   6
   8
   8
   7
   7
   6
   6
   5
  10
   8
   4
   5
   7
   4
   5
   7
   4
   6
   8
  11
   4
   7
   4
   4
   9
   4
   8
   6
   8
  10
   5
   6
   5
  10
   8
   7
   5
   9
   7
   7
   8
   4
   8
   8
   7
   6
   7
   6
   5
   5
  11
   6
   7
  10
   7
   6
   7
   7
   6
   7
   5
   5
   4
   4
   5
   4
   4
  11
   7
  10
   4
   5
   6
   5
   5
   5
   4
   5
  10
   7
   4
  12
   5
   4
   7
   7
   4
   8
   8
   6
   9
   7
   8
  11
   6
   8
   7
   9
   7
   4
   6
   5
   9
   6
   6
   7
   6
   6
   7
  13
   4
   4
   7
   8
   6
   7
   5
   4
   7
   8
   5
   4
   8
   6
   5
   4
   5
   7
   7
  10
