   6
   4
   5
   4
   5
   4
   6
   5
   4
  12
   4
   7
   4
   4
   5
   5
   7
   4
   4
   9
   7
   4
   4
   9
   5
   4
   4
   7
  11
   6
   6
   5
   5
   5
  11
   5
   5
   5
  11
   7
   4
   8
   7
   8
   4
   4
   4
   5
   9
   4
   9
   5
   6
   5
   5
   5
   7
   6
   8
   5
   4
   5
   9
   7
   8
   7
   4
   6
   6
   6
   5
   5
   6
   5
   6
   6
   9
   7
   6
   9
   5
   4
   5
   5
  11
   6
   8
   7
   5
   5
   4
   4
   6
   9
   6
   7
   5
   8
   8
   9
   5
   6
   8
   5
   5
   6
   4
   7
   9
   8
   9
   5
  12
   5
   5
   4
   6
   5
   5
   5
   4
   7
   6
   8
   4
   5
  10
   4
  11
   4
   5
   9
   8
   5
   4
   5
   5
   7
   9
   4
   4
   7
   6
   5
   6
   4
   5
   6
   4
  11
   8
   5
   7
   8
  14
   4
   6
   6
  10
   4
   7
   8
   7
   7
   4
   5
   5
   6
   4
  10
   4
   5
   9
   6
  11
   5
   5
   4
   4
   6
   8
   4
   4
   5
   5
   6
   6
   4
   8
   6
   8
   6
   4
   7
   6
   5
   6
   6
   8
   5
  10
   4
   4
  13
   6
   5
   5
   4
   8
   5
   4
   7
   7
   7
   8
   5
   5
   4
   9
   4
   4
   7
   6
   4
   5
   5
   8
   6
   6
   7
   4
   5
   5
   4
   4
   4
   7
   4
   7
   6
   4
   7
   6
   6
  16
   9
   4
   4
   5
  10
  14
   4
   6
   8
   5
   4
   4
   6
   7
   7
  11
  12
   4
  11
   4
   8
   4
   8
   5
   6
  10
   9
   4
   5
   5
   4
   9
   4
   4
   4
   4
   6
   4
   5
   6
   6
  10
   5
   8
   6
   4
   8
   5
  10
   7
   9
   5
   6
   5
   5
   8
   7
  10
   5
   9
   6
   5
   4
   6
   6
   7
   5
   8
   4
   5
   5
   4
   4
  10
   4
  11
   5
   7
   8
   7
   4
   6
   5
   6
   8
   8
   5
   4
   6
   4
   6
   5
   5
   6
   4
  10
   4
   8
   5
   5
   6
   6
   8
   5
   6
   4
   4
   5
   4
   7
   5
   8
   8
   4
   6
   6
   5
   6
   6
   8
   4
   4
   8
   7
   5
   6
  10
   4
   6
  14
   4
   5
   4
   4
   6
   5
   5
   7
   4
   7
   5
   5
   4
   9
   7
   6
   5
