   7
   7
   5
   5
   4
   6
   7
   5
   5
   7
   5
   4
   7
   5
   6
   5
   5
   6
   5
  10
   8
   4
   9
   4
   4
  11
   5
   7
   5
   6
   5
   8
   5
   7
   4
   9
   4
   9
   5
   9
   7
   9
   4
   8
   7
   5
   6
   9
   5
   4
   7
   5
   6
   5
   9
   6
   5
   4
   4
   4
   5
   6
   5
   8
   5
   6
   8
   6
   5
   5
   6
   4
   6
   9
   5
   6
   6
   4
   5
   4
   6
   8
   4
   7
   6
  13
   4
   6
   5
   5
   6
  10
   5
  10
   6
   6
   5
   4
   4
   8
   7
   5
   6
   4
   9
   5
   5
   6
   8
   5
   6
   4
   6
   5
   6
   6
   5
  10
   6
   4
  10
   6
   7
   8
   5
   7
   6
   7
   8
   7
   4
   7
  11
  11
   5
   5
   5
   9
   4
  10
   8
   4
   4
   4
   4
   5
   6
   4
   5
   7
   9
   7
   5
   5
   6
   5
   7
   8
   4
   8
   7
   7
   6
   5
   4
   5
   4
  12
   9
   4
   5
   5
   5
   5
  10
   4
   9
   7
   6
   4
   9
   8
   4
   4
   5
   8
   4
   4
   6
   4
   9
   5
   6
   4
   9
   4
   8
   8
   5
   6
   7
   4
   5
   4
   9
   6
   8
   4
   4
   8
   4
   4
   8
   5
   5
   6
   8
   5
   8
   7
   5
   8
   5
   4
   6
   7
   5
   5
   6
   6
   7
   5
   7
   4
   4
   7
   5
   7
   6
   5
   4
   5
   6
   5
   4
   4
   6
   7
   6
   5
   6
   6
   5
   8
   7
   5
   4
   4
   4
   8
   5
  15
   5
   5
   4
   6
   6
   4
   5
   5
   7
   5
   4
   5
  12
  10
   4
   8
   8
   6
   5
   5
   7
   4
   4
   4
   5
  12
   4
   6
   7
  11
   4
   5
   7
   9
   7
   7
   4
   5
   5
   4
   4
   6
   7
   6
   5
   4
   6
   4
   6
   8
   5
   4
   7
   5
   7
   8
   5
  11
  10
   8
   4
   4
   5
   5
   8
   9
   9
   8
  10
   5
   5
   6
   7
   5
   6
   6
  11
   4
  10
   5
   4
   4
   6
   4
   7
   6
   5
   6
   4
   4
   5
  14
   8
   5
   4
   7
   4
  10
   5
   7
   5
   5
   5
   6
  10
  11
   9
   4
   5
   8
   6
   4
   5
   4
   4
   8
  10
   4
   9
   4
  10
   9
   6
   5
   8
   4
   7
   7
   5
   7
