   6
   5
   5
   9
   6
   4
   4
   5
   5
   9
   4
  10
   6
   4
   8
   7
   5
   4
   4
  13
   7
   4
   5
   8
   6
   5
   5
   8
  11
   5
   7
   7
   5
   5
   4
   5
   6
   4
   7
   5
   4
  12
   6
   6
   4
   8
   8
   7
   7
   7
   7
   6
   8
   6
   7
   5
   5
   5
   7
   4
   4
   4
   5
  10
   7
   4
   4
   4
   5
   6
   6
   8
   4
   6
   6
   6
   8
   5
   5
  10
   4
   5
   4
   5
  14
   5
   7
   4
   5
   8
   4
   6
   5
   5
   6
   4
   6
   4
   6
   8
   7
   7
   7
   7
   5
   5
   5
   7
   8
  15
   8
   8
   6
   7
   6
   4
   4
   4
   5
   5
   4
   7
   4
   8
   4
   4
  10
   4
  11
   4
   4
   4
   4
   5
   6
   4
   6
  10
   7
   5
   7
   5
   6
   5
   4
   6
   5
   6
   5
   6
   6
   4
   5
   6
   5
   5
   7
   6
   8
   5
   7
   9
   8
   8
   4
   4
   5
   6
   4
   7
   4
   5
   8
   4
   8
   6
   4
   4
   5
   6
   6
   6
   7
   7
   8
   6
   5
   4
   8
   6
   9
   5
   4
   5
   5
   5
   5
  10
   5
   4
   6
   4
   7
   7
   5
   5
   5
   5
   4
  15
   9
   6
   6
   5
   7
   5
   5
   4
   6
   4
   6
   6
   7
   6
   4
   4
   7
   5
   4
   7
   7
   4
   5
   4
   5
   4
   7
   6
   5
   5
   4
   5
   5
   5
  13
   5
   7
   5
   4
   9
   9
   5
   5
   8
   5
   6
   8
   5
   9
   7
  10
   7
   5
  12
   4
   8
   5
   8
   4
   7
   7
   8
   4
   4
   5
   5
   5
   4
   5
   7
   7
   6
   4
   7
   6
   4
   6
   4
   8
   6
   6
   9
   6
   4
   5
   5
   7
   5
   6
   5
   5
  11
  10
   4
   9
  10
   5
   5
  12
   5
   5
   5
  10
   4
  10
   7
   8
   4
   8
   5
   8
   4
   4
   6
   4
   4
   6
   6
   8
   9
   7
   6
   4
   4
   5
   7
   8
   7
   5
   6
   6
   4
   7
   9
   5
   6
   6
   6
   6
   8
   7
   7
   8
   4
   9
   8
   6
   7
   4
   8
   6
   5
   6
   5
   6
   4
   5
   7
  10
   7
   4
  13
   4
   4
   6
   4
   7
   6
   6
   5
   5
   4
   8
   4
   6
   5
   5
   4
   5
   8
   4
   8
