   9
   5
   5
   5
   7
   5
   4
   5
   4
   8
   4
   8
   4
   4
   7
   9
   4
   6
   5
  11
   6
   5
   4
   9
   9
   4
   5
   4
  11
   6
   6
   7
   4
   7
   5
   8
   8
   9
  11
   7
   4
   8
   4
   8
   5
   6
   9
   7
   8
   4
   9
   6
   8
   7
   7
   7
   4
  14
   6
   5
   4
   6
   9
   9
   6
   5
   5
   7
   6
   5
   6
  10
   4
   5
   5
   4
   8
   7
   6
   7
   5
   7
   4
   4
  10
   4
   5
   4
   6
   5
   5
   7
   6
   4
   7
   6
   6
   4
   7
   6
   6
   6
   5
   8
   6
   6
   6
   8
   5
  12
   7
   7
   6
   9
   4
   4
   8
   6
   4
   4
   9
   5
   5
   9
   4
   5
   6
   4
   9
   6
   6
   4
   4
   5
   7
   5
   5
  12
   8
   4
   6
   5
   5
   4
   4
   7
   5
   4
   4
  11
   6
   5
   6
   8
   4
   4
   5
   7
   8
   6
   6
   5
   9
   9
   4
   6
   5
   5
   5
   6
   6
   7
  10
   5
   7
   6
   5
   6
   4
   7
   7
   6
   5
   7
   8
   7
   5
   4
   6
   6
   6
   5
   5
   6
   7
   6
   5
   7
  10
   4
   4
   5
   8
   9
   6
   5
   4
   5
   5
   9
   8
   7
   4
   8
   6
   4
   7
   4
   7
   4
   5
   5
   5
   7
   7
   4
   7
   5
   5
   5
   8
   4
   6
   4
   4
   5
   8
   7
   7
   5
   4
   6
   4
   6
  12
   6
   6
   9
   4
   6
   7
   5
   6
   5
   4
   5
   9
   5
  13
   6
   8
   7
   6
   9
   5
   7
   6
   8
   5
   7
   8
   5
   5
   5
   7
   5
   6
   7
   4
   6
   7
   8
   4
   6
   6
   5
   9
   4
   9
   7
   6
   7
   4
   6
   7
   9
   7
   7
   7
   6
   5
   9
   9
   4
   7
   6
   7
   6
  10
   6
   5
   5
   8
   5
   7
   4
   8
   5
   9
   6
   5
   5
   4
   7
   5
   5
   5
   4
   5
   9
   7
  10
   5
   5
   6
   6
   5
   5
   4
   4
   8
   5
   4
  11
   5
   4
  10
   6
   5
   7
   8
   7
   9
   4
   8
   9
   7
   9
   5
   7
   5
   4
   5
   7
   7
   5
   5
   8
   5
   7
   9
  13
   4
   5
   8
   6
   6
   6
   7
   4
   7
   8
   4
   4
   8
   7
   6
   4
   7
   7
   6
   9
