   5
   4
   4
   6
   4
   4
   7
   5
   4
   4
   7
   5
   7
   6
   6
   4
   9
   4
   7
   5
   5
   5
   4
   4
   6
   8
   8
   9
   5
   5
   8
   5
   4
   7
   4
   7
   5
   7
   7
   5
   5
   5
   5
   7
   4
   4
   4
  11
   8
   6
   8
  10
   6
   5
   6
   4
   5
   7
   7
  15
   7
   4
   4
   9
   6
   4
   7
   7
   5
   6
   5
   6
   5
   5
   4
   5
   6
   6
  10
   7
   5
  10
   4
   5
   7
   4
   7
   4
   8
   6
   8
   5
   6
   4
   5
   6
   8
   6
   6
   7
   4
   6
   6
   8
   5
   5
   4
   4
   9
   9
   5
   5
  11
   9
   4
   6
   4
   4
   4
   4
   7
   5
   5
   5
   4
   5
   5
   4
   7
   7
   4
   4
   5
   6
   7
   5
   5
   8
   4
   6
   8
   6
   5
   7
   5
   6
   6
   8
   6
   7
   5
   5
   4
   5
   5
   4
   6
   6
   6
   7
  12
   9
   7
   7
   8
   4
   5
   4
   7
   6
   5
   7
   4
   5
   6
   7
   6
   4
   7
   8
   9
   5
   5
   7
   6
   4
   6
   7
   5
   5
   5
   4
   6
   8
   5
   5
   4
   6
   4
   5
   8
   5
   7
   7
   5
   4
   8
   5
   7
   7
   5
   5
  13
  11
   6
   4
   8
   6
   8
   5
   9
   8
   6
  15
   6
   6
   4
   6
   4
   4
   7
   6
   7
   4
   4
   8
   6
   8
   7
   5
   5
   6
   4
   7
   5
   9
   5
   8
   8
   5
   5
   7
   7
   5
   5
   6
   9
   8
   6
   6
   6
   8
   8
  12
  10
   5
   6
   5
   4
   6
   5
   7
   8
   5
   7
   4
   8
   8
   6
   6
   7
   4
   7
   7
   5
   7
   5
   4
   5
   7
   8
   5
   6
   5
   4
   4
  11
   5
  10
   6
   5
   6
   4
   8
   6
   4
   6
   4
   4
   9
   8
   4
   4
   9
   4
   6
  11
   4
   5
   4
   7
   4
   4
   7
   5
   7
   4
   4
   6
  11
   7
   7
   7
   5
   8
   7
   6
   5
   4
   4
   5
   4
   4
   8
   6
   6
   5
   7
  10
   4
   8
   7
   7
   7
   6
   6
   5
   7
   7
   4
   7
   8
   4
   5
   5
   7
   5
   5
   8
   6
   6
   4
   5
   5
   7
   7
   5
   7
   7
   7
   6
   4
   4
   6
   5
   6
  10
   4
   5
   5
   9
   9
