   4
   4
   5
   5
   5
   5
   8
   8
   5
   5
   8
   4
   7
   6
   7
   4
   7
   4
   6
   6
   4
   5
   6
   6
   8
   7
   7
   7
   5
   6
   9
   6
   4
   7
   4
   5
   6
   7
   7
   6
   6
   5
   7
   5
   4
   5
   7
   9
   7
  10
   8
   7
  10
   5
   4
   4
   4
   7
   5
  16
   6
   4
   4
   8
   5
   4
   6
   8
   7
   6
   8
   4
   6
   4
   4
   7
   5
   5
   7
   7
   4
   9
   6
   5
  10
   5
   5
   5
   7
   6
   4
   6
   6
   6
   5
   4
   8
  11
   6
   8
   4
   4
  10
   8
   5
   4
   4
   4
   8
   9
   7
   5
  11
   7
   5
   6
   5
   4
   4
   5
   6
   5
   6
   5
   6
   4
   6
   4
   9
   6
   4
   4
   4
   6
   9
   4
   5
   6
   4
   8
   7
   5
   5
   8
   5
   8
   4
   7
   5
   9
   4
   5
   5
   5
   5
   5
   6
   6
   7
   6
  12
   6
   7
   8
   8
   4
   5
   4
  10
   7
   5
   5
   5
   6
   4
   8
   6
   5
   6
   9
   6
   5
   4
   6
   4
   5
   6
   7
   5
   4
   4
   4
   5
   5
   5
   7
   4
   7
   4
   7
   8
   5
  11
   9
   5
   6
   8
   4
   6
   5
   7
   5
   9
  12
   8
   4
   7
   6
  12
   4
   8
   5
   5
  15
   7
   7
   4
   5
   4
   4
   7
   6
   8
   4
   5
   7
   4
   7
   7
   4
   5
   5
   4
   8
   7
   9
   6
   8
   6
   4
   6
   9
   7
   5
   5
   5
   9
   5
   6
   7
   7
   8
   6
   9
   8
   6
   4
   5
   4
   9
   4
   6
   9
   6
   5
   4
   7
   7
   7
   5
   7
   4
   4
   6
   4
   7
   6
   4
   4
   9
   5
   7
   8
   5
   4
   4
  10
   7
   8
   6
   7
   6
   4
   5
   7
   4
   4
   4
   5
   8
   6
   4
   4
   9
   7
   8
   9
   4
   5
   5
   6
   5
   4
   7
   5
   5
   4
   4
   7
  14
   7
   8
  10
   5
   9
   7
   5
   6
   4
   4
   5
   5
   4
   7
   9
   7
   6
   5
   7
   5
   5
   5
   8
   6
   5
   9
   5
   6
   8
   4
  11
   7
   4
   7
   5
   7
   4
   4
   9
   8
   5
   4
   8
   5
   4
  10
   5
   7
   9
   6
   5
   4
   4
   5
   5
   6
   9
   5
   6
   4
   6
   9
