   7
   7
   6
   6
   4
   5
   5
   4
   5
   5
   4
   8
   9
   7
   6
   7
   6
   4
   7
   6
   4
   6
   4
   6
   7
   5
   5
   6
   5
   6
   4
   4
   4
   6
   9
   8
   5
   7
   4
   5
   6
   5
   5
   8
   4
   4
   4
  10
   5
   5
   4
   4
   6
   5
   8
   5
   5
   6
   4
   6
   5
   5
   5
   4
   6
   6
   5
   5
   4
   8
   5
   4
   6
   4
   5
   8
   4
   7
   6
  11
   5
   4
   8
   4
   6
   9
   4
   7
   4
  10
   8
   4
   7
   7
   4
   6
   4
   9
   5
   7
   5
   6
   4
   4
   7
   6
   5
   6
  10
   7
  11
   5
   8
   4
   7
   4
  11
   4
   4
   6
   6
   4
   7
  10
   4
   4
   8
   8
   9
   5
   4
   6
   8
   4
   6
   7
   6
   6
   4
   6
   8
   8
   5
   5
  10
   7
   4
   4
   5
   7
   4
   5
   4
  11
   7
   5
   6
   6
   7
   5
   9
   7
   9
   7
   4
   5
   4
  10
   7
   7
   4
   6
  10
   7
   8
   5
   5
   5
  10
   6
   4
   4
   6
   4
   6
   6
   8
   6
   6
   8
   5
   6
   5
   6
   4
   5
   4
   6
   7
   7
   5
   4
   7
   8
   5
   6
   6
   5
   7
   5
   7
   7
  11
  12
   5
   4
   4
   7
   7
   5
   6
   7
   6
   8
   7
   6
   7
   9
   5
   8
   6
   7
   5
   9
   5
   5
   9
   7
   7
   5
   4
   6
   4
   4
   6
   6
   4
   5
   7
   5
   9
   5
   9
   5
   6
   6
   7
   7
   9
   6
   4
   8
   8
   5
   6
   4
   5
   5
   5
   9
   7
   8
   7
   5
   7
   4
   4
   6
   4
   7
   4
   6
   7
   6
   6
   7
   6
   7
   5
   8
   4
  10
   5
   7
   4
   7
   5
   5
   4
  13
  10
   5
   5
   6
  16
   4
   5
   4
   5
   7
   8
   5
   6
   6
   4
   5
  15
   4
   8
   4
   6
   5
   8
   6
   5
   5
   6
   9
   7
   8
   7
   5
  11
   5
  11
   4
   4
   6
  10
   4
   8
   6
   4
   5
   7
   7
   7
   6
   8
   7
   6
   8
   5
   4
   4
   6
  10
  17
   6
   4
   8
   7
   4
   4
   4
   5
   4
   4
   6
   9
   6
   4
   5
   4
  14
   6
   8
  12
   4
   5
   5
   6
   8
   7
   4
   5
   4
   4
   4
   8
   5
  10
