   5
   7
  10
   6
   6
   6
   4
   4
   4
   6
   4
   4
  17
   7
   6
   5
   4
   4
   9
   9
   7
   6
   6
   7
   9
   6
   7
   7
  10
   5
   6
   5
   6
   5
   5
   5
   8
   6
  14
   4
   6
   4
   7
   7
   4
   5
   4
   4
   8
   8
   7
   5
   6
  11
   4
   6
   7
  10
   6
  14
   4
   7
   9
   5
   6
   8
   5
   5
   5
   4
   7
   5
   5
   4
   5
   4
  14
   5
   6
   6
   6
   6
   4
   7
   8
   5
   6
   5
   4
   4
   4
   5
   6
  10
   5
   6
   6
   4
   5
   8
  10
   7
   4
   9
   6
   6
   5
   4
   5
   7
   4
   5
   9
   7
   4
   5
   6
   9
   4
   6
   7
  11
   5
  11
   7
   4
   7
   6
   6
   5
   4
   6
   5
   5
   6
   6
   6
   5
   6
   6
   5
   4
   7
   5
   6
   5
   4
   6
   6
   7
   6
   5
   9
   7
   4
   5
   5
   4
   4
  11
   4
   4
   9
   5
   4
   7
   4
   6
   5
   4
   9
   6
  10
   5
   5
   8
   7
   5
   4
   4
   8
   4
   8
   7
   6
   5
   4
   5
   6
   4
  10
   8
   5
   5
   7
   6
   5
   9
   6
   7
   5
   5
   5
   5
   7
   4
   4
   4
   5
   7
   6
  12
   5
   7
   5
   4
   6
   8
   5
  11
   7
   4
   8
  11
   4
   6
   9
   5
   8
   8
   5
   8
   4
   4
   7
   4
   4
   8
   4
   4
   4
   4
   4
   4
  10
   4
   4
   7
   9
   7
   8
   6
   4
   7
   5
   4
   4
   4
   6
   6
   5
   5
   5
   6
   4
   8
   8
   4
   4
   4
   8
   6
   4
   5
   8
   6
   4
  10
   4
   7
   5
  11
   5
   7
   9
   6
   7
   4
   7
   4
   5
   8
   4
   6
   8
   7
   8
   6
   5
   7
   7
   5
   5
   4
   4
   5
   5
   4
   7
   6
   5
   5
   7
   8
   5
   7
   7
   4
   8
   8
   4
   9
   5
   4
   5
   6
   4
   7
   5
   7
   5
  10
   5
   5
  10
   8
   6
   4
   4
   8
   7
   5
   5
   8
   5
   9
  12
   6
   8
   5
   8
   7
   4
   6
   4
   4
   5
   6
   4
   8
   4
   4
   6
   8
   8
   5
   4
   7
   4
   6
   4
   5
   4
   4
   7
   5
   7
   4
   5
   4
   6
   6
   6
   5
   8
   5
   9
   6
   4
   5
   5
  10
