 245 172 157 353  90 116 186 246 321
 273 183 213 172 186
 332 229 208 216 242
 171 374 281 156 214
 230 198 337  53 180 338 373
 236 375 231 168 383
 275 358 226 224
 283 159 228 346  97
 343 270 109  71
 198 260 230 374 136 180 243 325
 352 197  24 104
 355 197  24  46  17  58 140 194
 347 346  94 159
 135 356  51 298
  76  64 384 145 173 327 376
 279 371  19 340  51 129 135 158 356
 214 391 369 370
 267  11  64 105  65 303
 175  20 204 385 115
  69 340 302 370  15  54 158 185 342 349 371
 204 222 216 175  18 385
 237 306 331 162  89
 343 355  24 351
 371 286  54 314  49 122 130 278 298
 104 137 171  11  10  22 191 303 343
 229 152  77 190
 330 310 179 111  81
 151  46 103 233
 296  30 244 297  70  79 126 169 190 253 344
  48 163 250 294 160 189
  28 250 255 244 160 296
 109 388 194 343 131 270 273
 210 128 107 354
 236  41 150  43  88 154 362
 311 129 156 349 240
 390 291 110 117 118 207 241 339
 329 137 343 283  93 165 202 248
  84  63 265 263  39  41 168 221 361
 123 308  62 315 280 289 294 300 316 318 319
  52  37  41  63 112 179 220
  44  54 281 198
  84 128  37 107  33  39  52 324
 238 218  76 267
 150  84 138 210  33  60 236 362
  40 334 281 374 372
 359  53 357 203  72 217
 283 209 197 343  11  27  58 348 355
 198 134 205 312 206 325 338
 163 244 309 149  29 132 193 255
 122 116  23  75
 329 301 288 260 202 223 266 267 345
 298 259 371  15  13 135
  39  41 128 324 111 112 139 179
 217 323  45 313   4  72 311
 371  23  19 185  40 278 349
 364 162 261 159 142 235 372
 254  96 181 201
 258 121 203 196  71  91 103 170 233 256 277 290 357 359
  11  46 380 109 200 341
 151 199 380 381  87
 167 138  43 362
 227 307 367 359 124 272
 308 123  38 280 163 174 200 239 291
 263 152 265  37  39 112 147 324 354
  14 312 348 384  17  80
 333 105 380  17 192
 251 390 110 134 339
 288 105 238 267  83 218 384
 143 137 347 391 114 131
  19 370 266 302  75
 244 297  28 344 101 253
 261 331 357  57   8  94 106 233 264 277
  45 357 134  53
  99 113 380 304 232
 170 203 228 140 282
 185 370  49  69
  14 288 105 145  42  83 202 327
  78 320 113 380  25  92 192
  77 320 113 160  92 192
 101 190 152  28 326 344 368
 305  64 352 202  92
 350 166  26 231 127 201 268
 230 323 281 328
 145  76 153  67
 263  41 354 107  37  43 128 150 265 324
  88 207 375 236
 126 184 212 386 379
 381 376  59 366
 252 236  33 367  85 375
 306 274  21 293 115
 116 122 161   0 164
 258 256 290  57 237 287 313
  80  77  78 178 192 358
 159 137 346  36
  12 237  71 357 131 287 328
 157 104 171 295 146 271
 181 330 262 377  56 201
 162 258   7 121
 378 149 244 184 215 252 284
 113  73 117 366 178 333
 316 108 309 123 132 193
 344  79  70 190 152 326
 374 302 223 370 155
 109 121  57 170  27 151 195 285
 171  24 137 329  10  95
 384 288  67  76  17  65
 256 177 331  71 187 292
  84 263 169 138  32  41 150 379
 174 382 100 304 188
 103 195  31 162   8  58 194 225 285 341 343 388
 390 113 170 119  35  66 241
 179 128  52 330  26 310 361
  39  52  63 265 139 201
  99 249  73 110  77  78 117 178 333
 391  68 347 328
 175  18 385  89
  90 122 335   0  49 161 224 240
 251  99 365 113  35 232
 366 249 378  35
 110 232 312 239
 274 331 237 293 133 177 219 264 306
 196  57 258 103  97
  90  49 116  23 161
  38  62 308 315 100 141 174 289 300
 359 367  61 307
 257 241 184 269 207
 184 297  86  28 169 210
 220 135  81 350
  84  41 354  52  32 111 310 330 361
 158  15 243 356  34 135
 389 185  23 279 240 317
 343  94  68  31
 174  48 304 100
 120 364 306 274 272
 205 203 357 228  47  66  72
  51 129  15  13 127
 158   9 180 266 336
 329 301 171  24  36  68  93 104 172 270 295 347
 210 263  43 107  60 167 252 368
  52 221 262 112
 209 162 346  11  74 188
 289 294 123 381 189
 151  55 209 352 235
  68 301 286 370
 270 273 153 172
 327  76 376  14  83 173 226
 267 238  95 218 275
 368 263  63 354
 364 316 318 307
 244 309 291 163  48  98 215 257 269 284 378
  43 210  84 107  33 236
  59  27 103 142 233
  79 296 190 101  25  63
 172 270 157 165  83 144 176 246
 386 252 326  33
 234 102 302 374
 369 391   3 214  34
 172  95 353 270   0 153 321
  19  15 340 279 129 136 317 356
 346 237  12  93   7  55
 189  29 199  30  78 208
  90 218 122 116 224
 261 346 140 258  21  55  97 109 388
  48 255 250  62  29 149 244 291 299
 298 259 349  90
 202  36 329 288 153 373
 350 262 268  81 377
 272 252  60 138 220
 221  37 265 354   5
 296 253  28 126 107 379
  74 103 203  57 110 227
 104 137  24   3  95 295 301
 270 153 137 295   0   1 144 157 182 183
  14 376 232 145 336
 108 304  62 123 132 341 382
 204  18  20 385 115 222
 246 245 186 153 226
 106 120 274 331 187 293
 333  99 113  92
 111 310  52  39  26 220 361
 198   9 243   4 136 338 373
  96 262 330 377  56 254
 314 183 172 276 335
 172 295 276   1 182 273 335
 269 126  86 250  98 125 212 386
  54  19 302  75 130 298 356
   1   0 245 213 176
 106 177 293 331
 382 140 304 108 271 292
 381 160 141  29 199 208
  79 101  28 152  25 284
 346 295  24 388 387
  92  65  78  77 242
  48 100 280 284 208 372
 285  31 109  11 213 320 380
 109 103 355 346 305 351
 121  57 258 290 292
 209 352  46 283  10  11 345
 230   9   4 281  40  47 180 243 337 338
  59 381 160 189
 239  62 381  58
 112  96 330  81  56
 165  36  76  50  80 248 345 376
 357 228 256  57  45  74 134 170 282
  20 222 175 385  18 216
 134 209 282 256  47
 325 312  47 363
 241 390 125  35  85
 229 160 193 189   2
 197  46 140 352 142 205 283 290 365
 368 150 138 126  32  43 212 375
 280 359 258 364 227 235 367
  86 184 210 378
   1 245 320 194 186 248 273 353
 369 391   3 156  16 243
 149 294 318  98
  20 222 385 204   2 229 332
  53 311  45 323
  42 267 238  67 146 161 224
 235 318 120 319
 167 350 179  39 127
 354 168 265  37 139
  20 204 216 175 332
 260 266 329  50 102 342 391
 161 218 116 246   6 275 322
 277 341 388 109
 271 246 176 145   6 275 358
 359 367 211 170  61
 357 203   7  74 134
 208   2 216  25 242
  82 281 328 198   4   9 323 337
  81   5 268 350
 251 119  73 117 173 333
  27 151  71  57
 155 334 238 302
 211 142 258  55 219
  33  88 150  43   5  85 362 375
 159  91  94 346  21 120 274
  67  42 288 267 146 218 234
 386 200  62 299 119
 130  34 321 116
 110 390 300  35 125 207
 229 192   2 332
   9 214 198 340 129 180
 149  48 250 163  28  30  70  98 257 296 297 378
 246 353 213   0 176 186
 245   0 153 176 224 226
 286 301 276 314 259 321 335 387 389
 202 213 285  36
 113 309 255 269 118 366
 163 244 297  30  29 184 360
  66 232 365 117 339
  88 367  98 138 154 167
 297  70 296  28 169
 377  56 350 181
 163  48 304 249  30
 203  91  57 258 106 205 282 292 313
 269 244 149 291 125
  57  91 121 261  97 162 196 211 235 256 277 331 357
 389 371 247 286  51 164
 223 391 374  50   9 266 342 363
 162  71 331 258  55 277 364
 166 377  96 181 139 268
  84 368  63 107  37 138 147 265 324
  71 120 277 331 293
  84  63 263  37 112 168 221
 223 260  50 391  69 136
  67  50  17 238  42 146 218 303
 350 166 262  81 231
 309 184 360 149 125 249 257
 172 137 295  31   8 144 153 157
 188 351 305  95 226
 326 133  61 318 167
   1 213 183  31 144
 120 293 237 177  89 133 306
   6 226 224 146 358
 314 301 286 183 182 247
  57 258  71 261 225 264 319
 302  23 371  54
  15 158 389 340 130 317
 211  62  38 308 193 307 318
 328 230  82 374   3  40  44 198
 203 205 256  74
  46 197   7 209  36 348
 190 378 149  98 193 372
 194 341 109 103 248
 301 247 314  23 143 259 276 370 389
  94 290 343  91
  67 329 105  50  76 165 238 363 384
 141 294 123  38 300 360 381
  91  57 196 209 287 365
  62 163 149 308  35 257 299
 196 106 256 188
 274 120 177 264  89 187
 316 289 308  38  29 141 215
 137 270 171 346  95 172 183 191 351
  28  30 297 244 152 169 253
 244 250  70 126  28 253 296
 371  23 185 349  13  51 164
 291 386 378 163 239 366
  38 123 289 319 241
 137  50 329 171 143 247 276 286 314
  19 371 102 340  69 155 185 234 278
  24 267  17 355
 174 108 132 382  73 188 255
 355 352 351 195  80 271
  21 120 331 274  89 133 307
 364 306 280 148  61 124
  62 315  38 316 123 280 291 294 319 381
  48 149 100 269 249 360
 330 128 179 111  26
 217 323  53 313  34
  64 384 348 363  47 119 206 334
 256  91 323  53 311
 276 182 286 301  23 247 335
 308  38 123 316
 308 100  38 315 148 294 318 364
 158 356 279 130 322
 280 316 319  38 148 215 219 272 367
  38 277 308 318 219 300
  78  77 194 380 213
 247   0 157 335 240
 383 317 358 224
  82  53 313 230 217 311 337
  63  41  84 263  52
 206 363  47   9 336
 272 101  79 344 154
 145 376  14  76
 281 230  94  82 114
 137  50  36 288 104 165 223 301 348
 310 128 111  96  26 181 201
 261 120  71 258  21 106 177 187 264 306
   2 216 385 222 242
  65 113  99 232 178
 312 384 363  44 234 336
 183 247 182 314 116 321
 173 136 334 325 383
 323   4 230 198 373
  47 180 198   4
 390  66 251  35
  19 302 371  15 158 243 279 356
 109 174 285  58 225
  19 223 260 374
 355  46 109  24   8  22  31  36 131 287 388
 101  70  28  79 326
 197 202  50 352
 159 162  12 140   7  93 191 195 237 295
  12 137 369  68 114 387
 283  64 329  46 312
 371  54  19 369  34 164 298
 166  81 268 377 127 220 231 254
 355 388 195 295  22 271 305
 197  10 209 355  80 142 305 345 365
 157 245   0 213
 221  84 128  63  32 147 168 379
  11 343 351  46  22 195 303 305 352
 158 340 185  15  13 129 317
 203 228  57 258  45  71  72  94 134
 226   6  92 275 322
 211  45 367  57  61 124 227
 386 289 250 309 269
  37 111 128 179
 375  43  33 236  60
 384 260 288 312 206 325 334
 261 211  55 316 133 148 307
 209 290 352 251 117
 118 249  99 299  87
 359 211 227 318  61  88 124 252
 263  79 210 138 147
 156 391 214 347  16 349 387
 371  19 286 143  16  69  75 102 389
  23 370  19 302  15  51  54 259 278 298 340 349 389
 193 284  55  44
   4 337 180 165 383
 260 281 102   3   9  44 155 342
 362 236  88 210   5  85
 327 145  14 202  87 173
 262 350 166 181  96 254
  98 149 244 299 118 212 284
 354  86 107 169
  58 194 320  73  59  65  77
 189 141 289 308  59  87 199 200
 108 174 188 304
 322 336   5 373
 105 312 288  67  14  64 334 363
 204 175  20 216  18 115 332
 360 299 239 184  86 154
 347 369 247 191
  31 109 343 162 191 225 351
 371 370 286 247 130 259 279
  66 110  35 241 207 339
 260 369 214 223  16  68 114 156 266
