 172 262 267 370
 188 385 175 259  23 222
 391 147 102 378
 123 148 244 291 387
  44 390  51  62 163 373
 384 193  76 320  14 237
  90 370 153 312  23 216
 205 282 146  35  75  88 228 268 310 336
 105  31  34 152  36 324 335
 251  81 136 322 118 290 383
 383 118  81 322 134 252 279 313
 348 367 342 356 113 155
  38  51 358 286 189 334 369
 368 376 114 197  59 347
 158   5 193 320 170 326
  34  56  40 105 121 240 256
  69 157 185  25  49  54  89 125 274 323
  71 356 164 316 203 275 294 342
 385 229 259 199
 286 387 213 362  20 335
 262 335  19 116
  64  42 145 110  41
 277 148 365 115
 216   1   6 188 312
  80  85 212 209  83 207 278
 332  16  69 226  47
  66 195  46  33
 344  74 328  57 224
 249  86 250 307  29 103 181 247
  61 250 249  28  48
 291 169 101 331  91 269 359
 324   8 280  36  94 337
 324 372 231 242
  72 322 327 292  26  66 136
 105  15 121 256   8  51  56  62 240
  57 306 352 328   7  88 154 174
 334 267 346   8  31  94 345
 165 209 212 129  87 141
  12 187  51 358  94 334 345
 100  91  76 382
  55 315 239 242  15 231 236
 140 363 288  21
 270 110  64 145  21 140 279 288 317
  67 301 167 137 192 207 208 278 289
  51 390   4 187  62 111 281 373
 239 330 253 124  84
 292 350 270 110  26 210
 332 226 319  25 323
  29 181 318 249 236 241
  69 172  16 370 106
 223  64 271 270 284 363
  44 187  34  12   4  38 105 369 373 390
 297 351 255 126 266 366
 230 316 217 149 243
  69 262  16 370 125 183
 242 315 221  40  93 168 192 231 263
 217  15  34 256 280
 306  35 215 174  27  79 133 219 309 344 384
 302 186 131 143
  13 320 232 190
 206 161 331 159 210 361
 173  29 126 244 130
  34  44 121   4 240 281
 327 227  76 378  92 100 101 223 271 359 391
 145  42 270 110  21  50 350
 157 185  68 260 183 371
  26  97 195  33
 137 379  43 272 139 228 261 299 301
 185 120  65 260 150 166 183 274 388
  49  16  54  25 106 262 314 332
 161 309 328 296 198 245 376
 164  17 287 379 203 294
  33 327 223 322
 135  88 182 265 201
  27 306  84 328 130
 310 192   7 146 221
 100 378  63 227   5  39  91  92 237 273 381
  78 190 211 340  96 102 308
  77 190 211 232 102 308 340
 225 215 384  57 341
 268 198  24 336
   9 383 118 339  10 251 322
 146 333 282 162 263 315 354
 212 376 245  24 360
 253 180 306  45  74 130 367
 209 128 352 306  24 129 167 180 205 212 272 330 336
  28 173 244 174 181 250
 349 225 167  37 372 381
   7  35  73 135
 321 388 120  16 131 163 226
   6 370 153 172 246 312
  76 100  30 308  39 359
  63  76 112 271 142 237
  55 315 109 168 305 324 337
 345  36  38  31
 116 259 144 370 122 222 246
 340 194  77 102
  66 290 195 214
 307 304 196 354 103 132
 227 327 112 339 136 142
  76 378  63 271  39  91 148 223 284 308 382
 112 223  30  63 115 148 271
  78  77 391 308   2  96 229 340 343
 307  28  98 249 247 318
 380 119 253 124 213 239 338
  34   8  15  51 231 346
  49 170 220  69
 197 235 117 177 387
 304 180 354 253 132
 152 289 355 233  93 346
 270  42  64 271  21  46 188 317 359 382
 187 390 276  44
 101  99  92 296 142 254
 179 348 202  11 313
 161 248  13 368 266 366
 391 148  22 101 343
  95 144 259 220  20 389
 235 171 197 107 204 229
 292  81   9 322  10 134 251 361
 104 124 253 380 213 257 355
 274 321  68  89 125 371 388
  34 281  15  62
 259 194  95 298 303
   3 264 148 271 151 199
 330 239 104  45 119 137 149 316 379
 120  16  54 185 183
  52 297 351 244  61 173 254 266 269
 130 287 325 293
  85 330 209 180 176 230
 176 268 212  85  37 135 141 310
  74 375  84  61 127 243 326 356
 166 321  89 226  58
 304 108 318  98
 300 174 196  57 147
  10 279 118 251 252
 311 176 129 310  73  88 201
   9 251  33  99
  67 149 124 379  43 152 261 287
 236 304 231 318
  67 152 228 379 329
  41 288 317  42 363
 191 129  37 212
 339  99  92 112 179 254
 302 186 353 185  58
 199 116 259 298  95 220
  64 292  42 270  21 279 350
 333  82 282 330   7  75 162 315
 308 378 133 232   2 386
 100 101 291 232   3  22 115 123 229
 316 330 124 137  53 152 234 295
 353 183 260  68
 264 387 123 319
 109 149 139 137   8 234 261
 172 314  90 157   6
 205 328 352  35 265
 338 325 374  11
 309 328 255 174 182 265
 185 260 353  65  16 153 226 371
 355  14 178 277 238 357
 331 169 206 265  60 165
 225 200 193 224
 296  70 331 227  60 114
  82 333 146 354 278
   4  89 388 321
 287  71 362 171  17 203
 227  37 159 331 237 381
 131 321  68 260
 212 352 301  85  43  87 207 349
 221 192  55 242  93 280
  30 297 159 378 206 273
 220 238  14 329 106
 117 164 235 277
 314 153 370  90   0  49
  61  86 244 126 269
  57 309 156  35  86 133 181 300
 259   1 385 343 222
 129 128 135 311
 184 197 219 309 107
 355 277 360 158 233 238
 383 142 339 348 113 313
 253  84 128  85 108 367
  28 249 174  86  48 241 300
 198 375 156 255  73
  54  65 125  68 150
 177 232 197 384
 353 157  65 260  16  68 125 143 302
 302 143 353  58 258
  51  38  44 111 276 373 390
 270 110 382   1  23 385
 286 267  12 358
  77 296  78 232  59 211 340 391
 245 368 141 365 195
 221  75  43  55 168 207 289
 224 384 344   5  14 160 320 341
 267 122 377  96 275 303
 191 365  66  26  97
  98 300 133 307 386
 107 235 215 177  13 117 184
 248  80 212  70 182 375
 144 264 259 123  18
 235 344 219 160 204
 135  73 243 311
 283 214 218 348 113
  71 164  17 325 275
 235 117 200 208
 336   7 154  85 248 310
 331 159 169 297  60 210
 192  43  24 167
 204 211  43 225 278
  85 352 212 128  24  37 225 268 272
  60  46 206 237 290
  78  77 232 190 208
  85 167 209 129  24  37  83 141 198
 257 119 355 104  19 285 305
 218 377 202 283  97 294 303 357
  57 272 306 225  79 197 320 344 384
  23   6 246 259 258
  53  56 230 243
 283 347 214 277 202 264 357 365 377
 352 309  57 177 200
 170 144 370 116 106 389
 192 168  75  55 289 372
   1 175  95 385
 271 101  63 100  50  72 284
 193 344 384  27 160 320
  79 215 272 209  87 160 208 341
  25  89 131 157  47 332
 378  63 331  99  76 161 165 273 327
  67 272 310   7 139 261
 148 102 308 117  18
 128 336  53 333 217 243 311
  40 242  55 105  32 138
 190 211 296  78  59 147 148 184 291
 355 360 178 109 329 335
 295 374 149 152
 117 200 197 204 107 171 362 387
  40  48 293 243 138
   5  76 165  92 210 381
 355 178 285 158 170 305 389
  45 124 104 330  40 362 380
 256  34  15  62
 361  48 181 300 252
  55  40 315 168  32 231 280
  53 217 230 130 201 236
  86 126 173  61   3 269
 368 376  70 191  83 365
 370  95  90 216
 307 249 103  28 257
 198 336 114 205
  28 250 307 181  29  48 103 247 318
  28 249 253  86  29
   9 292  81 118 134 136
 134  10 361 241 258
 380 104  45  84 108 119 180 250 367
 112 351 126 142
  52 351 156 297 182 375
 240  34  56  15
 213 119 305 247
 186 252 216 363
 122 298 175  95   1  18 116 144 199 216
 157 185 353  65  68 150 166
 152 228 137  67 329
 370  54   0  69  20
 282  82  55 333 372
 123 199 151 218
 159 154 328 156  73
 366  52 114 126 313
 194 189  36   0 346
 129  80 209   7
 126 244 173  30
 110  42  64 382  46  50 145 188 317 350
 223 101  63 100  50  92 110 123 284
 215 209 225  85  67 228 301 354
  76 169 227 378
 120 371  68  16
 194  17 203 346
 111 323 373 187
 178 347 355 360  22 158 171 218
 208  24  43 162
  42 292 145  10 134
 168 242  56  31
 121 374  62  44
 146   7  82 333 263
 218 347 364 202 214 348
 223 271  50 100 361
 238 389 213 355
 189  12  19 374 358 369
 164 137 362 379  71 127 293
 140 317  42  41 363
 192 109  43 221
  97 375 210   9
  30 232 296 308   3 148
 145 118 322 339  33  46 251 279
 127 236 287 362
 356  17 214  71
 234 316 149 374
 190 161  70 331 112 232 291 364 376
  52 351 126 255 169 206
 259 144 370 122
 310  67 349 301
 133 196 174 181 241 386
 167  67 272  43 299 349
 186 143 353 185  58
 377 122 214 194
 108  98 318 132 138
 257 213  93 238 337
  57  35  85 328  74  84 215 309
  28 103 249  98 196 247
  78  77 291 100  91 102 147 229
 156 328 306  57  70 174 177 219 352
   7 129  75 205 135 228 299 349
 135 176 333 230 201
   6  90  23 317
 179 113  10 266
 172 153 370  69
  55  40  82 146  93 242
 149 124 380 330  17  53 295 338 374
  42 110 270 288 140 312
 304 132 103 249  48 138 386
 151  47 323 332
   5 193 215 224  14  59
  89 388 120 131 163 166
 292   9  81  33  10  72 118 383
 276 332  16  47 319
  31 337   8  93  32
 338 342 127 356 155 203
 357  14 130 348
  63  99 227  33  72
 309 306 156  35  27  70  74 154 265
 170 261 233 139
 124  85 128  45 146 149 239 316 333 336 379
 159 206 227 296  30  60 161 165
  25  47 226  69 319 323
 146  82 282 330 162 230 263 311
  36  38  12 371
 233 389   8  19  20
 205 330   7  85  80 230 248
 324  93 305  31
 380 325 316 104 155 342 374
 142  81  99 292 179
  77  78 190 102  96
  79 225 384 193
 325  17 338  11 348
 385 175 115 102
  27 384  57 215 193 200 224
 358  38  94  36
  36 267 109 105 275
 218 277 364  13 283 357
  11 283 179 342 113 202 326
  87 167 310 301 299 372
 145  64  46 270
 297  52 255 126 254
  85  35 209 309 154 167 219
 185 157 260 143 150 186 302
  82 272  98 162 108
 178 360 158 119 109 213 233 238 277 285
  17 294  11 130 325
 218 347 214 158 326
  12  38 189 286 345
 110  91  30  63
 178 355 277  83 233
 241 284  60 118 252
 164 235 287 239  19 293 387
  41 140 288  50 258
 368 376 347 296 283
 245 191  22 218 195
 375 266  52 114
  84 376 180 253  11
 376  13 245 364 114 191
 390  51 286  12
  90 172 262 298   0   6  49  54  95 220 246 314
 274 120 157  65 334
  87 221 349 263  32
  44 187  51   4 276
 234 295 316 338 155 281 286
 182 198 255 366 130 290
 368  70 296 245  13  83 364 367
 214 303 194 218
 227  76  63 169   2 100 147 273 391
  67 330 124 137  71 139 287
 253 104 316 239 119 338
 165  87 237  76
 270 110 100 188  39
  81  10   9 322 179
 344 193  57 215   5  79 184 224 341
 343   1  18 188 175 222
 318 196 147 300
 362   3 235 107  19 151
 321  89 120  68 163
 238 285 116 220 335
  44   4  51 187 111 369
 102 190  63 378   2 115
