 262 385 122 189 226
   6 317 110 259 188
  65 276 222 324 183 199 388
 313 151  14 232  19 238
  14 326 375  72
 257 126 376 338  17 181
 270 317 370 312   1 106 140
 330  75  85 124 282
 167 352 225 105 234
 251 322 383  99 112 142 292 326
 118 113 322 383
 376  29 126 342 266
 210 277 152  97  66 334 356
 130 376 158  74 248 294
   4 326 375  72   3 232 313 334
  34 239 219 104  27  35 197 203 331
  89 140 370 298
 356 376 375   5
 229 385  20 314  41
 329 233   3 286 131 238 303 343
 204  46 229 160  18 335
 145  42 144 298
 360 390 245 161 264
 131 260  49  58  89 140 252
 135  35  83 390  94
 389 116 319 123
 194 191 122 145
 104 239 164  15 171 203
  86 250 169 297 244 266 269 300 309
  61  74 130 297  11  48 266 269 342
 255 366 119  52
  37 192 311 209 135 289
 147 337  87 263
 141 267 189 308
  15 239 219 104  85 215 228 331
  24  15 197 135
 303 329 391 211 343
 209 109  31 272
 286 374 334 152 294 391
 229 199  59 276
 304 206 121  45  98 201 236 282
  69  54  18 216 166 284 314
 145  21 370 259 153 188 288
 141 193 308 265  56 340 372
 328  45 230  51 107
  44 206 328 330  40  51 107
  20 165 199  59 314
  64 118 339 322 151 170 387
 318 236 304  29 163
 220  64 313 270  23  58 260 302 312
 123 319 116 148
  44 248 287  45 127
 119 255 355 320  30
 336 198 182  74 128 205 281 376
 216  41 175 116 166 186
 219 256 146 311
 193  43 141 308
 159  79 272 344 103 180 200 307 320
  49 260 302 185  23 131 252 317
 324 165 221 199  39  46 229
 290  97 280  99
  29  74 130 182 266
 338 243 257 384 126
 100 101 202 368 285
 322  47 118 220  49  72 170 283 371
   2 222 199 183 150 388
 214 170  12 358  96 391
 212  77 261 301  78 111 176 310 379
 120 302 185 274
 363 385  41 262 226 314
  84 158 253 156 191 309
  77  78 119 379 117 275
 326  14 220  64   4 102 313
 204 381 335 160
 182 206  53 336  13  29  61 130
 228   7  85 282
 173 208 378 293
  78 379  67 212  71 111 114
  77 379  67  71 111 275
  57 159 162 315 180 224 352
 129 367 336 128  88 139 201
 113 136  99 118 386
 333 146 256 306
 390  24 161 355 114 178 295
 253  70 156 124 158 380
  34 228 219 239   7  75
  28 249 169 250 244 269 300
 168 242 349 263  32
 128 281  80 217
  16  23 131 298
 157 370 321 172 122
 308 305 193 373 323 359
 364 348 179 277 101 115 346
 168 225 242 231 105 133 167 196 221 263 315 341 354
 135  24 390 165
 382 353 258 125
  97 350  66 290
 290  60  99 292  12  96 350 365
 174  40 253 236 177
 112 290   9 136  60  81  97 207 251 280 357 386
  63 148 366 101 284
  92 271 364 115  63 100 342
 345 334 358  72 233
 307  57 344 159
 239  34 331  27  15 215 380
 225  93 240 167   8 184 208 235 237 265 296 360
   6 312 270 302
  44 287  45 230 201
 156 253 132 174
  37 161 209 355
 317 259 115 298   1
 301  78  77  67
  99 290   9 251 254 292 339 357
  81  10 118 136 279
 379  83 119  77
 332 346 283  92 101 110
  25 370 319  54  50 166 175 343
  71 164 187 379
 322  10 113 383  47  64  81 279 339
 255  52 306 307  30  71 114
 279 134 274 292  68 371
 124 330 156 282  40
 172 153 145  90   0  26
 223  50 319 271  25 148
 330 121 253 215   7  84 248
 246 258 353 388  95 359 382
 257   5  62 254  11
 158 325 171  51 148 347
 336  53  80 206  88 132
 152 217 374 336  80 139 278
  74  13 328 376  29  61 325
  23  19  58 260  89 303
 108 304 206 128
 315  93 231 242 273 337
 274 292 279 251 120
  24 311  35  31  94
  99 113  81 251
 149 316 212 154 261 355
 196 305 373 273
 278 129  80 336 294
 270  16  23   6
  43 340 193 308  33  56 267
 339 322 383   9 179 283 357 377
 321 186 216 188
 298  21 223 259
  42 153 172  21  26 122 288
  82 256 306 333  55 192 268 311
 337  32 341 381
 171 127 319 123  50 100
 316 137 209 352 154 212 227 261
 183 353  65 222
  47   3 332 313 271 387
 129 217 374  12  38 198
 172 145 122  42 157
 162 149 137 272 333
 367 238 375 230
 253 121  84 108  70 282 309
  90 370 259 153 321
  84  70  13 253 127 325 342 347
  57 162  79 344 103 200 272 307
 165 204 341 231  20  73 247 381
 272  83 355 360  22 109 390
 240 159  79 154 224 272
  48 269 318 169
 171 187  27 239 117 203
 160 204 341  59  46  94 381
  54 175 116  41
 105 225   8  93 184 263 299 349
  93 242 221 225  87 231 299 349 354 372
  86  28 250 249 163 244 269 351
 214 377  64  47  66 358 365
 164 187  27 127 148 211
 122 153 145  90
  76 362 293 378 264 323
 253 297 249 250  98 108 318 380
  54 116 166 202
 310 268 301  67
 219  98 215 253
 366  83 295 187 202 218 327
 348 142 339 283  92 332
  57 213  79 354 320
 384 257   5 338 241
 336 206  74  53  61 201 205 367
 222  65   2 150
 362 235 167 105 361
 302  58  68 317 252
 143 216  54 246
 164 295 197 171 117 178
 288  42 321   1 143
 245 195  33 237   0
 234 208 227 245 291
 194 294  70  26
 311  31 256 146 289
 265  43 305 141  56  91 308 373
  26 191 294 391 275
 245 267 360 237 189 299
 138  93 373 341 273
 187  35  15 239
 376  53 336 152 205
 229  59 363   2  39  46  65 262 385
 159 344  57 272
 182 107  40  80
 218 178  63 175 285
  27 164  15 211 275
 160 165 231 341  20  73 229 247 335 381
  53 198 336 182
 182  74 328 336  40  45 128 132
 280 290  99 210
 225  76 340 105 190
 352 316 149  37  31 109 272
  12 277 207 357
 171 325 203 215  36 343
  67 316 137 149  77 261 268 301
 378 360 180 362 320
 170 377 356 277  66 365 369
 330 124  34 104 177 211
  54 321 186 143  41
 129 152 281 336  88 230 374
 347 202 366 178
  34 239  15 177  55  85 228
  64 313  72 377  49
 324 168  93 372  59 276 299
  65   2 183 388 150 258
 123 271 144 332 319
 265 235  79 162 291
 105  93 240 168   8 167 208 315 354
  69 264 288   0 359
 316 149 296 234 190
  85  75  34 219
 199 204 276  59  18  20  39 335
 374 217  44 232 107 155 233 287 328
  93 341 242 168 133 160 204 247 273 337
 375 384 243  14   3 230 287
 230 286 102  19 329
   8 352 190 227
 362 184 293 105 224 361
  48 304  98  40
 360 296 245 105 189 195
 155  19 364   3 389
  34  15 104 219  27  85 164 197 331
 162 315 225 105
 386 181 384 243
  93 168 231 263  87 133
 338 384 375  62 232 241
 169  86 351  28
 360 237 267 195  22 189 190
 125 353 363 258 186 359
 204 344 160 231
  51  13 330 124 294 368
  86 174 297 250 169 318 351
 297  28 174  86 169 249
   9  99 112 292 134 136 274 386
 302  23  58 185
 174  84 156 124  70  98 108 158 177 330
 339 112 357 383 126
 119  52 306 320  30 366
  82 146 333 192  55 310
   5 126 338 181  62 384 387
 388 125 222 308  95 246
 298 370 110 317   1  42 144 157
  58  49 371 345  23 131
  67 212 137 149 301
 363 385 199  69   0
 242 315  93 167  32  87 349
  22 173 226 327 284
 193 105 373  43 224
  61  29  11  28
 245 141 195 340  33
 212 146 306 176 289
  86  28  29 169 163
  49 317 312   6 106 140 298
 332 223 369 151 101 123
  57 159 209 162  37 154 161 200 390
 231 373 133 196 138
 134 292 290 251  68 120
  71 203 194  78
 324   2 341 221  39 229 323
  12 338 210 375  92 214 356 364
 139 336 374 129
 292 120 118 113 134 350
 207 290  60  99
 217 384  53 336  88
 121 156  40   7  75 300 309
 322 142 377  64 115 179 346 371
 264  41 361 100
 389  63 202 368
 287  38 233 358  19 329 369
 286 374 232 230  51 107 369
 188  42 145 226
 311  31 192 268
  99 112  97 292  60  96 207 274 280
 190 305 293 224
 112 251   9 290  97 120 134 274 279
 362 378  76 305 173 235 291
 139  38  13 248 191 194 391
 187  83 178 368
 237 355 360 105 227
 250 174  28 249  29 351
 259 270 144 317  16  21  89 110
 167 221 168 195
  28 309  86 282
  67 176 261 212 111 310
 185  58  68  49 106 252
 329 391 131  19  36 389
  40 318 132 236  48
 138 193 308 293  91 291 323
 333  82 316 146 119 255 268
 344 103 159  57 119
  91 141 305 193  33  43  56 258
 282  70 156  28 300
 176 301  67 256
 192  31 146 135  55 289
 270 350 371  49   6 106
 220  14 322  72   3  49 151
  46  69  18  41
 240  93 133 225  79 263
 149 209 355 137 212 227 306
 270 110 259  58   1   6 185 298
  48 304 174 249 163
  50 123  25 223 116 148
 180 355  57 213  52 255 327
 143  90 216 157 188
 118   9 142 383  10  47  64 283 313 377
  91 305 276 173 361
 221 372 276 341   2  59
 158 130 127 347 211
  14   4   9  72
 320 178 264 366
  44 206  45 230 130
  19 286 233 303  36
 124 121  45 253   7 215 248
 104  34 239  15 368
 271 115 151 179 223
  82 306 146 154 256
 358 102  12  14  38 345
 204  73 229  20
  53 182 217 374  74  80 128 129 139 198 205 206 278 281
 341 231 133 354  32 147
 243 375 384 257   5  62 181 277
 142 383 118 112  47 179 254 357
 141 208 267  43
 231 160  93 354 147 165 196 204 276 324 337
  11 101  29 158
 116 211  19  36
 159  57 307 200 103 247
 102 358 334 377 260
  92 364 283 115
 218 325 127 158
 364 179  92 356
  87 168 167 263
 365  97  96 279 312
 380 249 297 169 244
   8 209  79 149 234
 125 246 382  95 150
  93 341 225 168 180 337
 316 296 320 137  52  83 109 161
  17 375 277  12 214 348 364
 339 112 142  99 210 254
 334 345 170 102  66 286 391
 226  91 125 246
 237 245 213 105  22 161 195 296
 323 184 235 362 284
 235 293 184 378 173 213 361
 262 199 385  69 246
 348  92 277 356 101 238 346
 214 350 170  97
 178 368 255  30 100 218 327
  80 155 182 375
 331 366 295 248  63 285
 286 287 271 214
 157  90 259  42   6  16 116
 377  64 283 120 260 312
 324 221 168  43
 193 196 273 265  91 138
 152 129 217 336  38 230 278 287
 338  14 356 243   4  17 155 232 277 367
 198   5  17  53  11  13 130
 283 170 142 322 214 220 345 371
 213 362 293  76 173
  77  78  67 114  71 117
 351 104 174  84
 204 160  73 165 147
  95 353 385 125
 142 339   9 322  10 118 254
 243 338 181 257  62 232 241 281 387
 262 363  69 199   0  18 382
 241  81  99 251
 151 257  47 384
 258 222  65   2 125
  25 285 303 238
  83 161  24 272  22  94
 358  38  66 294  36 194 303
