 246  93 247  95 161 342
 151 369 237 244  44
  19 332 229 222 116 122 178 262 298
 348 228 189 170  15 125 150
 311  12 228 193  89 300
 251 330 139 182  15 201
 226 317 298 213 262 377
  43 225 299 198  60
 300 106 315 343 370
 290  11 339  10 142 194
 142   9 290 194
   9 239 194  28
 319 346 391 170   4 219 227 301 311 357 362
 350  96  81 275 181
  64 202  25 376 267 336
 219 283   3   5
 187  61 331 106
 303 283 260 329  25 130
 204 175 115 335 259 385
   2 229 321 222  92  95 116 167 178 246 332
 204 216 222 321 247 270 385
 281 295  53 109 114 183 328
  32 284 312 223 243 303
  63 286  65 182  49 127 155
 343 315 171  84  47  97 110 150 267 355
  14  17  64 234
  69 361  34 275
 391 223  58 172  40  46 210 338
 263 149 250 126  11 163
 309 382 180  48 197 257 318
 223 104  57  84  46 102 110 172 363
 230 276  55 183  33 388
 312 284  22 147 131 206
 183  31 295 280  54 186 276
  81 129 266 369  26 275
 305  70 296  86 212 365
 329 223  59 199  46  50 202 337
 249 188 352 236
 211 331 149 315  53 256 316 328
 373  93 276 183
 172  27 374 334 268 278
 131 152 198 214 240
 327  76 248  65  56 218 231 268
   7 347 225 121  88 215 299
   1 263 244 250
 258 367 318 308 307
  30  27  36 109 338 363
  66 346  24 233
 123 163 382 296  29 132 180 269 309
 182  23 192 131  75 127 268
 329 260 283  36 105 353
 135 350 182 220  81
 154 302 345 116
 148 171  38 316  21 272 281 328 337 389
 186 259  33 370
 280 316 281 148  31 183 276 372
 373 231 218  42 111 224 254
 357 391 170 223  30  58  72 104 299
 194  27 223  57 117 334 340
 199 223 376 202  36  64 165
 198   7 240 362
 367 331  16 211  89
 108 140  91 209 137 174 195 230 308 318 359
 349 286 312  67  23 245 266
 117 223 104  59  14  25 271 303
 327  76 238  67  23  42 192 245 340 354
  84 343  47 301 150 337
 376 312 238 384  63  65  99 354
 295 381 183 230  93 154
 221 361 275  26
 296 126 163 297  35 132 205
  94 388 103 174  82 128 264
 284 391  57 347 314
 260 283 210 352 119
 170 301 319 289  84 193 235
 185 192  49  78
 327 376 145 238  42  65  83 165 199 248 288
  78 168  99 136 129 173 221 358
  77  99 168 354  75 136 221
 159 364 306 378 133
 266 384 279 265 310
  34 129 279  51  13 112 275 350
 264  71  94 359
 145  76 327 199 176 278
 343  74 214 357  24  30  66
 305 308 212  86 169
 305  35 126 232  85 267 379
 366 169 308 257
 282  43 131 244 127
  61 193 148   4 114
 324 245 350 135 164
  62 359 209 140 195 389
  19 229 226 178 317
   0 183  68 295  39 154 246 345
  71 195 359 388  82 264 320
 247  19 342 321   0 345
  13 275 221 192 181
 162 346  24 211
 390 261 250 253 308
 312 147 339  67  77  78 168 206 336 354
 261 294 123 149 203 215 263 269
 190 386 152 182 282 324
  30 281 172 109
 344 255  71 128 143 184
  30 223  57 109  64 110 210 239 243 303
 160 119 353  50
 191 187 319 311   8  16 370
 241 339 277 170 125
  62 174 209 140 207 359
 281 210 104 357  21  46 102 295
  30 296  24 104 119
  56 158 345 154
  81 129 326 231 254 358 383
 365 351 304 180 173 236
 227  89  21 346
 175  18 204 335 179
 144   2  19 229  52 161
  64  58 334 303 130 271
 323 381 197 341
 249 281 110  73 105 130 160 333
 274 313 293 124
 291 228 299 196  43 156 198 225 239 378
   2 298 144 385 166
  48 100 269 296 188 236 294 304 351 382
 133 364 357 159 120 274
 156 107   3 150
  28 296 250  70  86 188 205 253
 350  88  49  23
 103 184 344  71 146
 136 265 279  77  34  81 112 326 383
 333  17 119 117
 387  41 384  32  49  88
 297  70  48 309 207
 124 364  79 159 138 273
 386 290 190 339 375
  51 182 220 350  90 164
 129 279  77  78 336 383
 381 209  62 308 157
 269 133 368 378
   5 251 201 330
  62 355 258 297  91 108 352
 360 365 390 294
  10 265   9 194 375
 321 285 103 213 298 344
 116 302 122 270
  83  76 327 199 165 201
 322 128 184 344
  32 384  99 348 232
  53 171 343 346  55  89 337
 211  28 100 319  38 292 315 338
  24 228  66   3 125
   1 368 369 378
 190 198 101 348  41 289 324
 288 172 353 278 371
 345  52  68  93 111
 371 314  23 273
 290 291 121 339 125 361
 302 137 160 236
 218 333 363 336 111
 364  79 235 378 124 133 287 313 326 368 369
 105 119 295 333 157 302
 116 317 246   0
 346 193 319 343  97 281 283
 296  48  70  28 205
 201  90 362 135
  76  59 288 145 176 373
 262 122 377 298
 321 247 222  19 179
  77  78 265  99 173
 253 304  85 308  87 257
  74 277  12 241   3  57 107 194 219 223 284 286 289 301 374 391
 343  24 315  53 148 297 355
 223  27 391  30  40 102 153 273 288 314 371
 168  77 221 113
 108  62 388 209  71 257 320
 115  18 204 335 179
 165  83 288 231 234
 277 347 306 387 214
  19  92   2 229
 175 115 167 204
 197 309  29  48 113 249 341 366
  96 358 275  13
 101 286 384 330   5  23  49  51 135 220 251
  21 280  55 295  31  33  39  68  93 186 276 372
 344 257 103 128 146 320
  75 192 245 354 356
  54  33 280 183 246
 106  16 370 311
 304 253 126 123  37 236 351
 348 386   3 190
 386 348 277 152 101 134 189 228 284 286 289 306 384
 106 315 319 316 292
  65 384 354  49  75  96 185
 228  74 162 346   4  89 219 243 300
  58 170   9 142  10  11 334 340
  94  91 359  62 320 372
 121 256 291 378 235 292 313
 180 209 309  29 118 341 366 381
 152 225  41 121   7  60 206 240
  59 376 202  76  36  83 145 288
 232 250 244 237
 139 145   5 251 164 240
 376 199  59  36  14
 217 261 100 294 287 313
  20  18 216 175 115 179 259 385
  70 126 163 263
  32 312  99 198
 249 132 108 309
 334 248 380 374
  62  91 108 352 137 174 197 230 381
 109 104 227  27  73 352
 258 149  38 256  61  97 315 331 367
  35 305 249 296  85 366
 285 226 298 325   6 143
  84 362 347 177  41
 261  43 100 256 324
 385  20 204 222 259
 203 261 237 369
  42 158 288  56
 170  12 193 241  15
 135 182  51 251 310
  69 275  77  78  96 173
 321  20 332   2  19 167 216 229 270
  59 301  36 170  22  27  30  57  58  64 104 172
 242 356  56 358
  43   7 121 198
 213  92   6 285 262 317 325
 346 311  12 319 114 210 300
 348 121 306 190   3   4 150 193 362
  19   2 222 321  92 116 178 262 317
 318 316  62 209  31  68
 112 176  42 248  56 254
 200 380 147  86 267
 315 346 311 343  47
  25 340 176 353 242 333
 159 378 196  74 243
 123 351 188 113  37 157
 263 378 217 244   1 200
  76 327  67 376  65 336
 299 104  11 121
  60  41 198 201
 170 107 375 348 219 349
 224 234 356 383
 193 235  22 104 340
 291 250 237 378   1  44  88 200 282 369
 327  65  63 354  90 185
   0  93  19 186 161
 321 270  20 167   0  95 342
  76 286 266  42 208 231 314 380
 309 180 119 382  37 207 212 352 366
  28 263 126 244  44  98 200 253
   5 330 139 182 201 220
 367 359 389 331
 304 126 188 250  98 169 305 390
 383 231 112  56 377
 103 285 270 321
 211 258 196  38 215
 184 169 174  29  87
 211 256 331 140  45 367 389
 335  18 216 204  54
 283  50 329 281  17  73 280
 100 294 217 203  98 215 390
   6 226   2 229 166
  28 237 250 100  44 205 307
  82  71  94 323
 266 142 290 339  80 129 168 279 326
 265 277 284  63  34  80 248
 232  86  14  24
 350  49  40  42
 296 123  48 100 138
 247 321  20 222 144 255
  64 117 363 288 379
 389 372 337  53
 133 314 172 347 155 371 373
 120 293 313 124
  96  81  13  34  26  69 181 221 358
  31 183  55  33  39
 177 190 170 347 107 266 374
  83 153  40 376
 136 129 265  80  81 383
  55 183 260 281  33 186
 109  53 162  21  55 102 119 260 280 295
 291 101 244  88 361
 260 346 329 162  15  17  50  73
  72  32 190 170  22 266
 213 325 255 226 143
  63 170 182 190  23 248 374
 313 351 159 203
  76 165 172 199 153 176 218 271 363
 170  74 190 152 312 349 387
 339   9 386 134  10 156 265 291
 121 244 282 290 156 196 361 378
 313 191 149 196
 274 120 313 323
 100 261 203 123 141
 281 328  21 109  33  68  93 160 183
 269 163  70 126  35  48 110 123 212 365 382
 132  70 140 171 355
 213   6 143   2 122 166
 239 121  43  57   7
 227 346 193   4   8 370
  74 223 170  12  66 343 362
 157 144 160  52
  22  17  64 104 117
 253 188 351 123 113 169 341 390
  86  35 365 253  85 212
 347 228 190  79 177
  45 318 308 263
 390  62  98  45  85  87 137 169 307
  29 180  48 382 132 197 207 249 338
  80 387 220 349
 319 346  12 227   4 106 187 233
  32  67  63 289  22  99 206 349 354 384
 203 159 351 196 120 274 287 292 293
 172  72 248 347 155 273
 343  24 149 211   8  38 171 191 233
  38 191  53 331  55 230 389
   6  92 226 229 161 322
 331  62  29 367  45 230 307
  12  74 311 346 106 149 162 191 227
 195  94 174 184 342
 222  19 247  20  95 143 167 229 255 270 332
 377 146 356 317
 118 293 381 264
 152  90 101 215
 285 226 213 345
 159 129 369 265 112
  76 376 238  42  65  83 145 245
  53 295  38  21
  36  50 283 260  17
 251   5 182 139
 367 211  38 258  16  61 252 316 318
   2 222 321  19
 119 160 234 363 130 158
  58 374  40 194 117 208 380
  18 259 175 115
 238  99  14 136 158 358
  36  66  53 148 272
  27 149  46 309
 290 386   9 134  99 107 156 265 375
  65 243 194  58 234
 197 180 360 304 118
  95 320   0 247
  84 315  24 301   8  66 148 162 171 233
 103 184 143 128 146
 325  93 154  95  52 111
 162  12 319 227  47  97 114 148 193 233 283 300 311
 306  43 177 277  72 214 273 314 387
 386 190 189 228   3 147 152 241 374
  63 312 289 241 310
  51 135  13  81  90 127 268
 304 123 313 188 113 236 287
 209 210 249 140  37  73
 153 363  50 371 105 234
 312  99  65  67  78 185 192 245
 140 297 171  24
 224 322 242 185
  57 391  12  84 109 124 364
 336 112  77 275 181 224
  91  94  62 108  82 195 252
 141 367 341 390
 291 282 156  69  26
 214  12 228 301  60 164
 288  46 353  30 158 271 333 373
 159  79 124 357 133
 305  35 113 296 141
 197 180 212 249  87 379
 331 211 258  61  45 252 318 360
 151 159 369 378 138
 217 159   1 244  34 151 326 368
 300 106 187   8  54
 172 353 273 153 155
 183 195 389  55 272
 165 363 273  56  39
 277 348 170 286  40 208 334
 241 142 339 134
  76  67 202 199  14  59 238 278 327
 322 254 166   6
 237 291 121 235  79 138 151 159 196 244 368
 366  86 380 271
 232 248 384 334 208 379
 137 209 197  68 118 323
  48 123  29 296 249 309
 112 136 279 129 242 254
  67 182 312 190  80 131 147 192 380
 216  20 204  18 122
 190 134 348 339 101 189 290
 177 131 347 289 310
  71 174  94  31
  53  91 258 316 252 272 372
  98 304 253 261 141 308 360
  12  27 357 170  57  72 172
