 207 121 276 129
  16 275 143 368 140
 268  24 287 343  25 175 192 286
 310  29 254 351 158 236
 113  81 181 322 105
 338 307 324  41
  90 370  54 131
  64 170  40 363
  57 276 278  67
 309 375 339 251 142 249 258
 134 251 279  99  98 290
 101 118 129  89
  77  78 206 128  64 196 230
  76 214 176 179 390
 363  50 198  83 220 316
  34 154 131 311  85 127 199 252 274 369
   1  94 143 263  53 243 273 346 377
 177 181 322 279
 385 204 259 216
  22 328 355 224
 222 204 344 200 226 229
 197 271 115 387 261
 332 173 157 343  19 168 224 233
  70 242 147  84 359
 389 321 268   2  43 175 187 296 308
 286 187 164   2  57  68 167
 305 159 364 387  97 205 214 335
 391 380  80 249
 250  47 356 253 102 126 163 209 367
 254 265 257 375   3 231 310
  32 123 331 380 267
 321 122  90 211 186 188 284
  30 123 380  61
 331  52 179 159 166 365
  15 154 388 311  85 125 127 235
 261  79 382 213 141
 199  59 240 218
 204 208 222 200  55 152 345
 387 378 197 182 149 271
 148 160 388 259
 363 300 230  48   7  64  83 198
 341 212 324 164   5  68 352
  76 202 327 135 142
 211  24 389 187  87 106 164 188 235 298
 287 124 273  82
 242 253  47 362 198 359
  58 218 154 369  95 199 232 349
 356 253  28 297  45 163 336 367
 230 300  62 130  40 350
 303 371  92 130 307
  14 348 220 316 210 260 281 338
 198 190 242 324
 365  33 237 331 183 213 239
 140  16 358 377 207
  90 122  58 154   6 218 385
 152 345  37 141  86
 314  65 349 299 330
 374  25 285   8 373
  46 154 218  54  59 323 388
  93 218 245  58  36 288 347
 377  96 217  83 363
 334 151 305 387  32 135 182 319
  48 275 255 318 117 350 376
 160 293 148 189
  12   7  40 363 170
  56  95 227 299
 322 113 290 177 327
  78 282 132  77   8
 302  41  25 307
 334 265 115 310 166
  84 191 244 301  23 111 270 297
 272 315 256 364  79
 357 287  82  93 184
 280 151 334 319 156
 384  82 203 252 107 120
 280 156  81 333 289
 176 146 214  13  42  97 155 165 202 221
  78  12 206 294  67 196
  77  12 206 294  67 196 373
  71  35 200 150 190 261
 158  27 236  98
 333  99 177 181   4  75 105 111 113 136
 287 203  72 268  44  74
 363  60  40  96  14
 297  70 253 283  23
 388  34 274  15 114 189
 330 185 360  55
 381  43 341 212 264 374
 243 377 318  96 376
 309 135 215 335  11 142
  54 131 122 187   6  31 188 247 370
 236 258 313 351 228 342
 169 128 112 244  49 371
 131  59 287 357  72 337
 143  16 368 203 234 263 318
 360 227  46  65
  60 377 346  88  83 140 230
 205  26 214  76
 251 254  10 375  80 105 231
 279 136 177  81  10 118
 109 353 382 180 153 226
 140 129 318  11
 163  28 191 132 196 312 373
 366 137 171 213 225 264 278 285
 178 306 385 353
   4 151  81  98 121
 211 321 122  43 127 194 219
 120  74 207 274
 132 317 304 290
 353 382 296 153 100 172
 162 122 295 369
 333 283  81  70 270
 266 128 238 169  92 209
 304 269 322  81   4  66 290 317
 185 349  85 369 219
  69 310 197  21
 150 378 149 180 137
  62 129 318 376
  99 326 119 136  11 266
 292 301 326 136 118 333
 107 384  74 274
   0 276 105 207
 131  90  54  31 106 110 247 295 321 369 370
  30  32 331 354 239 291
 273 246  44 287
 154 311 131  34
  28 297 250 253
 235  34  15 106 192 219
 112  92  12 266 170 206
 140 117 207 101   0  11
  48 300 223 195  49 255 303 379
 122  90 154  15   6  93 125 187 311 337
 108 294 317 304  67 102
 265 331 151 277 166
  10 251 279 375 290
 313  61 236 305  42  89 190
  99 119  81 279 118 147 292
 353 171 103 116 178 180
 306 212 178 187 172
 272 146 315 364
  96  53   1 318 101 129 207
  35 256 150  55
  89  42   9 258 210
  94 368 203 263   1  16 157 245 329 358
 237 159 265 310
 345 208 327 325
 262 272 315 139  76 165
 136 242 380 383  23 270 391
  39 360 388 160  63 189
 272 378 364  38 116 221 342
 116 378 165 182  79 141
 372 254 265  61  73 105 133 280
 222 202  37 165  55
 172 109 100 180
  58  15  34 311  46  54 125 131 199 218 274
 214 236 378  76 342
 280  75  73 257 166 183 289
 332 162 173 143  22 161 245 355
 231 310  80   3 291
 237 354 372 305  26  33 144 205 214 325 331 340 361
  39 259 344  63 148
 245 314 358 157 232 347
 157 332 173 295 110 227
 102  28 250  47 289 367
 306 298  43  41  25 193
 202 146  76 262 150 152
 156 133  69  33 183 289
 302 312  25 293
 173 323  22 314 320
  92 301 294 238 112 244 297 386
   7 128  64 282 210
 137 103 225 382
 153 109 138 296 348
 332 157  22 355 162 168 323
 283 257 383 333 248
 321  24 389   2 286
  76 262 315 202  13 228
 279 181  99 322  17  66  81 383
 212 306 137 353 104 138 296
 214  33 237 378  13 325 361
 116 213 137 100 153 348
 322 177 383 279   4  17  81
  38 387 378  61 150
 365  52 156 166 278 302 312
 346 377  72 357 219
 360 114 349 330  86
 293 321  31 298
 389  90  24 131  25  43 138 286
  31  90 218  43
  63  85 148 274 240
  79 261 135  51
  70 231 257 269 102
 235 321   2 127
 306 299 224 164 320 352
 299 306 106 323
 328 243 217 255 130 223
  78  77 102  12 303 379
 387 305 277 313  21  38 115 221 271
  45  51 356  40  14
  46  15 218 154  36 252 274 384
 225 382 344  20  37  79
 241 238 282 386
 165  76 176 262  42 152
 143 287  82  94  74 357
  20 222  37 344  18 216 229
 159  26 340  97 228 390
  12 128  77 266  78 282
 129   0 140  53 107 121
  37 225 366 378 145 345
  28 250 112 294
 316 170 142  50
  43  31 321 106 235 308
 341 306  41 178  87 138 324 381
 366 103  52 180  35 285 302
 179 378  26 159  13  76  97 155 325
 277 313 305 258  89 335
 229 204  18 222
 195 243  60 377
  46  58  54 154  36  59 188 199
 127 106 184 114
 281  50 327  14
 271 149  76 197 338
  20 204 229 152  37 216
 130 328 255 195
  22  19 247 284 193 299 320
 200 103 382 344 171 208
 262 260  20 100 240
  95 162 299 323  65
 205 176 354  91
 216 222 204  20
 300  48  12  96  40 336 363
 158  98  29 191
 314  46 323 161
 357  22 329 358 288
 329  94 245 243 347
 211  43 321  34 127 192 293
 334 313   3  80  91 135 155 342
 159 354 340 144  52 179 239 361
 241 169 112 326 201 266 386
 354 237 123  52 340 362
  36 226 189 274 260
 238 386 201 266 336
 391 147 253 380  23  45  51 359 362
  88 329  16 275 195 217 234 328 350 358
 169  70 269 301  92 270
 329 157 332 143  59 161 234
 124 268 273 287 308
 323 122  90 369 224 284 337 343 349
 269 174 333 283 267
 383   9 279 380  27
  28 163 294 126 209
 375 134  10 279   9  98 309 339 372
  15 199 384 311  74
  47 297  28  84  45 126 242 356
 372 351  29 265   3  98 151
 328 195  62 130 223 379
 272 315 262 364  71 141
  29 174 265 310 156 191
 313   9 309 339  91 142 215
 385 160  39 388  18
 226 348  50 240
  35  79 190  21
 315 146 256 176 165 202 226
 275 143 368  94  16 318
 374  87 103 278 338
 277 254 310  29  69 133 144 151 257 334 351 354
 112 301 238 118 128 206 241
 291 248 269  30
   2  24 287 246  82 308
 301 113 333 248 191 244 267 304
 147 111 244  70
  21 197 387  38 221
 364 146 139 256  71 149 315
 124 246  16  44
  85 199  15 154 107 120 189 240
 263 368   1 318  62 243
 371   8 121   0
 265 305 313 351 133 197 215 335
 103 365 264 183   8
 177  99 251 181  10  17 134 136 249 309 322 375
  73  75 156 151 325
 220 288 348  50
 201  67 206 326 170
 174 333 383 111  84 248
  31 247 224 343
 103 213 366 302  57 373
  25 187   2 175
  82 203 268 343   2  44  72  93 124 246 295 357
  59 384 233 281
 156 163  75 166
  10 304 134 113  66 108 317
 267 158 380 123
 119 136 301 333 326
 186 235  63 298 167
 169 132 250  78  77 209
 162 287 343 122 110 298
 109 389  24 178 172
  84 253  70 169  47 126
 164 295 343  43 186 293
 194 193 224 381  56  65 227
 230  48 386 130  40 336
 269 333 119 292  70 169 244 266 326
 366 213 183 285  68 167
  49 371 196 130 307
 317 113 290 269 108 132
 351 387 277 313  26  61 135 159 197 215 334
 164 193 212 178 104 138 194
 379 303  49 324   5  68
 246 268  24 211
   9 279 339 251  89 258
 265   3  29  69 115 144 158 257
 154  15 131  34 125 252 337
 167 374 183 102
 305 258 277 351  91 135 197 215 236 335
 323 161 168 232  56 320
 262 146 256 272  71 139 176
 210  50 336  14
 304 108 290 113 132
 263 275  94  88  62 101 117 140 376
 334  61  73 380 327
 168 314 224 193
  31  24 122 211 106 175 186 192 235
 181 383 177 279   4  17  66 113 327
 247 314  58 173 168 194 227 232
  41 341 212 352   5  51 307
 159 179 280 214 145
 119 301 118 292 238 282
  66  42 322 319 145 220
 255 195 243  19 223 350
 358 245 143 243 233 234 347 357
 360  86 185  56
  33 364 387 159  30  52 123 133
 157  22 173 162 245 355
 301  81 283 119  75 111 174 248 269 292
  61 305 387 265  69  73 236 319
 277 313 215  26  89
 300 241 230  47 316
 311 131  93 247
   5  50 264 221
   9 375 309 251 258
 237 159 239 354 205 390
 212 381  41  87 324 352
 155  91 149 236
 287  22 247 295   2 284 298
 160 225 204 200  20
 145 208  55  37 348
 377  96 184  16
 234 329  59 161
 345 180  50 172 260 281
 369  46 114 247  56 185
  48 243  62 328 371
 305 254 313 265   3  91 277 387
  41 324 193 341
 137 109 100 178 104
 237 159 239 265 123 228 340
 173 157 332  19
  47  28 367 253 198
  72 287 329 203  93 184 233
 329 143 243 161  53 233
 362 242  23  45
 185 148 330  95  86
 237 159 365 179 390
 359 242  45 239
  83  40  60 230   7  14  64
 272 331 387  26  71 139 149 256
  52 183 361  33 278
 213 103 208 378 285 302
 356 163  47  28
 143 275 263  94   1
 122  46  15 247 110 114 349
 389  90 122   6
  49 303  92 350 276
 254 151 251 159
 285  57 102  78
 264  57 312  87
 251   9 134 279  29  98 339
  88  62 318 117
  60  96  88  16  53 184 217 346
 149  38 214 116 150 155 179 182 208 366
 255 307 196 130
 249 383  27 391  30  32 147 242 291 319
 341  87 212 299
 109 225 200 100  35 171
 181 249 322 177 147 174 283 380
  74 120 199 252 288
  18 259 104  54
 241 238 300 169 201
 305 197 334 351  21  26  38  61 182 271 331 364
  34  85  58  39 148 259
 187  24 370  43 175 296
 361  13 340 205
  27 242 380 147
