 186 141 183 145 265 272 317
 291 261 188 100  21 349 358
 107  79 190 306 138 294
 250 269 132  79 133 278
  66 136   9 198
 376 327 329 165 363
 122  36 332 259  41
  99 257 104 277
 197 372 352 123 155
 136  53 236 205   4
  91 120 334 375
  70 109 257 212  80 159 303 313
 345 391 223 227  17  27  73 329 376
  35 318 248  97 104 142 277
 288 220 348 145  64  83
 131 293  34 323  58 154 236
  19 302 374 389  61 268
 329  12 347  37
  20 222 193 175 148 201 204
  16 374 178 105 302 371
 204 222  18 273
 291 100 299   1  23 107
 138  33  23 197
  21 123 107 299  22 106
 224  69 178  89 105 179 332
 321 253 152 229 273
 336 137 135 340 342
  12 345 202 154  73 233
 244 320 193 249 148
 126 320 128 163  70 313
 263  52 318 108
 116 161 179 218
  98 263 169 368
 197 237 123 359  22 155
 176 369 310  82  15  58 131 287 358
 304 318 316 213  13  68 277 343
   6 374 381 373 350
 347 293 391 162  17 319 352
 307  93 295  43
 220 327  51 367 366
 300 310  56 191 256 292
 130 295   6 122 305
 266 111 202 233  68
 221 106 168 367  38  49 276 341
 346 239 168 171
 328 105  47 338
 327 165 376 248
 206 158  60  89  45 129 231 328 338 361
 368 174  98 289 132
 276  43 221 366 246
 220 327 348 288
 165 327 220  39
 139  30 254  72  73 242
 363 356 391 236   9
 255 116  90 377 144 157 262 270
 284 123  78 149 246
 310 191 112 167  40
  82 237 326 345  58 170
  57 131  15  34
 199 286 373 355 288 353
  89 178  47 389  61
 389  90  16  60 275
 174 250  79 269 278
 101 316 162 108
 348 283 226  14 111 177
 172  85 185 189 113 137
 383 198 292 375   4
 181 142 232 283 118
  35 248  42 343
  24 178 374  89  75 129 230 350
  11 212 109  29 313
 296 324 355 330
 110 227 223 357  52 182
  52 139  12  27
 158  75 338 360 125
 374 238  69  87  74 301 338 340
 376 363 329 165
  78 149 284  79 106 354 364
  77 149 284 169  55 107
 250 269 169 149   2   3  62  77 132 147 306
  11 173 303 313 339
 383 251 267  99
 326  34 291 287  57 349 358 384
 265 272 141  14
 253 346 309 212 324 353
 189 311 377 185  65  92 144 228 365
 386 257 109 360
 160 211 258 281  75 135 311
 154 156 323 182
  60 178  24  69  47 231 301 338 361 389
  54 255 259 262  61  95 130 157
  10 187 252 334
 377 116  85  95 230 335 365
 295 337 344 365  38 305 307
 340 361 338 267
 160 228 116  90  92 161
 174 250 269 169
 271 316 108 213  13 111 142 181 239
 368 112  48 263  32
 258 308 172 153   7  81 267
 261 382 149   1  21
  63 162 347 213 226 285
 373 168 312 238
 264 272 212 370
 346 168 212  13   7 181 277
  19 371 178  24  45 232
  43  23 123  77 196
  21   2  78 299  23 138
 304 318 316 162  30  63  97 289 296 331
 388  11 247 257  70  86 212
 227 357 127 369  72 182 210 223 254 345 356
  42  64  97 266 275
 203  98  56 310 167 191 368 384
 192  65 172 215
 209 217 299 252 170 214 341
 120 325 334 274
 377 255  54 262  31  92  95 161 216 229 332
 322 331 318 203
  67 142 275 173
 202 126 271 233 234 313
 334 274 140 187  10 115
 387 289 128 174
   6 286 389 150  41 164 335
 237 372 284 352   8  23  33  55 106 341
 330 213 212 316
 301 275  74 177
  29 163 304 320 119 128 249 388
 391 356 110 227 139 293 357 390
 320 244 126 289  29 121 249 387 388
 350 230  69  47 180
  90 157 295  41
  15  34 167 203  58 362
 250 174  79  48   3 190 221 354
 196 148   3 219
 334 217 274 299 251 325
 137 153  87 258  26 207 342
 241 198 274 219   4   9
 185 258  65 153  26 135
 107  22 294   2
 391  52 127 227  73 225
 252 299 334 217 120 187 274 359
 186   0 265 247  83 175 272 385
  13  67 182  97 118
 351 218 178 286 317
 377 189  54  85 208 240 268 280 282 389
   0 206 288 212  14 272 370
 256 325 167 326
 306 382 269  79
 193  18  28 294 133
 382 100 284  78  55  77  79
 122 186 286 321
 285 213 233 304 177
  25 208 344 172
 172 258 160 211  99 135 137 232 307 308 342
 293 254 203  15  27  88 380
 276   8 341  33 366
 203 323 357 293  88 236
  90 255 270  54 130 273
  47 231 361 338  74 173 180
 184  11 235 338 267
 211 185  87  95 153 172 194 228 281
 245 116  95 332  31 305 335
 382 188 318 261  37  63 101 108 263
 331 304 126 378  29 354 364
 297 272 122 321
  51 327  76  46   5
 333 287 356 349
 112 310 191  56 131 146 236 362 380 384
 102 367  43 346  44 104 239
 269 250 291  79  32  78  96
 358 197 114  57
 316 271 330 304  44 239
 211 153 258 160  65  99 113 152 208 308
 158 328 361  80 118 180 339
  48 132 250 331  62  96 121 387
 186 385 141 297  18
  34 323 369 310 300
 366  64 205 151 125
  89 374  69  24  19  60 105 143 371 389
 230  24 351 224  31 184
 173 158 129 206
  67 104  97 283
 227 110  72 357  88 142
 298   0 309 186
 351 360 179 192 159 235
 160  85 281 311  65 137
   0 141 175 297 150 183 265 385
 252 334 140 299  91 120
 261 291 382   1 162 269
 377  85 282 144  65 240 270 290
 249 244   2 132 364
 310  56 167 112  40 306
 235 184 113 282 215
 244  28 320 222  18 148
 245 160 314 332
 351 200 381 324 344
 256 133 277 106
 359  33 252   8  22 170
 241 300 323 136   4  66 236
 286 218  59 332 309 353 355
 381 195 374 280 224
 385 313 370  18
 233 271 316  27  42 119 266
 156 357 112 322 117 131 154 241
  20 222 273  18 294
 356 322 390 391   9 177
  47 145 260 355 180 370
 340 350 238 135 342
 172 144 211 224 152 308 344
 315 114 217 372 225
 379 369 110 357 225 242 315
 172 160  87 258 153 208 280
  70 346 109  84  11 103 104 124 145 264 303
 304 316 285 271  35  97 101 124 151 248 264 330
 114 243 217 383 375
 113 192 262 229
 229 116 332 262
 299 209 334 114 134 140 214
 286 143 351 199  31 355 360
 136 333 349 274 133
 327  50 348  14  39  51
  43 237 347 132  49 276 367
  20 204 321 193  18 386
 110 345 369 356  12  72 225 287
 332  24 200 208 179 280 360
 139 223 210 209 341 390
 329 347 316 101  64 283 348
 110 127 391 357  12  72 139 182 319
 160  95 268  85 337
 216 332 116 321  25 215 273 386
 179 377  69  92 129 235
 158  47 361  89 301 314 340
 346 153 105 258  67
 202 304 316  27  42 119 151 266 343
 119 241 236 279 278
 192 230 184 282 159
 167 156  15 198   9  53 234 278 362
 123  57 261 291  33 221 333
 312 260  75 374 102 207 314
 346 171 168  97  44
 144 282 189 377
 322 300 198 203 136 234
 254 210  52 357
 383 214 375 356
 320  28 249 128 190 193
 161 194 332 259 314 353
  55 341 252  49
 109 388 141 385 257
 285  13 213 264  46  68 277
 244 190 128 126  28
 132 269  79 169   3  62  96 174 343
 292 383 279 134  81
 140 187 299 359  91 114 197 246 334
 309  84 360  25 297
 242 357 345 110  52 154
  54 116  90 377 157 270
 333 299  40 326 146 196 325
 109  11 247  86   7 303 386
 153 211 172  87  99 135 137 232 301
 389 262  90 332   6 245
 312 238 374 206
 291 188   1 100 162 237 349 382
 116 377 259  54  90 215 216 270
 368 162  98  30  32
 271 103 212 213 248 303
 141  83   0 186
  42 202 348 233 111
 340  99 159  94  81
 228 350 144  16 337
 250 169 188  79   3  62  96 147 306
 189 255  54 262 157 290 295
 316 304 202 213  97 119 171 264
 145 141   0 103  83 164 370
 229  20 157  25 204
 120 140 349 134 115 136 219
 118  61 111 125
  49 155  43 221
  35 248  13 104   7 196
 234   3 236  62
 322 379 357 300 234 251 390
 200 144 224 211
 311 185  87 160 302 336
 189 144 240 377 192 235 290
  64 348 226 329  67 181
 149 382  78  77  55 123
 213 304 101 316 151 248 343
 218 199  59 143 122 150
 369  82  34 223 166 326 333
  14 145  59 312  50
 378  48 108 304 121 128 296 387
 270 282 189 337
 261   1 188 382  21  82 169 237 315 349
 383  40 251  66 375
 154 127 357  15  37 156 391
 148   2 138 204
  93 337 270 130  38  41 305
 378 330 289 108  71
 186 253 309 164 175
 183 317 328 309
 217 140  21 315  23 107 114 134 187 252 256 334 372
 176 310 357 322  40 198 241 279 323 379
  89  75 258 231 125
 374  16  19 281 336
 212  11 264 257  80 339
 316 108 271 213  35 126 151 163 171 233 285 289 318 330 331 378
  41 295  93 161
 147  79 269 191   2
  38 153 344  93
 344 172 153 208  99
 253 360 298 199  84 183 297
  56 191  34 176  40 112 167 300
 281  85 185  87 336
 238 260 373 374 102 288
 119  11  70  29  80 201
 194 238 245 231
 209 372 210 291 299
 271 304 213  63  35  97 108 124 171 202 226 233 285 318 330
 298   0 143 328
 162 108 304 316  13  30  35 117
 352  37 369 227
 244 128  28  29 126 193
  25 229 222 150 164
 203 300 379 357 117 205 241 279
 176  15 156 300  88 198
 195  84 381 351  71
 334 256 134 146 115
  82  57 358 287 146 256
 220 348 165 376   5  39  46  50  51
 298  47 338 317  45 173 339
 226 376  12 347   5  17  76 283
 213 296 316 304  71 124 171
 163 174 304 108 117
 224 116 259  24   6 161 194 199 216 229 245
 166 287 237 256 219
 217 140 252 299  10  91 115 120 134 187 325
 351  92 161 122
 281 311 302  26
 365 228  93 268 290 295
  47 158  75  89  45  74  94 159 328 340
  80 173 303 328
 338  75 361 231  26  94 207 267
 225  43 114 123 155 246
 135  26 207 153
 250 285 233  35  68
 381 195 208 308  93 152 307
 358  12 223 110  27  57 254
  84 212 232 104  44 168 239
  37 226 101 329  17 221
  64 327 220 226  14  50 266 283
   1 291  82 261 166 219 274
 268  69 374  36 129 207
 195 360 143 218 179 184 324 335
 319  37 123 369   8
 199  84 245  59
 132 364 163  77
 206  59 218 199  71 370
 127 391 110 357  53 166 205 223 243 390
 110 127 369 203  72 156 182 210 227 242 254 279 293 300 322 356 379
 345  82  34   1 170 326
 197 252 140  33
 351 309 224 218  74  86 184 253
 158  47  89 231  94 173 340
 167 236 131 380
  76  53 376   5
 354 190 163  77
 337  92  85 377  93
 177  49  39 155
 168  43  39 221
  98  48 263 112  32 380
  34 110 357 176 210 223 287 319 352
 145 355 206 272 103 201
  19 374 105 178
 315 209 123 299   8
 102  36 312  59
  75 178 200  69  16  19  36 238 260 302 312 350 371 381
 383 243 292 214  10  66
 329  76  12 391   5  46 327 363
  92 116 189  85  54 144 230 240 255 262 282 365
 304 289 163 296
 210 322 300 357 279
 384 154 368 167 362
 200 195 344 374  36 324
 188 261 149 100 147 162 284 291
 243 375 292 214  66  81 251
 380 167  82 112
 175 247 186 141 201
  86 257 229 222
 121 289 128 174
 109 126 247 128
 259 178 144  89  16  60  61 122
 356 127 225 279 205
 127 356 227 293  12  37  53 139 205 376
