 207 121   1 129
  16 275 143  94   0 140
  24 268 287 321  25 175 192 286
 310  29 254 351 115 158 236
 113  81 269 181 105
 338 307 324  41
  90 370  54 131
  64 170  40 363
 276  57 278  67
 309 375 339 279 142 249 258
 134 251 279  99  98 113 290
 101 129 207  89
  77  78 206 128  64 230
  76 214 176 179 390
 363  50 220 198 316
  34 154 131 311  85 127 199 252 274 369
   1  94 143 263  53 243 273 346 377
 177 181 279 322 327
 385 204 259 222
 328  93  22 355
 222 204 344 200 229
 197 271 149  38 261 307
 332 173 157 343  19 168 224 233
  70 242 147  84 359
 389 321 268   2  43 175 187 192 308
 286 187 164   2  57 167
 305 364 159 387  97 205 214 335
 391 380  80 249
 250  47 356 253 102 126 163 209
 254 257 265   3 174 231 310
  32 123 331 380 267
 321 122  90  34  63 186 188 211 235 284
  30 123 380  61
 331  52 179 159 166 365
  15 154 388 122  31  85 125 127 311
 261  79 382 141
 199 240  59 218 288 347
 204 208 222 200  55 152 345
 387 197 378 182  21  91 271
 148 160 388 259 344
 363 300 230  48   7  83 198 223
 341 212 324 164   5  68 167 352
  76 202 142 135 145
 211  24 235 389  87 164 188
 287 124 273  82
 242 253  47 362 198 336 359
  58 218 369 154  95 199 232 323 349
 253 356  28 297  45 163 367
 230 300  62 130  40 350 376
 303 371  92 244
  14 220 348 316 210 260 281 338
 190 198 324 242
 365  33 237 331 179 183 213
 140  16 358 377 207
  90 122 154  58   6 218 385
 152  86 345  37 141
 349 314 299  65 330
 374  25 285   8 373
 154  46 218  54  59 323 388
  93 218 245  58  36 288 347
 377  96  88  83 217
 334 151 305 387  32 135 182 319
  48 117 376 255 350
 160 148  31 293 189
  12   7 206 356 170
  56  95 360 227
 113 322 290 181 282 327
  78  77 282 132   8
 302  41 167 324
 334 115 265 310 166
  84 244 191 301  23 111 270 297
 272 315 256 364  79
 357 287  82  93 184 308
 280 151 319 334 156
 384  82 203  94 107 120
 280 156  81 333 289
 176 146 214  13  42  97 155 165 202 221
  78  12 206 294  67 196
  77  12 206 294  67 196 371 373
  35  71 200 150 190 261
  27 158 236  98
 333  99 177 181   4  75 105 111 136
 287 203  72 143  44  74
 363  60  40  96
 297  70 253 283  23
 388  34 274  15 114 148 189
 330 185 360  55
 381  43 341 164 264
 243 377 318  94  60  96 195 376
 309 135 335 215  11 142
  54 131 122  31   6 187 188 247 370
 236 258 313  38 228 342
 169 128 112 244  49 303 371
 131 337  59 287  19  72
 143  16 368 203   1  74  88 234 243 318
 360 227 148  46  65 185
  60 377 346  88  83 140
  26 205 214  76
 251 254  10 375  80 105 231
 279 136 177  81  10 118 134
 353 109 153 180 172 226
 140  11 129 318
 163 191  28 317 196 312 373
 366 137 213 278 171 264 285
 178 306 385 353
   4 151  81  98 121
 211 321 122 127 194 219
 120 207  74 318
 132 317 304 290
 353 296 382 153 100 172 260
 162 122 295 369
 333 283  81  70 270
 266 128 238 292  92 209
 269 304 301  10   4  66 257 290
 185 349 369  85 219
  69 310   3 380 307
 378 150 149 180 216
  62 129 376 318
  99 119 326 177 266
 292 301 326 136 118 333
 107 384  74 274
 276   0 105 207
 131  90  31  54  34 106 110 211 247 295 321 369 370
  30  32 354 331 239
 273 246  44 268 296
 154  34 131 311
  28 297 250 253
 106 235  34  15 219
 112  92 266 206  12 170 230 300
 140 117 207 101   0  11
  48 300 223 255
 122  90  15 154   6  93 125 187 311 337
 108 317 294 304  67
 265 151 331 277 166
  10 251 279  99 290 375
 313  61 236 305  42  89
  99 279 119  81 147 292
 353 171 103 178
 306 212 178 187 172
 272 146 315 149
  96  53 318   1 101 129 207
  35 256 150  55
  89  42 258   9 210
  94 368 203 263   1  16  82 157 329 358
 237 159 265 310 183
 345 198 208  42
 272 262 315 139  76 165 176
 136 242 383 181  23 270
  39 360 388  85  63  95 189 227
 272 378 364  21 116 139 221 342
 116 378 165 229  79 141 190
 372 254 265  61  73 105 133 280 319
 222  37 202 344  55
 172 109 100 180
  58  15  34 311  46  54 125 131 199 274 369
 214 236 378  76 342
 280 257  75  73 166 183 289
 332 162 173 143  22 161 245 355
 310 231  80   3 291
 237 354 372 305  26  33 144 205 325 331 340 361
  39 259 344  63
 245 314 358 157 232
 157 332 295 173 110 227
 102  28 250  47 196 289 367
 306 298  43  41  25  87 193 341
 202 146 262  76 150
 156 133  69  33 289
  25 302 312  41  68
 173 323  22 314 320
 301  92 294 238 244 297 386
   7 282 128  64 210
 137 103 225 382
 153 109 138 100
 332 157  22 162 168 355
 283 257 383  29 248 367
 321  24 389   2 286
  76 262 315 146  13 202 228
 279 181  99 322  17  81 118 383
 306 137 212 104 138 296 353
 214  33  52 237  13 325 361
 116 213 182 100 153 348
 322 383 177 279   4  17  66  81 147
  38 387 378  61 180
 365  52 156 144 302 312
 346 377  72 357 219
 360 114 349  95  86 330
 293 321  31 298
 389  90  24 131  25 138 286
  31  90 218  43
  63  85 148 274 240
  79 261  51 150
  70 257 231 244 102
   2 235 321  24
 306 299 224 164 320 352
 299 106 323 298
 243 328 217  88 255
  78  77 102 163 303 379
 387 305 313 277  21  38 215 221 271
 145  45  51  40  14
  46 218  15 154  36 240 252 274 384
 225 382 344  37  20  79
 241 238 282 386
 165 176  76 262  42 152
 143  82 287  94  74 263 357
  20 222  37  18 216 229 344 385
 159  26 340 354  97 228 390
  12  77 128  78  64 282
 129 140   0  53  11 107 121
  37 225 366 341 145 324 345
  28 250 112 294
 142 170 316  50
  43 122 235  31 106 252 321
 341 306  41 178 138
 366 103  52 180 285 302
 179 378 387  26  13  76  97 155 325
 277 313 305 197  89 335
 229 204 222 116
 195 243  60 377
  46  58  54 199  36  59 188
 127 106 184 114
 281  50  14 327
 271  76 149 197 338
  20 204 229 152  18  37 216
 130 328  40 363 379
  22 284 247 343 193 299 320
 200 382 171 344 208
 260 262 353 100
  95 162 299 148  65
 205 176 354  91
 216 222 204  20 150
 300  48  12 128  40 350 363
 158  98  29 191
 314  46 161 323
 357  22 329 358 288 384
 329  94 243 245 347
 211  43 321  31 127 192 293
 334 313   3  80  91 135 155 342
 159 354 340 144  52 179 239 361
 241 169 326 112 201 266 336 386
 354 237 123 340 362
  36 199 274 189
 238 386 201 266 336
 391 147 380 253  23  45  51 359 362
  88 329  94  16 195 217 234 328 350 358
  70 169 269 301  49  92 191 270
 157 329 332 323  59 161 234
 124 268 273 308
 323 122  90 369 224 284 337 343
 269 174 333 301 267 291
 383   9 279 380  27 391
  28 163 294 126 209
 375 134 279  10  98 309 339 372
  15 199 311 211
  47 297  28  84  45 126 242 356
 372  29 351 265   3  98 151
 328 195  62 130 379
 272 315 262 364  71 141
  29 174 113 310 156 191
 313   9 309 339  91 142
 385 160  39 388  18
 226 348  50 109
  35  79 190  21
 315 146 256 176 165 202 226
 275 143 368 203  16 318
 374 103 278  87 338
 277 254 310  29  69 133 144 151 334 351 354 372 380
 112 118 301 238 128 241
 291 248 269  30
  24   2 287 246 124 308
 301 113 248 333   4 244 267 304
 111 244 147  70
  21 197  38 387 221
 364 139 146 149  71 256 315
 124 246  44  16
  85 199  15 154 120 189 240
 263 368   1 318
   8 121 371 296
 265 305 313 351 133 197 215 335
 103 264 285 365   8 374
 177  99 251 181   9  10  17 134 136 249 309 322 375
  73  75 156 151 325
 220 288 348  50
 201  67 206  66 170
 174 333 383 111  84
  31 247 224 343
 103 213 366 302  57 278 373
  25 187   2 175
  82 203 268 343   2  44  72  93 295 357
  59 233 384  36 281
 156 163  75 166
 304  10 113 134  66 108 317
 267 158 380 248
 119 136 301 333 112
 186 235  63 298
 132 169 250  78  77 209
 162 287 343 122 110 298
 109 124 178 389 276
  84 253 169  70  47 126
 164 295 343 321 186 194 293
 194 381 193 224  56 227
 230  48 386 128  40 130 336 363
 269 333 119 326  70 113 169 244 248 266 292
 366 213 285 183  68 167 312
  49 371 196  92
 317 113 290 269 108 132
 277 351 387 313  26  61 135 159 197 215 334
 164 193 212 178 104 138
  21 379 115 367   5
 246 268  24  72
   9 279 339 251  89 258
 265   3  29 158  69 115 144 257
 154  15 131  34 125 252 337
 183 102 302 167 374
 305 258 277 351  91 135 197 215 236 335
 323 161 232 168  56 320
 262 146 256 272  71 139 176
 210  50  14 336
 304 132 108 290 102
 275 263  94  88 101 107 117 140
 334  61  73 151 327
 168 314 193 224
  31  24 122 211   2 106 175 186 192 235 298
 181 383 177 279  17  66 327
 247  58 314  46 168 194 232 245
  41 208 366 341   5  51  68 352
 159 280 179 214
 119 301 118 333 238
  66 322 319  17 220 348
 255 195 243  19 223
 358 245 143 243 233 234 347 357
 360  86  56 185
  33 364 159 387  30  52 123 133
 157  22 173 245 162 355
  81 301 283 119  75 111 248 269 292 326
  61 305 265 319  69  73 236 387
 277 313 215  26  89
 300 241  45 238 316
 311 247 131  93 381
   5  50 264 221
   9 309 375 251 258
 237 239 159 354 205 390
 212 381  41 164  87 208 324 352
 155  91 149 236
 287  22 247 295 224 284 298
 160  39 204 225  20 152 200
 145 208  37  55 348
 184 377  96  16
 234  36  59 329
 180 345 327  50 260 281
 114 369  46 185  56
  48  62 230 243
 305 254 265   3 277 313 387
 324  41 193 341
 137 109 100 178 104 226
 237 159 239 265 123 205 228 340
 173 157  19 332
  47 367  28 253  64
  72 287 329 203 184 233
 329 143 161 243  53 233
 362 242  23  45
 185 148  95 330  65  86
 237 365 159 179 390
 359 242  45 239
  83  40 230 300   7  14 223
 272 331 387  26  71 149 256
  52 183 361  33 278
 213 103 378 285 208 302 324
 356 163  47 174 307
 143  94 263 275
  46 122  15 154 110 114 247 349
 389  90   6 122
  49 303  92  78 276
 254 151 251 265 159
 285 102  78  57
 264  57 312 278
 251   9 279 134  98 339
  62  88 117  48
  60  96  88  16  53 184 217 346
 149  38 214 116 150 155 182 366
 307 255 196 223
 249 383 391 265  27  30  32 115 242 291
 341  87 299 337
 109 225 200 171  35
 181 249 322 177 147 174 283 380
  74 120 233 199 288
  18 259  54 204 104
 241 238 300 169 201
 305 197 334 351  26  38  61 182 214 271 331 364
  85  34  39  58 148 259
 187  24 370  43 175 296
 361 205  13 340
  27 380 242 249
