 160 216 246 247
 294 151 149 100  44 188 296 305
 332 222  19 321  92  95 178 229 262
 348 228   5 220
  12 300 311 346
 139 330 251 348   3 201
 317 226  92 285 146 255 298
  43 284  84  41
 319 362 106 315 187
 279 142  11  10  81 265 290 326
 142   9 265  11  40 231 334 380
   9  10 279  81 208
 301 346 391 357   4  27  97 162 191 227 233 311 315 364
  78  51 275  77  75  96 221
 376 117 112 340  25 243 267 336 352
 162 283 300  47  73
 331 187  38  61 252 370
 303 234 283 176  73
 335 216 204  94  31 175 259 276 385
 229   2 247 222  92 178
 204 222 247 321 175 186
 281  53 371 295 114 183 230 280 328
  65  23  76  57 303
 239  22 190 289 235
 347 177 362 319 148 149 315
 303 176  14 117 224
  44 382 217 188  87 169
 391  59 172  12  46 278
 126 263 237 250  34  70  86 163 200 387
 318  48 309 331 180 257
  57 312 223  84 138
 335  18 175 276  55 230
 131 152 182  34  90
 359 115  91  68 342
  32  28 131 152 304
 305  86  80 384  85 212 268 365
 329  59 391 153  53 109 337
 249 236 173 373 118
 211 133 124 149  16  61 140 227 273 316 331 367
 119 363  50 105 230
  10 278 248 172 338
 214  84   7 284
  76 327  65 288 238 334 380
 306   7 225  84 127
  26 205 217   1
 367 307  61 331
 288 165  27  59
 278 145  83 283  15 338
 369 163  29 100 132 180 304 309
 182  88 350 384 185 192
 260 363 281 119  39 130 352
 190 135 386 101  13  75
 209 381  68 345 111 154 302
 133 371  21  36 258 273 316 328 389
 259 385 186 216
 183 280  31 148 276 372
 363 110 288 117 158 333
 223 104 347 357  22  30  58
  57 104 223  72
 165  36  76 202  27  46 110 172 199 337 376
 240 198 152 225 164
 367 331  38 211  16  45  89 307
 318 108 308 174 157 252 272
  74 248 376  76 241 243 349
  76 165 288 145  73 117 176 202 231 271
  22  42 327 238 354
 284 199  72 286 201
 327  99  76 238 232
 209  52 154 359  33
 361 221 200 275
 126 263 163  28 132 297
  94 174 143 103 320 323
 299 284  84 314  58  66
 283  15  17  64 242
 391  63 172 248 243
  13  51 386 135
 145  42  64 327  22  59  63  67  83 165 288 376
  78 129  99  13  96 365
  77 129  13  99  96 275
 196 239 235 347 369
 266 384 147 374  35 365 379
 279 265   9 168  11 136 326
 345 128  91 264 179 342
 145  76 376 288  47
 387 214 343 284   7  30  41  43  72 171 314
  35 269 296 305
  35 200 126  28 212 268 379
 366 169 188  26 377
 127  49 225 152 324 361
 211 193  61 331
 152 164 131  32 361
 359 209 115 345  33  82 179
 262 226   2  19   6 317 325
 295 353 183 160 105 154 161 246
  71  18 335 175 122 320
 226 116 332   2 246 317
  78  77  13 275 221
 162  12 114 346
 261 250 100 253 390
  67  78  77 265 336 354
 369 261 149 203   1  48  98 138 215 256 294 296
 121 291 135 190  51 125 206 282 350
 172 153 281 391 155
 285 344 255 213  71 388
 223  57 235  58
  93  39 363 353 111 161
 187 191 311 227   8 370
 220 386 135 241 375
  62 174 318 132 257 323
 371 391  36 172 373
 172 153 288  59  56
 345  52 363 105 322
 279 168 142 136  14 254 326 358 383
 383 173 236 197 181
  97 162 227  21
 359  91 264 144  33 179 195 388
  95 247 144 167 160 302
 231 176 248  64  14  25  56 224 267 271
 381 197 293  37 323
 353 363  50  39
 274 313 293 364 323
 190 101 348 228 196 282 289 291
 321 222  94 204
 217 382 294 368 151 188 269 296 313 351
 211 133  38 357 287
 150 135 228 101
 263  28  70 163  86 250
  88  43 152 306
 213 345  82 381 207 322 342
 339  77  78 265
 345 197 363  50
 152  32 263 225  34  90
 297  70  48 108
 273 364 124  38  53
 386 339 251 290 189 241
 101 190 228  51  75 107 125 206 350 386
 279 168  81 112 336 358
 293 381 209 359 341
 369 378  30 100 212 269
   5 251 286 330 201
 211 148  38 149
 360 294 341 173
  10   9 265 279 112 194 334
 298  71 321 222 184 320
 115 116 195 302 166
  83  76  64 376  47
 377   6 322 184
 384 266 220 330  80 232
 171 211  24 343  55 140 355
  24 211 347 357   1  38 100 140 309 315
 198 228 306 324 125
 368   1 123 188 269
 225 306 131 182  32  34  60  88  90 127 164 198 240 324
 172  36 288 329 102 110 210 337
  68  52  93 295 302
 371 102 357 328 166
 189 339 348 290
 272  62 308 335
 218 161 333  56
 364 313 265 217 196 326 351
  93 116 295 372   0 161 246
 160 158 105  93 246
 311  12 300 283  15  97 114
 263  28 126  70  48 297 308
  90 152 306  60
  59  64 223  76  46 176 199 288
 155 307 144 328
 247 270 332 321 116
 279  81 136 112 173 358
  87 188  26 253
 286 220 277 289 219 301 374 375
 148 343 314  84 297 355
 391 153  59  27  40  74 102 109 110 210 248 368 371
 113 383  37 168 141 341
 108  71  62 184 257
 204  20  18 335  31  94 372 389
 303 117 165  64  17  25 234 271
 277  24 319 343 268
  19 229   2 321
 115  82  91 359
  48  29 304 318 377
 358 113 383 336
 284 350 384 152  32  49 192 306
 295  21 281  93  55 280 372 389
 344 174 143 298 146 320
 192  49 200 275 356 379
 280  54  20 216
 106  16   8 331 370
 151 123 382   1  26  87 169
 386 134 348 156
 121 386 277 348  23  51 101 135 228 239 266 289
 227 106 311  12 233 300 316
 182  49 350 384 185
 228 219 362 346  89
 142 391 364 301 340
 144 359 115 270
  79 339 121 159 235
 381 209 113 236 118 130 249 341
 225 152 240 150  60
 223 165 327  59  66
 250 237  28  86  69 185
   5 139 251  66
  59 376  64 301 278
 261 100 369 313 287 390
  20 175 222  18 122 216
  44 349 310 217
 312 101 384 135
 249 128 345 236
 334  11 265 380
 381  52  91 197  68 137 345 359
 281 352 172 153
 124  38 149 319  61  89 140 148 215 256 331
 218 138  35  86
 285 128 226 325 103 322 342
  84 387 362 343  41
 256 261 100 211
 385  18 259 204   0  54 186
 123 159 364 382  26  44 205 258 294
 212 158 305 238 333 379
 170 223 301 193 346
 170 348 374 286   3 107 147 228 310 375
 275  96  13  69
 321 332  20 247   2  19 122 143 204 229 270
 104  57 199 165  30  58 219 301
 242 336 117  25 356
 152  43 198 306  60  88 131 240 324
 325  95 285  92   6 213 262 317
 346 191  12  38 106 114 316
 135 190 121 220   3 125 150 193
  19 222 321   2 178 262
 316  31  39  21
  10 117 248  64 254 271 340
 147  67 380 265
 315 346  12 191
 340  17 303 176 242 333
 104  79  23 196 287
 113 383  37 197 207
  28 250 378 244 200 261
 327  65  67  42 218 245
  23 266 190  79
  60 198 152 225
 251 134 107  63
 224 234  73 356
 340  74  14  63
 291 250 253 237 282 310 369 378
 266 299 350 238 354
  93  95 161 160   0
 321 167 222  20   0  19 116 270 332
 376  63 172 391  40  74 117 231 267 340 380
  37 363 207 197 366
 244 237  28 126  98 200 253
 330 139   5 241 134 201
  16 331  62 367
 244 250 291 282  98 169 304 390
 383 112 231 368 366
 285 103   6 270
 215 211 100 261
 308 108  29 174 377
 217  53 328 311 307 389
 335 216  18 385  54
 281  50 329 353
 203 100 215 237  98 256 367 390
  92 226 229   2
 126 163  28  70 131 308
 359 381 115  82
   9  81 142  10  99 129 159 208 232 290 334 339
 239 190 277  80 147 245 354
 376 248 117  14
 177 374  86  35
 296 123 151 138  85 309
 167 222 247 321 195 255 388
 176 117 231  64
 355 297  62 385 157
 133  38  53 347
 120 313 293 326
  13 221  78  96  69 185
  31  55 355  18
 190 374 286 170 177 266 299 310
  27 202  47 376  40
   9  81 136 142  11 112 168
 186 183  55  21
 260  21 210 353  50 102 183 328
 291 101 121 244 253
 329 162 346  15  17  47  73
 182 299 286  72   7  41  66  84 312
 103 213 255 226   6 298 325 344
 170 277 374 220  66 139 284 312 384
 124 203 235 351
  76 165  64  42  46  56  83 110 153
 170  23 190 121
 339 265 134   9 156 349
 282 101 244 121 253 378
 375 310 319 313
 137 274 120 381 118
   1 123 100 217 141 360
 183 353  21  93 154 160
 269   1 123 100  85 305 307
 132  70 163 171 272 355
 143   6 321 285 184 344
 284  72 277 350 245 314
   4 162 311 191  15 370
  12 223 170 346 194 202 219 315
 144  52 116 154
 176  22  17 340  25 234
  48 253  34 369 180 308
  35 296   1 354  85 218 365
 152  43 225 182 127 150 164 324
  45 258  61 296 166
  62 304 163 263 157 257
  29 149 269  48
 244 277 378 220 205 292 338 349
 162 191  12 300   4 106 258
 384 284 378 286  30 206
 159 364 123 203 120 274 292 351 360
  72  84 347 299 171
 301  12 149  24   8 233
 191  53  38 227 230
   6  92  95 226
  62  29 331 108 180
 362 343 177  24   8 211 292
 143 184  94  71
 222 247 332  20   2 122 143 167 178 229 270 298
 128 213 111 325 146
 120  71 108 118
 306 225  88 152 150 361
 226 213 285  92 322
 159 112  81   9 274 351
 238  67  76  42  65 199
  21  53 371 281 155 166 258
  36 153 283 260 337
 251   5 348 386 139 147 375
  61  16 211  38  29  45  89 187 252 318 367
 222   2 321 247  95 167
  56 158 234 218
 142  10 265  42 208 380
  18  31 259  94 157 175
 358 136  14  99 181 224
  36 329 153  59 373
  40 349 310  47
 290 129 134 265 156 196 349
 234 248 194 231  14 243 303
 197 137 381 173 141
  82 128  33 213
  84 362 319 387 148 171 177 214
 103 184 298 285 388
 128 381 209  82  52  91 111 130 207
  12 227 301 219   4  97 193 233 283
  57  24 149  79 273 314
 190 220 121   3   5 156 189 330
 290 339 310  63 205 338
 182 299 101 135  49 192 245
 313 326 159 123 287
 210  50  14 363
 119 281 260 363  93 105 295 373
  65  99 245 266 305
 148 171 272 297 276
 379 224 242 185
 391  57  12 149 124 155
 336 136 112 168 181
  91 264 115 209  33  68 137 179 195
 141 367 294 313
  69  88  90 324
 343 319 214  24   8 193
  50 353 119 249  39  56 105 111 130 352
 159 133 391  12 120 194 217 313
  35  80 305  77
  87 254 249 368
  61 331  38 261  45 252 360
 151 123 172 382 254 366
 100 244  79 203  48 138 304
 187  16 106 300
 109  53 172  21 155 328
 160 183 175  55
 337  37 353 109
 277 220 286 170  80 268
 220 330 170 107 292
 248  76  59 202  14  63  83 145 267 278
 146 257 180  87
 237 291 312 244 138 310
  86 218  80 185 356
 248  42 334  10 208 232
 209 197  52 345 118 128 137 264 293 341
 123 368 217 188  26
 113 173 112 236 181 254
 147 312 182 286  35  49  80 192 206
 216  18 259  54 272
 190  51 135 134  75 107 189 330
  84 214 343  28
 103 344 115 270
  53 183 175 258
 261  98 253 203
 172  27  12  36  74 102 109 194 248 357 364
