 207 121   1 276
  16 143  94 275   0 318
  24 268 321 287 175 192 286 308
 310  29 334 158  45 115 236
 301  81 181 113 105 111
 348 367 130  64
  90  54 370 173 355
  64 170 363 230
 276 353 373 365
 339 279 375 258 142
 251 134  99 279 113 290
 101 129 118 140
 206  77 128  78  48  64 230
  76 214 155 179 390
 363 220 348 198  50
 154  34 131 122  85 125 127 252 274 311 369
  94 143   1 263  96
 249 322  81 134
 385 204 222 229  20 216
  22 193  43  25 373
 222 204 385  18
 387  38 149 271 116 221 307
 343 247 211  43  19 168
  70 147 242  84 198 359
 321 389 268  43   2 175 211 308
 286  43 164  87  19  68 167 373
 305 277 364 214  97 205 335
 391 380  80 313 242
 250 126 253 244
 310 174   3 249  71 280
 123  32 380  61  33 267
 321 122  90 211  43  63 110 114 186 188 235 284
  30 123  61 305
 123 159 331  30  71
 154  15 122  90  54  85 125 127 235 311 388
  79 261 382 137 104 141 150
  59 240 358 199 288
 204 208 200 341  55 152
 387 197 271 182  21 149 214 342 378
 148 388 160 259 344
 300 363  83 223 281
 212 225 103 366
  76 135 236 313 142 202 210 345
 211  24  31 370  19  22  25  87 284
 124 287 273 246
 253 322   3  47 198
 218 154 199  54  59 232 323
 356 297 163 253  45  49
 230 130  12  62 300 350 376
 303 371  92  47
 316 220  14 281 260 338
 198 190 280 197
 365 183 239 179 213
 140 357 377 358 384
  90 122 154  34   6  46 161 218 370 388
 152 345 202  37
 349  65 360 185  86 194 330 385
 374 278 285 103
 323 369 131 154
  93 218 245  46  36 288 347
 377  96  83 217 140 346
 334 151 159 380  30  32 135 182 319
  48 376 350 255 117
 160  31 293 148 189
  12 206   7 356   5 170 210 220 363
  56  95 360 385
 113 322 206 266 327
  78  77 282 317
 167 324  25 302
 115 334 265 387 155
  84 191 244 297  23
  33 378  29 139
 357 287  82 246 184 273 346
 280 334 151 283 156 340
  94 203  82 143 107 120
 156 111 248 151 289
 176 146 214 221  13  42 165 202
  78  12  67 206 196
  77  67  12 206 196 371
  35 200 150 190
  27 236  98 391 327
 333  99 136 181   4  17 134 292 301
 287 203 263 368  72  74
  60  96  40 347
 297  70 283 174  23
 388  34  15 154 189 274
 330 360  56 185
  43 381 164 211  25 324 338
 243  94  96 263 195
 335 142 135 215
  54 122  31  34   6 187 188 247 337 370 389
 258 305 236 362
 112 301 128 169  49 303 371
 337  59 287 157
 143  16 203 263   1  74  88 243 368
 360 185 349  65 227 274
  60 377  88  16  83 184 207
 205 135  26 280
 254 279 375 265  80 105 231
 136 279 177  81  10 118 119 134 251
 109 353 137 382 153 226
  11 140 318 129 219
 163 191 317 132 196
 366 285 213 278  41  57 171 172 264 374
 306 178 137  35
   4 151  98 147 121
 211 321 122 127 219
 120 318  74 207
 132 304 250 294
 382 296 353 100 141 153 172 178
 162 122 295  31
 270 301   4 147  75
 266 128 238 301  92 209
 269 304 333  10   4  66 257 290 317 322
 349 185  31 247
  69   3 334 310 307
 150 137  21 213
 129  62 376 318
  99 119 177 136  11 238 241 266
 301 136 118  99
 107 274  74 203
 276   0 105 207
  90  31  54  34  15 106 110 131 157 211 247 295 311 321 332 370
  30 159 237 380  32  33 291
 273 246  44 296
 154 131  34  15
  28 250 253 292 130
 106 235  34  15 219
 112 266 206 238  12  92 170 230 282
 140 117 207 386  11 101
  48 126 250 356   5
  15 154 122 187  58 125 369
 304 294 108 317 102
 265 331 151 159 166
 251  10  99  81  17
 313 305 236  61  42  89  97
  99 279  81 119 118 292
 353 178 171 116  35 100 104 180
 306 178 212 187 226
 272 146 149 364  71
  53 129 318  60  11 101 207
  35 193 109 152
  89 336  42   9
  94 203 263 157   1  16  74 245 368
 237 265 159 354 179 183 361
 345 198 208 327
 272 315 139 262  76 165 176 256
 181 383 279 242  23 105 111 270
  39 388 227 360  63 189
 272 378 364  38  21 139 221 271 342
 116  79  35 378 190
 372 254 265  61  73  75 105 133 159 267 319
 222  37 344 204  55 141
 172 100 109 213
  34  15 311  46  54  58  85 125 131 199 218 245
 214 236  69 302  13 342
 257  73 280 340  75 166
 332 122 162 245  93 143 173 188 287 355
 310   3 291 191 228
 237 372 151 334  33  61 123 133 144 205 325 331 340 354 361
  39 259 218 344  63
 245 314 199  54 232 347
 157 295 332 110 227
 102 356 174  47 196 367
 306 341 298  87  25 293 381
 202  76 146 182
 133 183 156 179 289
  25 286  68 293 312
  22 314 299 247
 294 269 326 301  92 206 209 244 297
   7  64 128 282 210
 137 103 225 178 382
 153 285 109 103 260
 332 157 323   6 355
 283 257 333 269  29  84 163 280 367
 321  24 389   2 192 286
  76 315 262 146 202
 279 181  99 383 118 322 375
 137 306 353 109 104 138 171
 214 331  52 144  13 166 325 361 365 366
 324 353 193 137 352
 383 322 177 279   4  81 147
  38 387 378  61 165 348
 365  52 166 144 302 312
 377  96 246  72 219 373
 349 360  95 114  56  86 330
 293 321  31 385
 389 131  90 235 138
  90  31 218 157
  63  85 148 388
  79 261  51 150
  70 257 244 269 102 158
   2 235 321 175 226
 299  19 194 306 141 180 324 352
 299 193  56 284
 243  88 217 328 223 255
 102  78 163  77
 387 313  38 271  51 378
  51  45 145  23  14
  46 218 274 154  36 161 233 240 252
 225 382 344 341  37  79
 241 238 282 386 363
 165 176  76  42  55
 143  82 287 263  74  94 120 329 358 368
  20 222  18 385  37 152 216 229
 159 354  26 372  97 390
  12 128 169 266  64  66  77  78 282
   0 129 140  96 107 121
 341 225  37 324 145 345 352
 294 169 112 266
 170  64  42 238 316
  43 122  31  24  22  87 106 235 252 268 321 343
  41 225 341 306 138
 366 103 285  52 116 153 302 307
 179 387  26  38  13  76 155 325
 277 305 313 258  89
 229 222  18 204
 195 243  60 377
  46  54 199 154  59 160 188
 127 184 106 101
  14 281 348  64  50
  76 271  21 149
  20 204 229  18 152 216
 328  40 255 195 338
 247 299 284 381 320
 200 341 212 382  41 171 208 264 344
 138 353 100 192 260
 148  95 162 299
 158 354 310 340
 216 222  18 204 335
  48 128  12 300   7 350 363
  98 254 242 265 289
 314  46 161 349 316
 329 358 199 332 288
 329 243 377 358 288 347
 321 211  34  31 127 187 192 293 298 344
 334 313  80   3  42  91 135 155 342
 159 354 340 123 144 239 361
 241 112 118 266 128 201 210 386
 354  52 237 331 289 362
 199  36 274 347
 238 386 201 118 300 336
 147 391 380  27  23 231 359 362
 329  88 358  94 195 217 234 318 328 377
 269 169  70 191  28
 157 154 311 143  59 161 314 329
 308 124 268 273  44  72 184
 122  90 337 343  22 114 168 224 284 323
 301 317 269 283  75 267
 383  29  17 251
  28 126 108 253 130
 134  10 375  99 249 309 372
 199  15 211 311
  28 292 297 126  45  47 250 356
 265 351 372 151  98 231
 328 195  62 223 379
 272 315 364 146 262
 174 191 113 269 156 291 310
 313   9 309 339  91 215 359
 160  39 385 388
 348 226 172  50
  35 190 364 315
 315 146 176 256
 143 275 203  94  16  82  88 318
 103 374 225 278 338 379
 277 254 151 351  69  98 133 144 231 270 319 354 372
 112 118 301 128  66 206 209 238
 248  30 291 151
  24   2 287 211 246 308
 113 333 304 244 169 174 191 248 257 291 294 301 326
 111 147 265 319
 197  38 387 149  21 221
 364 139 149 146 256 315
 124 246  44  72
 199  85  95  15 120 240
 263 368 318   1
   8 121 371 296   0
 305 265 313 351  26 215 335
 103 285  57 374 264
 177  99 136 181   9  10  98 147 309 339 375 383
  73 174  29 283  51  97 156
 220 288  50  40
 201  67 206 128 170
 174 333 383  84  73 248 280 367
  31 247 343  43 194 224
 103 213 366 302  57 172 278 312 379
  25 389 175   2 167
  82 203 157 268   2  44  72  93
 233  59 234  36 281
 166  75 231 239 373
  10 304 113 301 317
 158 269 123 257 267
 333 326 136  81 126 253
 186 235  63 164 167 298
 132 169 304 269 108 209
 162 321 122 343 110 298
 109 124 382 389 276
  84 169  70 326  47 253
 164 295 293 235
 194 381 341 193 168 224 227
 386 230  48 241  40 336
 119 333  81 269   4  92 111 112 169 248 266 290
 366 213 285 183  68 155 312
  49 371  92 307
 113 269 132 290 108 294 317
 277 387 351 313  26  32  91 135 215 364
 164 178 138 341 104 193 212
  21 213 115 379 303
 246 268  24   2
 279 251 339 375 258
   3  29 158 257 115 228
 154  34  15 122 245 252 337
 183 167 302 285
 258 351 305 277  27  42 135 197 215 236
 232 323 161 245 168 320
 146 262 256 272 176 261
  50 336 232 210
 304 290 132 113  67 102 248
 275 263 243   1 101 107 117 140
 334 151 265  61 270 327
 224 323 314 355
  31  24 122 211   2 106 175 186 192 235 295
 181 383 177 113  17  45  66
  46 247  58 173 314 320
 352 180 193  87  68 208
 179 214 159 331 327
 292 333 169 269 297
 319  66 325  80 145
 255 195 243 377 223
 358 243 245 203 233 234 347
 360  56 185 349  86
 364 159 387 133  33 179 239 325
 157 173 122 162 233 355 369
  81 269 283 292 113 174 301 326
  61 380  69 387   3  73 115 159 236 319 391
  89  26 277 229
 300 241 359 142 316
 247 311  93  90
  50 264  87 223
   9 309 375 279 258
 237 159  73 156 228
 381 164 306 225  37 200 208 212 299
 155 149 236  38
 247  22 295 211 284
 160  39 235 225 152 200
 145  55 208  42
 377  60  72 357
  59 161 234 329  83 240
   5  14 182 260 220
 185 114 360  56  95 232 330
  48  62 230 376
 254 305 265 380 277 313 387
 324 193 180 208
 137 109 178 100   8 180 226
 237 159 265 239 144 205 228
 173 157   6 332 320
  47 367 163 253  64 130
  72 384 369 346  53
 329 243 203 234  36  53 233 384
 362 242 258  23 336
  95 185 330 349  56  65  86 148
 237 144 159 179 365 390
 359 239 242  91
 230 201  64  14   7  40
 272 331 387 305  26 139 149 256 261
  52 183 361 179   8
 213 103 285 179  41 302 390
 356 163 174 283   5
 143  94 203 275  82
  58 131  15 332 357 384
  90 122  54 389   6  43
  49 303  92  78 276
 151 254 251 265 159 205
 289  19 184  25   8
  57 264 278 103
 251 279 383 177   9  98 309 339
  62 117 350  48
  60  96 234 243  53 184 217 328 346
 149  38 182 197  71 150
 307 285 255 264
 391 383 334 351  27  30  61 123 242
 341 299  87 164 224
 109 225 200 171  35 100 296
 181 322 177 279 147 249 283 375 380
 357 358  53 369
  18 204 259  56  20  65 186
 241 238 300 201 129
 305 197 334 351  21  38  69 182 214 271 331 364
  34  85  39  54 148 189 259
  24 187 370  90 175 286 296
  13 205 361 366
  27 380 242 334  80
