 259 157  54 184  71 172 195 258 361
  14 364 138  64
 196 176 116 186 175 355 360
 329 221 367 114  63 168 182 231
 365 350 106 336 306
  23  45  64 348  19 223 264 384
 307  33 140 301
  63 114 212 231 286
 207 361 259 247  31
 118  99 112 289  58 241
 326 279 323 185  59  66 289 292 322
 371 290 279  81  49
 381 182 341 230 103 273 305 351
 190 311 174  62 300
   1  97 345 138 364
 266  58 170 357
 119  22  67  25 192
 220  64 348 345  67 223 377
  52 213 370 240
 357 295 371   5  72 217 384
 204 175  95 222  34 229
  54 189  93 333 314
  27 389  68 161  16 119
 283 358  45 323   5 152 166 220 233 343 345
 285 253 356 165  69
 335 116 122 262  16 192
 171  89 191 275 209 222 360
 241 233 112 111  22
  29  70  38 318  73 244 249 253 269 309 314
 249  28 126 250  38 244 309
 188 346  87 296  74 117 135 162 284
 247 148 361   8
 349 330 180 350  92 173
   6 272 251 113 234
 340  20 218 267
 316 117 168 368 239 296
  37 261 340 105 213
  93 149 105 333  36
 318  28  73  29  69 124 253 309
 362 376  47 303 298 319
 219  47 210  44
 212 390 382 338
 390  71  55  51
 328 144 185  56  57 209 327 352
  81 177  97 349  40 271 350 376
  23   5 233 358
 319 362 378 197 137 139 275 278 298 324
  39 210 362  80  40 376
 126 163 169 250  84 154 249 318 386
 371  11 166 279  68
 260 327 363 160 141 145 199 200 230 341
 390 209  85 194  42  55 207 229 320
 189 228 240 149  18  53 302 332 391
 252 228  52 391 121 198 332
 157 321 184 259   0  21
 390 320  51  60  42
 328  57  43  76
  56 328 311  43 106 141
 113 384  15   9
 185 330 176  10
 261 359  88 100  55 125
 292 371 290  81
 177 281 311 143  13 164 300
 329   3 237 114   7 236 316
 348  17 345   5   1  86 223 266 305
 153 172 109 184
 358 211 292  10 102 161 179 289 322 343 371
 223 220 288  17  16
 161  49 233 377  22 119
 168  24 182  38
  28 253 318 309 205 379
 258 259  42   0
 334 357 130  19 217 351
  38 356 168  28
 386 304 162  30
 347 259 252 157 245
 160 211 174 214  56 303 334
  78 105 373 333 198
  77 109 105 347 198 373
 239 123 235 131 273
  81 271 197 311  47 215 265 277 298
 271 292  80 279  11  44  61 277 290
 302 147 285 310
 341 141 128 130 352
  48 318 126 250 154
 116  95 122  94  51 194 207
  64 348 111 225 155 300
  30 188 374 178
 261  60 276 100 125 320
 171  26 186 139 324
 301 321 157 259 254
 123 125 100 315
 349 383  32 185 173
 333 149  37 337  21 105 121 159 195 240 270
  85 116 194 335 115 167 192
 183  85 175 335  20 148
 388 267 296 135
  44 345 177  14 350
 108 132 169 163 257 365
 118 383   9 136 113 246 339 353 380
 315 317 276 287  60  88  91 107 123 282
 238 188 372 230 291
 357  66 211 281 151 342
 206 284  12 227
 221 329 188 230 224 386
 333  93 109  77  36  37  78 261
 331 336  57 365   4
 315 285 100 317 124 131 213 276 282
 132 163  98 214 169
 153 105 172 184  65  78 195
 190 303 201 328 181
 343  86  27 372 155
 118   9 233 380  27 134 241 251 313
 383 152  58  99  33 384
   3 329  63 221   7
 385 167 307  94 245 247
 122  85   2 335  25  94 389
  35 168  30 296
   9  99 380 112 142 196 313 375
  22  16  68 254
 274 190 311 303
 310 147  53  93
 183 116 353 293  25  85 272 335 387
  91 100 287  79 125 131 135 218 296 388
 253 107 285  38 205 269 302 304
  91  88 123  60
  48 250  29 169  84 249
 354 340 237 242
 130 341 206 214  83 227
 263 148 247 183
 214 128 132 363  72  83 163 206
  79 107 287 123 158 267
 108 163 214  98 130 169 257 334
 346 178 231 382 286
 233 251 112 343 272
 123 296  96  30
  99 380 389 339
 319  46 298 338
 328 345 220 358   1  14 181
 171  46 176  89 203 275
 307 380 142 196   6 335 369
 341  50  57 200  83 145
 369 140 196 118 226 313
 190  62 326 311 364
  43 215 185 371 352
 327 141  50 299 308 352
 312 338 248 257
 121 310  82 213
  95 247  31 175 129
 337  93 317 159  37  52 268 270 333
 218 312 390 275
 375 322 102 170
 281  23 323 283 113
 172 109 184  65 282
  48 249  84 169
  86 372 111 377
 276 317 280 287 239 379
 321  54 259   0  75  90 301
 287 373 131 317
 149 189 317  93 379
 208 210 344 225  50  76 174 200 219 311
 289  66 186 233  22  68
  30 284 304  74
 132 108 169 130  48  98
 177 238  62 323 300
 285  24 202 276
 283 279 290  23  49
 115  94 385 307
 182   3 367 329  35  69  73 117 316 356
 163 132  98 108  48 126 154
 266 357 233 348  15 151
  26  89 139 278 176 222 360
 153 109   0 184  65 195
 180 193  92  32
 311 160  76 208  13 219
  95 183   2  20 148
 360   2 171 139  59 203 209
  62 283 281  44  97 164 180 294
 346 133 231 188  87 308
 211 357 225  66 342
 193 349 283 177  32 173 288
 336 110 291 138
 168 367   3  12  69 297
 122 246  95 196 129 175 263 293 335 355 387
 347 153 228 109   0  54  65 172 258
  10 326 349  43  59  92 144 191 278 330
 277 279 289 196   2  89 161 355 375
 222 335 339 241 194
 221 291 329 200  30  87 101 104 178 231 382
 228  52 333 315  21 159 240
 143 303 120  13 110 274 306
 185 330 349 326  26 209 222
 234  25  16  94
 180 288 349 330 173 299 306
  94  51  85 187 234
 172  93   0 109
   2 355 246 118 140 142 183 186 313 369
 215  80 378  46 265 274
 373  77  78  53 232 243 332
 200 214  50 331 248
  50 208 160 199 141 188 231
 110 336 236 331
 325 316 165 236
 275 360 139 176 226 245 312
 262  20 335 216 247 263 385
 124 318 282  70
 128 130 227 238 103
 361   8  85  51
 160 225 344 210 174 200 342
 191  26 176  43  51 390
 160 225 311 208  40  47 219
 225  66 238 358  76 102 179 372
  41 382 296 346   7 242 308
  18 107 285  36 147 370
 130 363  76 132 108 128 199
 197  80 144 378 265
 262 204 307 335
  19 384 223  72
 150 296 123 388  34
 174 160 311 210  40 257
 345  17 358  23  67 138 288 299
 329   3 188 230 104 114 224 367 374
 171 191  26 278  20 187
  64   5  17 256  67 217
 104 221 338 248 286
 211 210 208 260  86 160 179 342 377
 232 369 142 203
 374 230 206 128 103
 347 337 189 184  52  53 252 391
 390 324  20  51
 374 363 341  50  12 101 104 221 227 256
 381 200   3 188   7 133 178 308 346
 226 198 243 379
 343  45  23 358  27  68 112 134 161 170 251 377
 192 194  33 263
 239  79 316 366 273
 201 237  63 202 325
  63 242 382 329 127 236 354
 211 372 345 348 101 164 206 295
  79 235  35 156 273
 315  52 189  93  18 370
 380  27   9 112 187 264
 237 212 286 336 127 354
 198 379 232 280
 250  29  28 367 269 297
 203  75 115 269
 353  99 183 383 196 387
  31 148 204 115   8 129
 331 319 336 199 146 224 338
  29 126  28  48 154 314
 318  48 126  29  84 244
 134 380 233 112  33
  53 228 347 391  75
 124  28  70  38  24
  90 119 301 321
 285 280 287 366
 344 341 363 230 223 351
 365  98 219 132 146
 347 184   0 359  71
 157  54   0 321   8  71  75  90 301
  50 225 327 344 372
  60  36  88 105 340
 385 204 216 307  25
 183 129 293 204 234
   5 241 355 380
 215 197  80 377
 170 357 348  64  15 305
  96 388 131 340  34
 149 333 287 337 270 379
 244 297 124  28 245
 268 149  93 337 370
  81 358  80  44 378
 389 134 122 380  33
 239 235  79  12
 120 197 190 319 338
  26 139  46 362 150 203
 317 156 100 107  88 165 366 368
  81 279 289  80 186 375
 326 171  46 185 222 324
 290  10 292  81  11  49 166 186 277 289 322 383
 255 156 368 287 243 325
  62 177 283 152 102
 100 107 205 153
  23 177 358 323 152 166 180 281 294 343 348
 162  30 304 103
 107 255  24 165  82 124 213
 242 133   7 224
 268 100 366 315 123 131 156 158 255 280
 193 180 220 349  67
 322 279  10  66   9 161 186 277
 279  11 292  81  61 166 371 383
 188 381 101 329 181
  81 279  10 290  61  66
 353 122 387 183 263
 348 283 345 177
 357 348 238 372  19
 212  30 123  35  96 117 135 218
 182 374 386 244 269
 319  46  39  80 137
 327 362 193 220 145
  86 164  13  62 306
  90 321 157 259   6 254
 391  52 124  82 310
 190 331  39  76 110 120
  74 124 386 162 284
 341  12  64 266 351
   4 300 193 190
 140 335 385 380   6 115 167 216 262
 145 231 178 212
  70  38  29  28
 121 147 302  82 314
 174 210  62 160  13  57  80 120 143 219
 150 324 146 203
 142 112 118 196
 310  28  21 249
 100 107 287 189  91 240 366
  35  63 368 168 202 235
 276 149 100 107 156 158 159
 250  38  48  28  70  84 205
 298  46  39 362 137 248 274
  55 390  88  51
 157  54  90 301 254 259
 289 279  66  10 151
 358  10  23 283 152 164 326 364
 278  46  89 330 229 312
 202 280 368 236
  10 185 349 323 143 191 278
  50 260  43 362 145 299
  56  57  43 138 110
 221   3  63 188 104 114 168 237 291
 349 191 185 193  32  59 324
 248 336 303 106 199 201 365
  52 337  53 198
 105  93 268 149  21  37  77 189 359
 132  76 357  72
 183 116 140 122  25  94  95 187 204 216 307 389
 331 365 106 248   4 181 201 242
 149 228  93 347 268 270 332 359 373
 382 248 274 137  41 146 224
 136  99 389 353 187
  36 127 261 388  34 267 354
 230  50 128 381  12  83 141 256 305 374
 179 225 208 102
 233  23 283  66 111 134 377
 160 208 260 363 256
 358 220  23 348  14  17  64  97 138 238 294 357
 133 178 382 231  30 212
 228 184 337 359  75  78 252 258
  64 345 283  17   5  86 170 238 266 294 295 357 372
  44 185 326 330  32  92 180 191 193 288 350
 349  44  97  32   4
  12 305 256  72
 144 145  43  83
 380 246  99 293 122 339
 127 237 340 242
 196 186   2 183 264 369
  73 168  24 367
 348 102 345 371  15  19  72 170 179 266 295 334
 323 345  23  66  45 138 211 220 233 271 283
 337  60 333 347 258 373
 176  26   2 171 203
 207   8  31   0
  39  47 376  46 275 299 319 327
 214 230  50 344 130 256 374
   1  14 143 323
 336 106 331  98   4 257
 287 315 368 276 235 255
   3 182 168 221 244 356
 316 366 276  35 280 325
 142 196 140 355 226
  18 270 240 213
  49  11  66 290  19  61 144 357
 238 260 211 348 101 111 155 295
 337  77 359  78 158 198
 230 341 363 221  87 227 297
 151 186 118 277
  39  47 362  44
 343 233 225  17  68 155 265
 197 271 215  46
 159  70 268 156 232 243
 118 140 353  99 112 136 241 251 264 272 307 389
 231 341  12 291
 338 188 346 212  41 133 237
  99 279 290 113  92 246
 113  19  58   5 217
 262 307 115 204 167
  74  48 104 297 304
 293 183 246 122
  96 267 123 340 218
 380 136 116 335  22 272 339
 209  51  41  42  55 150 229 320
 302  52  53 228 252
