 246  93 247  95  39 154
 368 369 151 237  44
 332  19 229 222 116 122 298
 348 228 189 170  15
 311 362  12 227  60
 251 330 139 182  15 201
 226 317 298 213 262 322
  43 357  57 299
 281 300 315 343  33 370
 339 290  11 386 156 200
 142 147 290 339
   9 250 239 351
 362 391 346 319   4  60 214 219 227 311
  81 350  96 275 254
  64  67 238 267  25 232 336
 219   5   3 251
 187  61 293 331
 303 283 260  64  25 130
 175 204 115 335 259
 229   2 321  92 116 178 247
 204 216 222 385 115 167 247
 148  53 281 295 183
  32 198  58 312  41 243 340
  63 131 182 286  49 155 164
 343 315 171  38  97 110 150
  14  17 267 234
  69  34 361 275
  58 223 210 301  40 172 338
 250 149 263 126 244 338
 382 309  48 180 308
 104  84 223 109  46 102 110 271 363
  68 230  55 359  33  93 276 345
  22 312  57 284 117 206
  31 183  68   8  54 186 246 276
  81 182  49 129  26 275 310
 180 249 352 305 113 197 207 212 365
 329 223 199 301  50  59 202 337
 188 249 126  70 173
 211 258 315 256  24 316
 373  93  52   0
 374  27 172 334 278
  63 199  59  22
 327 248  76  65 192 218 231
   7  79  57 225 124 133 138 347
   1 263 244 250
 318 367 258 331 307
  30 363 210 109 338
  66 210 346  73
 123 163  70 296  29 126 132 205 269 309 382 390
  23 182 192 131  34 155 231
 329 260  36 283
 135  81 220 112 127 350
 302 144  39 155 154 161
 148 295 109 256  21 328 337 389
  33 370 186 157
 316 280 171 281  31 183 276 372
 373 127 231 218 111 268
 347  43 277   7  32  72 284 299 391
 374  27 194 170  22 117 172 208 289 334
 199 376  36 223  41 165 202 288
 219   4  12 284
 331 367  16 293
 209 108 140 297  91 137 174 195 230 308 318
 349 152 384 286  23  41 101 131 245
 312 117 223  66  14  17 206 271 303
  76 238 340 327  42 192 234 245 354
 104 223  64  47 243 303
 376 238 312 384  14  99 168 271 334 340 354
  31 328 295 230  33 307
 221 361  77 275  26
  48 296 309 382  37 110 132 163 205 207 249 297
  94 388 174 359  82 103 128 264 270
 284 391 347  57 314
  47 260 283 343
 301 170 348  84 198 228 289 319
 185 208  78 168
 327 376 145 199  42  65  83 165 176 238 245 288
  78 168  99 354  69 136 173 221
  77 168  99 354  75
 159  43 364 121  88 133 306
 266 384 136 265 112 279 310 383
  51 112  34  13  96 275 279 350
  94 264  71 359 255
 145 176  76 327 278
 109 104 343 357  30  74 102 214 225
 212 257 269 366 169
 305 180 249 126 113 232 366 379
 366 169 308 257 146
 369 378  79 282
 274 120 114 124
 273 245 324 176 164
  62 359 258 209 195 323 389
  19 229 226 178 161 317
 183 280  31 260   0  39 246
  71 195 359  82 264 270 335 388
 320 247 342 345   0 178
  13 275 383  81 181 224 254
 162 346  24 211
 203 261 390 304
 312 206 147  67  77  78 168 336 354
 261 123 294 149 203 263 313
 190 134 386  63 129 326 349
 281  30  84 172 353
 344 128  71 255 184 325
  84  66 343  30 239
 160 119 267 353 302 333
 191 319 187 311 370
 241 170 339 277 125
  62 174 209 140 297 342 381 388
  84 343 281 357  30  46  53 148 210 337
 296  30  24  70 119
 158 218  56 373
  81  51 220  80 268
 365 351  86  35
  89 227 148 346
 175  18 204  20 179
 385   2  19 298 144 161
  64 147  32  58
 323 197 341 180
 249 110 297 267 105 160 333
 274 311 211 364  89
 225 291 235 196  79 228 378
   2 332 298 385 166
  48 100 296 126 163 236 250 253 269 294 351 390
 133  43 364 306  89
 375 156 107 241
 123 296  48 188  28  37  86 236 250 351 382
 350 373  51 135  56
 103 184 344  71 146
 136 265 279 101  34 326
 267 333 232  17
 248  63  23 387  49
 297  70  48 309 207
 124  43 347  79 138 272 273
 386 101 190 290
  51 220 139 350 127 164
 129 279  77 265  80 361 383
 381 308 390  62 141 157 360
 378 133  43 368
   5 251 201 182 135 240 330
 209  62 355 297 108 352 381
 360 365 137 390
 290  10 147 339 265 375
 285 213 321 344
 302 270  52 116
  83  76 165 327 176 201 240
 325 128 184  87
  10 142 117 339  99
  53  21 109 281 114 183
  28 211 100 315 292 319 338
  24 300 162 239 370
 368   1 244 369
 190 289 170  63 172 198 324 374
 353 172 288 371 278
 307  52 155   0
  49 371 314  23  52 154
 290 339 313   9 125
 302 160 137 236  54
 218 336 333 363 111
  79 364 291 235 217 237 282 378
 105 119 333 355 157 302 342
 116 317  52  92
 346 343 193  97 150 283 300
  48 296  70 123 205 287
 201  90 135  23
  76 145  59 199 240 248 286 373
 262 377 298 122
 321 222 216  20 179
  78  77  99  67  75 173 185
 257 253 304  85  87
 348  74 198 277   3  58 107 152 194 219 241 286 289 391
 281 295 343  24  55 328
 223  27 152  58  40 102 153 314 371
 232 168  77  37 221
 108  62 388 209  71 320
  18 115 204 335 179
  83 145  76 327  90 278
 277 347 306 391 387
  92  19  95 325
 167 115 204 175
 197 309 382 304  29  35  86 118 205 249 341
 254  96 377 322
 286 251 330 248   5  23  34  49 139 220 231
 280  21 148  55  33  93 186 276 372
 257 344 103 128 146
  75 354 245 168 356
  54 280  33 183 246
 106  16 370 227
 253 126 304 351  37 236
 348 386 194   3
 386 277 152 348 101 134 265 266
 106 315 319 316 233 292
  65 327 354  42  49 242 358
 228 162 346 198 243
 348 301  58 170 189 374
  94  91 359  62 320 345 372
 121 291 313 256 292
 180 309  35 209 118 341 366
  74 170  22 152 193 235 243 284
  59 376 223 202  36  41  76 165 288 329 363
 232 250 380   9 221
 139 145   5 251 164 240
 376 199  59  36
 261 100 217 294  98 313
  20  18 216 385 115 175 179 259
  48  70 163 180
 312  64  99  32 336
 249 132  70  35
 334 384 380  58  75
  62 140 355 108  91 174 197 352 381
 109 233 343  27  46  47
 258  38 331 149  97 120 215 256 274 367
 305  35 249 253  85 366
 285 298 226 143   6
 357  12  84 319 362
 364 261 211 256 274
  20 385 204 222 167 259 321 332
 203 237 159 261 282 369
  42 158 288 363  56 111 358
  60 170  12 284  15
 135  51 182 112 310
  69  77 173 200
 321 332 216  20   2 167 229 385
 301 199  36 172  27  30  59  64  66
 242 356  96 358
 357 121  84  43 239 299
   6 213  92 229 298 317
 346 319  12 311   4 114 187 300
 348  74 121 364   3 193 300
  19   2 222 321  92 226
 318 316  62 297  31  68
  42  49 248 182  56
 380 200  86  14 130 173 267
 210 315 346 191
  25 340 353  65 242
 121 159 378 198
 296 126 123 188 157
 368 217 378 159   1 244
  67 376  76  65  14 336 340
 299 104 225  11 150 303
 201 145 139 165
 170 107 348 375 125
 224 336 192 234 356
 198 193  66  22
 291 378 237  28  44 151 369
 327  65  76  63  90 185
   0 186  93  33
 270 321  19  20   0  95
 384 131 286 165  42 182 231
  70  35 309 180  37  86 119 207 212
  28 126 123 263  11  44 200
   5 330 182 139  15 201
 359 293 367 323
 304 188 123 269 169 212 351
 181  96  13 350 268
 103 325 285  82 270
 211 258  38 196  53 215 287
 169  85 184 308  87
 211 331 256  38  45  91 316 318 328 367
  18 335 204 216
 283 329  50 281  17  73  93 280
 203 100 294 215  98 217 313 367
   6 166 298 317 377
  28 368 100 250  44 287
  94  82  71 359
 266 142 386 190  80 129 136
 265 384 284 190  80
 119  14 232 333  25 105 130
 254 350  56 112
 296 123  48 253  85
 247  94 255  71 144
 312  64  67  30 379
 372 389 133 335
 371 314 347 133  90 324
 120 215 311 211  89 293
  81  34  96 383  13  26  69 358
  31 183  55  33 345
 190 177  57 170 107
 153 176  83  40
 136 129  80  81 383
  55 281 183 260  93 186
 171 109 343 295   8  21  55 102 148 260 280
 369 291 217 159  88 326 361
 260 346 329 162  17  50  73
  72  32  57 198  60 219 266
 213 325 143 255
  63 170 165 384  23 182 248
 256 313 263 163
  76 199 376  59 153 218 314 363
 152  74 170  58 349
 339 142   9  10 134 156
 121 378 159 339 196 244 282 361
 191 196 149 313
 274  61 367 252  16
 100 261 203 123 324
 171 281  53 328  21  68
 269 123  70  48 110 126 163 236 365
  70 140 132 108  62 119 230 355
 213   6 226   2 116 122 166 262
 239  57   7 225
 150 228 227 162   8 370
  74 223 343 348  27  36 194
 157 160 333 105  52 144
  66  17 239  64
 253 390 351 188  98 169 180
 212 365  35  86 366
 347  79 364 177 124 326
 318  45 328  68 154
 137  62 390  29  87 257 341
  70 180  48  29 132 197 249
 387 220  80  34
 120 319 227  12   4 106 274
  32  64  67 206  22  99 271 354
 196 261 203 100 156 287 292 361
 371 172 288  72 155 273 373
 343  38  24 149   8 191 233 316
  38 191 315 258  55 230
   6 226  92 262 161 322
 331 367 258  62  45 230 307
  12 346  74 149 106 191 214 227 311 362
 342 195  95 174
 222  19 216 167 143 229 247 332
 377 181 317   6 356
 359 367  91 252 118
 371 273 294 152  90
 285 255 344 103 146 178
 101 306 282 129
  76  42 145 376  65  83 176 192 245
 295  53 258 171  68 307 389
  36  50 260 199 283 337 353
 251   5 182 139
 367 211 258 318  16  45  61
   2 222 321 216 122
 267 160 119 105 130 158 302
 384 374  58  67  40 208 380
  18 259 175  94 272
  99 238  14 206 158 242 358
  36  53 329 109
  27  28 149  46
 290   9 386 291  10 107 142 147 156 375
  65  67  22 238 234
 197 390 180 308 118 360
 320 160  95 108
 315 109  84 104   8  24  73 162 171 210 281 301
 103 184 325 128 143
 276 195  95  31
 162  12 319 227  47  97 114 193 233 283
  57  43 306 391  72 133 177 273 387
 194 189 386 170   3  74 190 228 241 301 375
  63 101 289 384
  51 135  81  13 127 254 268
 304 126 123 253  11 113 188 390
 355  35 209 140
 153 329 363 102 105 234
 312  99  65  67  77  78 185 192
 209 140 352 297 160
 224 185 322 242
 225  84 109   7 214
 336 275 192 218 224
  91 389 252  94  31  71  82 195 264 323
 141 341 137 390
 313 291 136 282  26  69
  12 319 214 391   4
  46 288  30 199 158 218 353
 159  79 215 228 120 124 306
 305 113  35 296 141
  86 197 212 305  85  87 379
 331 258 211 261  45  61 252 293 318 323
 237 263 151   1 138 380
 282   1 217 244  88 151
 150 300 106   8  54 187
 172 273 314 153 155 324
 389 183 195  55 272
  39 165 127 314  56 111
  58 194 152 334  40
 142 241 339 348 125
  67 202  76 199  59 238 288 327
 322 181 166 262
 291 159 121 235  88 138 237 244
  86 366 271 380
 384 232 334 368 200 208 379
 137 209 108 140
  70  29 126  48 180
 275 279 136  80  96
 334  67  63 248  80 208 266 286 349 380
 216 204  20 222 116 122
 190 134 348 339   9 101 189 265
 391 177 131 347 310
  71 174  94 108
 359  91 328  53 272 372
 304 123  48 351  98 137 141 308 341 360
  12 170  57  72 177 347 362 387
