 172 259 258 157  71
  14 364 138 330  67 217
 196 307 140 116 203 262 355 369
 221 329 367 168   7  63 114 182
 350 190  40 306 243
 283 348  64  23  27  45 223
  95 122 116 140  85 216 307 335 353
 114 202  63   3
 207  51 361 301  31 148 226 320
 118 289  99 112  58 322
 279 323 326 283  58 113 166 185 290 292
 290 371  81 279 186
 231 230 381 178 227 351 374
  62 190 143 164 300
   1 330  97 191  59 364
 170 266 102 357 151 377
 119  67  22 150
 220  64 345 348 223 327
  96  52 270 370 267
 294 371 345 348
 204 175 247 216 229
 388 340 189  93  34
 272 389 119  27  16 254
 283 358  45 343   5 233 271 323
 253 285  35 356  69 280
 222 335 116 175
  32 293  85 122  33 191 194 209 324
 241 272   5 389  22 111 161 264
 318  38  70 168  29 205 244 297 314 386
 249 188 250  28 126 154
 168  38 162 182  74  87
 247 361   8 175
  26 330 349 180  92 324
 191  26 209 136 194 222
 340 267 373  21
 316 285 124 253  24 117 165 280
  37 340 261 105 195 213 354
  93 340 149  36
 168 329 318 221  28  30 104 124 224
 376  47  44 362
  47  44  45 152   4 137
 236 390 288 212  42
 390  71  55  41
 345 294 220 358 327 328
  46 177  97  47  39  40 298 350
  23 233   5  64  40
 349 185  44 177  97 326 350
 152 177 283  44  39  40  86 376
 126 163 132 169  84 154 249 250
 166 384 371 283  68 161 186
 260 341 344  72 141 256
 207 194   8  85  55 361 390
 131  96 107 287  18 332 388
 268 228 337 287 198 252
 157 184 321 347
  51 361 390 207  42  71 125 172 229 320
 328  57 345 327 137 298 319
  56 328 141 311 106
 322 279  10   9 112
  14 330 177 389 192
 261  88 105 153
 311 197  80 215 319
 281 143 177  13 164 190
 114   3 329 316   7 237
 348  17 345   5  45  86 155 223
 153 218 184 109
 371 357 294 215 102 292 295
 209   1 288 299  16 145
  49 377 170 371 119 254
 168 117  24 253  96 162 265 267
  28 318 253 117 146 205
  42 258  55   0
 344  50 260 211  76 128 130 305
 168 182 114 346 133 356
  87 386 304  30
 252 347 245 198
 334  72 260 211 303
  78 359 105 333 347 373
  77 109 105 359 184
 235 296 239 123 135 310 391
  81 281  61 292 197 277 311 319
  80 292 271 281  11 277 290 378
 212  83 206 181
 128 206 141 341  82 352
  48 250 126 154
  94 293   6  26  51 207 360
  64 111 348  47 155 300
  74  30 386 182 269 304
 261  60 105 258
 246 383 183 293  92 387
 301 115 385 321 167
 125 302 184 315
 293 349  32  89 263 324
  37 149 337 333  21 340 373
  85 116 194 293 192 234
 175   6 183 353 148
  52 131  69  18 158 267 332 388
  46 177  44  14 138
 120 108 274 174 219 365
 118   9 136 383 113 139
 315 123 317 189 276 282 366 391
 341 372 128 238 291 304
 357 211  66 225  15 151
 291 206 284 227
 221  38 329 182 224 265 386
 333  77 261 109  36  60  78  88
 137 331 336  57 248
 285  52 159 317 131 213 240 388
 132 163 169 174  98 199
 153  78 105 184  65 172 195
 181 201 328 190
 348 343  86  27 119 155
 118   9 233  58 134
 383 279  10  99 139 152 171
  63   3  73 329   7 165 202 316
 301 116 385 307  90 167
 122   6   2 353  25  94 115
 253 356  35  69  70
   9  99 112 196 142 186 322
  22  68 372 111  16 254
  98 274 365 174
 267 332 131 354
   6 116 183 293  26 176 216 335 360 387
 315 100 189 287  79 135 391
  35 253 244  38 162
 172  55  91 153
  48 250 169  29  84 249
 147 354 340 213
 341 130  72 206  83 101 305
 263 175 148 183
 214 128  72 363 227
  52  96 107 149 121 332 388
 108 163 174 214  48 169 199
 346  73 231 178 286
 233 343 251 112
 123 240  79 315
  99 171 380 383  33 187 222
 106 331  40  56
 345 358 220  97   1 181 328
 355 278  99 113
 307   6 380   2 142 196 241 360 369
 341  57  50 327  83 308
 369 196 118 140 313
 190  62 326  13 364
 215 295 294 372 352
 327  67 308 288 273 352
 379 158 159  70
 242 127 237 213
  95 247 175   8 129 312
 337  93 159 317  37 131 158 268 270 287
  16 321 172 218
 375  15 102 170 313
  47 281 113 323  40 300
 172 109  65 184  60 125 218
 249  48  84  29
  86 111  64 372
 276 368 366 317 239 282 310
 321  54 259   0
 332 159 149  96 146 198
 149 158 107 317 146
 208 344 210 174 219 256
 166  49  27 272
  30 124  69 318 284 314
 132 108 169  48 199
 177  13 323  62 300
 114  35 316 285
 283 279  49  10 161 186 289 384
 115  90 307 301
 182  38  73 221   3  28  30  69 329 356 367
 163 132 108  48 126 219 257 274 338
  15 266 357 322  68 151 377
 383 136 389 113 187 191 222 278 339 355
 153   0 109  55 125 150 195
 275 330 180 193 306
 132 160 311 208  98 108 120 219
  95 183 335 204  20  25  31 129 148 263
 360 272 389 122 203 264 355
 283  46  47  44  59  62  97 164 185 362 376
  12 182 346 231 133
 342 208 211 344
 193 362 349 299  32 173 275 288
 110 201 138 336  82
 168 221  73   3  30  87 104 178 297 367
 122  95 175 335  89 129 263 387
 347 153 109  78  54  65  91 258
  46  10 177 279 349
  11 118 166  49
 339 222 171 136
  29 230 200 329 291 309
 100 123 228 315  21
 143  62  13 303   4 110
  33 349 171  26  14 209 330
 234  59  94 306
 180 288 362 349 173 275 299 306
  94  26  51  33 234
  36 109 261 172 312
   2 246 118 140 142 355 369
  61  80 215 311 375
 373  53 158 337  75 232
 214 132 108 163 237
 230 363 231 188 374
 110 181 336 236 352
 325   7 114 276 212 379
 226 360 176   2
  20 175 216 262 247 385
  70 318 253  28 310
 128  83 238 341  82 103
 361  51   8  85  55
 160 344 334 174 179 342
  67  33 191  26 251 390
 225 344 160 311
 357  72 225 334  76 102 179 303
 236  41 382 202  82
  36 370 368 107 127 147 354
 130 363 199 132
 371  66  61 295 144 197
 204   6 301 122  20 262
 299   1 223 220
  65 153 150 347
  98 160 174 169 338
  17 345 283 358  43 138 217 299
 329   3 182 367  38 104 168 224
 187 136  33 171  25
  64  17   5 343 217 273
 104 356  38 221 257
 334 210 357 211 102 260 266 342
 203 361   8 369 232 312
 374 230 130  12 103 284 304
 359 347 337 268  53 189 252
  55  20 390 324
 374 363  12 200 188 227 351
  12 381 200 133 178 346
 226 198 243 312
 343 134  45  23 112
 194 192  94 275
 239  79 296 316
 212 201  41 382
  63 242 199 329 147
 295 348 345 372 101 206
 235  79 156 296 273 302
 287 370 107 315 135
 380  27 353 140 251 264
 147 237 286 280
 261 232   4 379
 124  28 250 367 269
 269 332  75 297
  89 353 196 383
  20  31 204 148
 331 365 336 106
  29 126  48 154 314
 126  29  48 329  84 244 309 318
 134 241 209 380
  53 228 347 268  75
 117  35 124  24  69  70 205
  22 119  68 377
 296 285 316 280 286
  50 344 260 160 351
 274 318 224 169
   0 184 259  71  88 320
   0 157 301 321 258 312
 344  50  72 225  76 256 341
  60 105  88  36 195 243
 385 204 216   2
 183 175 129  92
 360 176  27 241
 386 297 104  69 313
  15 170 225 357 305 377
  96 121  69  18  34
 287 149 228  53 252 270 317 333
 297 244 386  87 245
 287 149 337 268  18 370
  81 378 358  23 298
 176 389  27 360  22 161
 308 223 239 145
 120  98 365 169 257
 173 180 193 330 234 306
 317 156 100 368 202
  81  80 322 290 375
 326 171 139 383
  10 113 166 290  11  58 185 289 326 383
 255  35 287  24 242 325 379
  81  80 152 292  62
 310 100 156 368
  23 323 166   5  10  47  49 177 220 343 358
 103 304 162 227
 296 107  35 255  24 165 316
 242 133 255 356
 268 123 270 149  52  53 240 280
 193 180 330 362  41  67 145
 322   9 279 166
 279  11  10  81 277 378 384
 381 188 382 101 103 304
  81  10 281  66  80 378
  26  85 122 353  89  92  94 387
 371 345  19 348  43  66 144 295 357 372
 238 372 294  66 144 215
 285 316 255 368  79 235 239 366
 386 269 182  28 245 265
  56 319  44 271
 180 193 217 220  67
  86  13 164 152
  90 115 216   8 167 259
 304  91 391 239
  76 334 211 190
 227 291 101  87  74 284 302
 341  72 128 266 308
 275 173 330 193   4 192
 140   2 335   6 115 167 385
 145 305 141 341 273
 338 382 250 188
 282 156 205  79
  61 210 174  80  57 197
 195 259 226 148 232
 375 265 151 142
 162 388 249  28
 100 123 189 366  91 135 240
  35 296 285 114  63 165 235 255 368
 276 100 149 268 107 156 159 379 391
  28  38  70 250 162 205 257
 298  56  80  61
  55   8 361 258
 157  90 259  54 150
 289  58   9 118 170 277
 283  10 358  23 152 164 326 364
  32 350  92  26 229
 202 280 368 379
  10 323  46 279 143 278
 345  17  56  43 141 145
  56  57 138  43 110
 221   3  38 168  63 104 114 188 237 250
  32 349  14 191   1  59 173 275 288 306
 336 106 248 365 137
 158  52 131  96 121 245
 105 359  93 268  77 340
  76 225 211 344 208 303
 307 183 122   6  25 175 389
 331 365 106 201 181 248
 149  93 228 373  53 198 270
 309 382 169 219
 171 353 187 380
  37  93  36 333  21  34 127
  50 128 260 141  83 101 206 305 308 381
 179 225 208 344
  23 233 348 283 111 134 223
 260 160  72  50 179 208 210 256 334 342
 358 294 220 348  17  19  43  56  64 138 238 327
 133  73 231 178
 359 228 184  77  54  75 218 252
  64 294 345 358   5  17  19  86 111 238 343
  46 330 180 185  32  92 191 193 350
 349  46 324  44   4
  12 230 256 377
 144 145  83 201
 380 246 293   6  95 116 241 339
 127 121 213  36
   2 196 171 176 139
 117  73 168  24 224 286
  66 294 211 225  15 102 170 266 372 377
 345  23 323 283  43 138 220 271 348
 228 347 333  77  78
 176 140  85 122 203 264 272
 207  55   8  51  31 226 320
 193 376 180 177  39 288
 230 214 374 130 200
   1  14 143 323
 120 331  98 336 248 274
 315 156 100 296
 221   3 182 168 244
 296 276 316 156 213 282 325
 142 196 140   2 226
 240  18 270 213
  66 294  49 215  11  19  68 384
 295 357 294 238 101 119 144 155
 337  93 198  77  34
 230 363 200  12 227
 151 313 277 197
  39 362  47 177
 170 357 266  15  68 254 351
 271 292  81 290
 325 280 317 202 146 243
 241 140 353 136 251 339 389
 231 341  12 291 382
 338 291 309 381 212 236
 113 171 279  99  89 136 246 278
  49 166 290 371
 262 307 115 204  90
 297  28 104  74  87 265 269
 293  89 183 122
  52 131  96 107  21 314
 272 171 380 335  22  27  59 176
  51  55  42 209  41 229
 123  79 100 317 302
