 122 161  37 245
  30 366 110 223 117 310
  93 222 196 293 204
 367 124 257  75 219
 232 151 328  47 386
 278  64 251  14 282 376
  67 298 164 268
 297  97  75 121 342
 226 263 166 154 163
 383 292  10 322 120 128 181 217 274 279 290
 322 383   9 279 136 217 281
 365  70 350  75 342
 152 348 336 170  92
 146 130  45 139 301
  64 283 278 326   5  55 102 177 220
  34 203 329 238  58 131 197 331
  77  31  78 157  94 106 211
 348  64 283 278  92 156 177 282
 199  69  93 335 204 307
  49 171 155 371 104
 204 160 231 229 307
 144 299 166 154 194 255
 109 161 314  41 316 320 378
 131 233 171  44
  94 370  31 116
 116 370  78 157  77 114 140 148 211
  67 191 268 153 316
 238 239  34 283 391
 205 282 126  29 266
 336 290 254 126  28  86 169 380
 100 111  71 223   1  50 117 145 224
 157 349  16 321  24
 147 103 381  57
 353 195 226 150 149 189 388
  15 287 283  58  27 127 192 329
 131 303 115 298
 368 331 329 164  89 176 178 197 325
 245 189   0 385 122 316
 374 377  51 356 115 228 294 317
 143 354 229 247  87
  88 280 181  60 201 241
  46 314 165 161  22
 327 288 178  83
 305 373 293 323  95 235 308 362
 287 243 375 313  23 155
 253 130 129 328  13 219 304
  41 168 161 247 162 165 314 378
 338 375  80 243   4 139 151 277 380 384
 107 132 318 174 330
 371  68  19 286 171 185 346
 100 319 101  30  63  73 103
  38 230 377 115 286
 385 213 245 122
 108  99 129 253  61  75 228 365
 335 216 321 157 116 276
  81  14 134 243 252
 265 258  91 305 193
 284 159 272 363  32 381
 287  34  15 155
 385 324 221 186 162 165 354
  74 280 205  97  40 182 250
 253 108  53  75 124
 120 126 207 217
 101  50 239 110
 283  14 278 348   5  17
 225 208 267 229 105
 251 198 142 134 389
  26   6 268 153 191 275 347
  49 374 232 371 304
 199 150  93 267  18 160 213 240
  11 365 350 248 347 351
 145  30 223 111 188 306
 274 345 151 230 233
 319  50 100 379
  60 128 280  99  84  88 182 205
 129  97  53 253   3   7  11  61 257 297 367
 284 382 190 296 180 272 363
  78  25  16 157 114 212
  77 157  25  16  96 114 140
 340 284 125 159
 339 375 383 292  47
 142 251 113 118  55 134 198
 174 158  85 257
 153 172 178 202  42 218 259 295 390
  74 205 357 128
 332 289 130 215  82 301 302
 249 169  29 386
 160 341 143  39
  40 206 181  74 201
  36 303 329 197
 161 175 109 259 320 390
 258 265 359  56
 283  17 348  12 389
 199 150   2 222  18  69 196 225 246 262 372
  24 370  16 157 119 135 148
 293 305  43 373
 330 256 312  78 106
  60 129  75 253   7 257
 386 249 384 338 169 252
 128 280  53 290  74 108
  30  50 111 223  73 101 190
 306 369  63 100  50
 345 220  14 326
 284 319 188  50  32 147 381
 185  19 371 346 285 295
  65 221 240 183
  16  96 212 211
  48 318 211 302 312
  53 280 253  99  61
 316  22 390 218  90
 369 223 123 111   1  63
  30 223  71 369 100 110 319 366
 279 292 206 210 156
  81 142 118 338 249
 370  25  77  78 140
  51 345  38 179  35
 370  25 157  54  24 135 307 311
 366 223  30   1 275
 326 383 142 322  81 113 152 210 243 387
 148  94 135 343
  62 290 207   9 126
 350 124 236   7 300
   0 370  52  37
 110 223 238 319 197 298
  61 121 158 367   3 174 248 270 350
 340 382  79 237 244
 290 128 120  62  28  29 205
 238 260  34 239 203 331 368 376 391
 290  74   9 126  84  99 280 357
  53  75  97 253  45 130
 146 367 253 129  13  45  85 228 248 294 365
 329  15 303 203  23  35
  48 330 174 256 300
 324 363 273 221
 251 326 142  81  55  66
 148  94 116 343 119 311
 279 207 383  10 198 206 210
 237 296 360 340 261
 196 315 373 305 337
 356 377  47 374  13 380
  25  78 114 157
 193 173 352 360 209
 118 326  81 134  66 113 198 251
 354 341  39 200  87 168 320 378
 255 194  21 166
  71 188 223  30 288 306
 130 365 253  13 248 294 367
  32 159 381 103
 135 119  25  94 311
  33 362 195 308
 262  93 167 246  33  69 184 195 240 264 267 299 335 353 388
 313 375  47   4  72 230 232 328
 336 383  12 118 170 217
 172  83 178 268  26  67
 226 263   8 166  21 163
 287 232  44 277  19  58 271 346
 282  17 251 112 177 266 310
  54 370  31 116  16  25  77  78  94 140 212 355
 350 124 257 174  82 270 312
 272 200  57 363  79 147 381
 229 231  20  69  87 247 344
  41  46  90  22   0 175 314
 168 221  59  46
 154 256   8 226
 368  36 329 303   6 178 298 325
  41  59 186  46 175
   8 299 263 154  21 144 255 311
 299 184 150 222 235 263 359
 221 378  46 143 162
  86 269  29  98
 336  12 287 152 364
  19 317  49 271  23 215 343
 153  83 218 202
 141 221 324 193 273 352 360
 257  48 124 132  82 158 318
  90 165 272 161
 331 227  36 368 333
  17 156 369  14 282
 368  36 288 164  42  83 153
 214 357 358 182 115
  76 363 190 272
 274   9 207 290  40  88
 357  60  74 217 179
 372 362 315 221 105 242 361
 235 167 222 150 263 388
 346 371 104  49 295
 324 231 354  59 165 307 337 344
 285 331 368 329 327
 288 145  71 296 103 224 227 237 382
 267  33 195 245  37 234
  76 296 100 382 180 291
  26 365  67 268 301 347
 329 325  34 203
 141 173 360  56 352
 144 255  21 342
  33 240 150 267 149 189 212
 138 323   2  93 315 337 372
 329  15  36 123  89
 136 251  81 142  66
  69  93 262 267  18 208 229 264
 143 341 159 354
 236 241  40  88
  83 259 285 172
  15 329 238 127 131 192 285 389
  20 344   2  18 337
  60  74 280 126  28  84 250 266 297 309
 112  88 210 136 233
 274 120 290 387  62 136 181
 225 199 293  65 234
 360 352 245 141 261
 136 118 279 322 112 206
 107 270  16  25 106 343
 355 195 157  77 106
 293 373 264  69  52 245 344 385
 358 179 377 334
  85 302 171 371
  54 335 321 276 355
  10 152   9  62 182 357
 172  83 259 109
 241  45   3 257
 345 102  14 326 233 391
 324 231 168 242  59 105 133 162 173 183 273 341
 246 353 308  93   2 167 184
 369 111  30  71   1 100 110 117 123 145 306 319 366
 188 382 296  30 244 291
 293 208  65  93 245
 321 154   8  33 163
 176 188 288 331 333
 367  38 130  53
 160 231 199  39  20  65 247
 151 313 328  72  51 304
 242 221 229 160  20 186
   4 155 328 151  68
 345 206 220  72  23 379
 189 352 245 208
 184 305 167  43 265
 241 121 201 257 300
 296 137 188 382 125 275
 127 260  15 239  27 123 203
 238 260 127 369  27  63
 195  69 150 388 105
 236 257  40 219 201
 231 341 221 183 273
 118 338 322 383  44  47  55
 125 224 333 269
 385 213 225 293   0  37  52 189 209 234
 222 353 150  93 299
  39 160 229  46
 130 286 124 146  70 289 332
 386  98 113 387  86 252
 297 205 257  60 309
 134 142  81 326   5  66 156 198
  55 386 249  98
 129  97  45  53  61  75 108 130 146 257 304 367
 292 290 339 274  29 387
 144 359 166  21 194
 163  96 330 132 351
  97  75 253 174   3  82 158 219 236 241 250 350
 265  91 373 305  56 359
 202 303  83 218  90
 238 127 239 369
 360 291 209 137
 264 150 199  93
 154   8 167 184 166 388
 262 150 267 199 213 299
 258  56  91 235 359 361
 309  28 156 205
 199 353 264 150  65  69 189 195
  67 153   6  26 191 275 333
 282 376 169 310 244
 211 124 330 158 347
 317 334 356 155 171
 159  57  76 180 175 390
 173 221 133 242
 181   9 292 207  72 254 387
 268 117  67 237
 349 335 321  54 216 355
 338 287  47 375 155
  64   5  14 283  17 376
 292 383   9 290  10 112 136 210 281
  60  74 128  99  40 108 205
 279 383  10 292
 156   5  17 177  28 269 310
  64 348  14 278  17  27  34  92
  76 363 382  57  79 103 327 340
 187 331 203 104 202
 377 334 358  51  49 248 317
  44 338 277 155  34  58 170
 188 145 296  42 178 227 327 333
 332  85 301 248
 128 292   9 254  29  99 120 126 181 207 279 336
 382 224 296 190 261
 383 339   9 254  80 112 274 279 281 290 387
 225 305 373  43   2  95 208 213 245 308 362
 365  38 146 130
 346 185 104  83
 382 188 288 224  76 137 190 237 291
 250   7 205  75
   6 123 303 164  35
 167 246 264 150  21 166
 236 121 132 309
  85 289  13 191
 318 332 107  85 215
 329 164 131  89  35 259 298
 230  45  68 253
  43 293 373 308  56  95 138 235 258
 101 145  71 223 379
  18 116 186  20
 305 293 222  43 149
 250 350 266 205 300 342
 269 282 156   1
 148 135 116 166
 330  96 107 158 351
 151  44 375 322 230 345
  41  46  22 161
 138 362 196 183 324
 109  22  26  37
 271 171  38 286
 107  48 302 174
 223 123 111  50  73 103
  90 354 143  22
 226 355  54 276  31 216 349
 383  10   9 339 118 210 243 313 375
 373 372  43 196 361
 221  59 186 315 133 173 385
  36 164 329 368 192
 118 142 134 383  14 102 220 251 345
  42 288 187 284
   4 232 151 377  45 230 374
  15 203  34 197  36  89 131 164 187 192 303 325
 132 312  96  48 256 270 351
 127 368  36  15 176 187 227 285
 289 302  85 248
 268 288 176 227 244
 358 356 377 357 214 271 286 364
  54 216 276 150  18 349
 152 290 383 338  12  29 170 384
 196 186 138 204
  47 243 336 287  98 113 277 384 386
 383 292  80 322 254
  79 125 284 363 137
 242 143 200 221  87
  11   7 350 309 194
 211 171 135 119
 204 213 160 186
 220 102 313 326  72 115 233
 185 371  49 155 104 295
  67 270  70 191
 283  64  17  12  92 391
 276  31 321 335
 121 158 124 257  11  70 309 342
 312 330  70 256
 141 234 193 173 209
 246 222  33 150 267
 143  39 186  59 200 320
 321 276 157 216 212
 139 377 334 357  38 271 358 364 374 380
 182 356 128 217  84 179 334
 334 214 377 356 179 286
  91 258 265 167 255
 141 137 173 193 209 261
 372 265 323 183
 373 293  43 315 149 183
 284  76 180 133  57 159 340
 334 377 170 356
 146 294  53 130  11  70 191
   1 117 223 111
 130 253 146  75   3 124 228
 164  36 331 127 176 178 187 325
 223 239 110 111 101 177 260 376
 116 157 114  25  24  94 122
  49 374 185 346  19  68 104 215
 323 183  93 196 361
 323  43 293 362  95 138 213 258 305
 356  38 328 377  68 139 371
 322  47 383  80  44 151 277 313
   5 278 127 369 269
 356 328 139 358  38  51 214 286 334 364 374
 168  22 143  46
 389  73 233 306
  29 139  47 356
  57 147 159 103  32
 296  76 224 188 125 190 237 284 291
   9 322 339 292  10  80 118 136 152 243 279 281 326 336 375
  47 336 338  98
 245  59 213 324  37  52
 249  98 338   4  86 252
 254 118 274 292 207 249
 150  33 263 184 240
 379  66  92 203
  83 109 272  90
 348 220  27 127
