  37 229 122  94 301 320
 366 288 193 125 180
 196 267 262 264
 367 130  75 129 248
 328 232  47  44
  64  14 348 283 156 282 376
 242 381 314  83
 236 350  97 241
 263 226 353 150 154 166
 383 322 292  10  72 120 181 274 279 290 313 387
 383   9 322 339 217 243
 342 300 121 365
  64 152 348 283 170 206 233
 302  85 106  16
 283  64 348 326   5  55 220 345
  34 197 127 203  58 147 329
 276 349  31 321  13  85  94 106 119 228 302
 177 348  64 283  92 156 282
  69 370 199  93 204 307
 155  49 371 171  38 104 343
 229 247 204 216 347
 167 144 222 154
 172  46 183 231 153 316
 131 358  44 115
 289 370 332 216 307
 335  54 116 157 114 119 135 140 148 211 270 294
  67 105  37 390 191 209 261 301 361
 283 239 348 238 364 391
 126 205 282 169 266
  98 126 336 386  86 169 249
 369 111 100 224 101 117 269
 349 276 157 321  16 330
 376 368 110  55
 353 150 195 388 222 226 305 308 323
  15 147 127 197
 115 131 303  38
 331 103  89 368 164 176 325 381
   0 315 293 189  26 119 320
  49 374  19 155  35
 259  90 202 143  87 317
 280  74  60 128  84 205
  46 172 165  83
 327 288 284 268 162
 323 305 353 189  95 138 149 191 293
 287 243  47 338   4  23 155 192 220 328
 304 130 328 129
  41 231 172 109  22  83 218 242 390
 338  44 243   4  86 155 232
 132 107 124 130 174 318
 371  19  68  38 171 185 286 343 346
 101 100 223 319  63  73 239 391
 358 115 328 286
 385 186 245 373 337 344
  75 108 129 241  61
 157 335  25 370 116 140 216
  14 113 243 338  32
 258  91 265 141
 178 284 137 272 200 298 378
 287  15 277 131
 161 324 165 172
 280  40  74 128  88  97 241
 365  75  53 146 121
 181 217 128 207
 284 101  50 103
 348 283  14   5  12  17 102 170 177 278
 189 225 208 355 105
 369 142 319 198
  26 390 361 105 209
 374  49 139 371
 267  93  18 199 160
 184 388 132 235
 223 111 145 188 133 296
   9 274 313 345  84 230 233 357
 369 223 319  50 379
  40 280 128  60  84 182 205 297
 129 241  53   3  61 121 257 365
 190 296 284 363 133 382
  78 276 335 349
  77 276 335 349 114
 340 227 368 188
 339 375 322 292 151
 142 118 251 134 113 198
 256  85 321 163
 172  46 153 202   6  41 295
 205  40  74  72
 302  16 107  94  13  82
 249  29 380  47 244
 160  39 332 109
 207  60 217 181 201
 303  36 155 164 104 325 381
 161 143 259 231  39 160 247 344 354
 258 359  56  95 265
 101  17 283 348 233 379 389
 199 262 267 150  18  69 122 213 264 355 370
  16 119 321 276   0  85 228 317 320
 305 138  43 353  91 258
 312 256 163 335 107
 241 236  60 201   7 304
 386 384  29 338 169 249 380
 128 280 129 290
 223 101  30  50 110 190 306
  50 100 369  30  63  92 190
 152  64 170 274 345
 260 127 331 110  36  63 123 176 187 368
 371  89 285  19
 316 109  26  65  67
  16 349 276 212  13
 130  48 211  96  85 215 302 367
  53 253 250 318 219
 316  46 105 242  87 341
 188 111 100 223  32 103 123 376
 369  30 223  71 110 224
 279 292 210 134 198 206
  81  55 338 387
 335  25 116  78 299
  35  23 131  51
  25 335 114  54 135 148
 224 369  30 269
 142 134 322 326  81 210 251 277 375
  94  16  37  25 228 294
 274 290   9 292 126
 124 365  61  75  11 297
 199 213  93 229   0
 319 238 103 110 298
 132  48 174 121 158 248
 288   1 268 333
 120 274 281 152  28  29 205
 260 319 238 147  15  34 103 197
 181 290 280  40  60  62  74  99 207 217
 241  75  99  53   3  45
 367 107  48   3  45 215 304
 329  58 147 303  23  35 115 271
  48 124 256 163  70 174
  76 296 363  71
 251 326 118  81 112 136 142
 148 116 343  25
 251 134 279 387 206
 360 237 340 273  57
  95 293  43 305
 356  68 384 377 380
  25 335 312  54 211 248 270 330 347
 173 193 360 352  56 333
 118  81 134 251  66 198
  90 200 259 341  39 354
 255  21 359 167 204
  71 284 382 296 237 272 288 306
 318 367 365  61
 127  15  34 238 131 197 203
 135  25 116 370 294
 373 235 305  43
 195  33 353  93   8 184 222 264 299 372 388
 313 375  80 274 356 377
 336 243 274 383  12 102 126 281
 172 268  83  22
 263 226   8 246  21 163 166 167 351
 232  19  44  47  38  89
 282  17 177   5 266
  54 335  31 321  25 216 370
 174 163 311 124 337
 319 363 178 197
  69 231  90 199  87 344
 231  90  59 242 218 247
 221 168  42 340 352
 256 263 154  96  82 132 158 166
 368 381  36  89 192 325
 324 175  59  41
 263 154   8 163 270
 246 184 154 263  21 144 235 299
 221 378 162 314
  29 269  28  98 244
 102 278  64  12
 343  19  49 202
 153  83  46  41  22  59 202 218 295
 141 193 360 324 261
 318  48 132 124 158 257
 165 354 186 298
 227 331 103  36
  17 348 156  64 282 379 391
  57 197 284 188 159
 214 182 233 357
 306   1 193 366
 128 217   9 383  62  88 207
 357 253  74 274 179 219 257
  22 191 213 189
 235 150 195 167  70
 346 371 295  49
  52 175 354 363
 285 331 327 103 271
 296  71 382 110  79 178 224 227 284
 293 225  65 308  37  43 183 234 315 362
  76 101 100 296 291 306 363
 183  26  43 372
 325 381  44 164
 141 173   1 275 180 333
 209 299 258 362
 150 212 240  33 184 235 372 388
   2 267 208 262 245 373
  15 329 127 147  34 159 178
 142  81 251 112  66
  93 262 355 208  18  69 122 160 225 264 267
 143 341 354  57
  97 236  88 241
  83 172 259  39 171 317
  15 238 329 147 285 331
  20 344  18 144
  74 126  28  40  84 250 266 297 309
 136 279 112  12
 181 387  62 128  88
 225 199 196 267  65
  26 194  67 320
 118 112 279 322
 107  25 270 140 294 332 343
 195 349 276 240 106
 122  93 353 225 183
 334 233 179 357
 130 371 374 107
 157  54 370 335  20  24 289 301
 181  62 128  10  88
 231 161  46 172
 253 182 257 108 311
 345  14  44 283 389
 168 162 385 245 314 378
 353  33 150 246  21 323 351
 100 111  71 319  50  73 110 366 369
  30 188 269 111 117 310
 208 189 199 267  65 213
 154 388   8  33 263 351 355
 176 331 340 188  79
  16 302 119  94 361
 231 122   0 259  20 320
 377  72 357 356 328 334 374
 161 242 218  46  22  90 160 229
   4 155  47 328 374
 345  12  92  72 179 214 379
 308 315 189 293
 184 167 305 195  70 149
  97   7 350 201 300
 296 145 137 382 273 275 340
 260 127 283 319  27 123 147 203 239
 283 238 260  50  27
 195 212 355 388
  97 129  75  60   7  53 201
 231 161  46 109   6 247 341 347
 152 338 336  10  44  47  55 287
 169 310  86 269
 385 373 196 221  52
 353 222 323 154 167 262 373
 259  90 161 242  20
 332 140 124   3
 386 252  98  29  86
 205 309 108 300
 134  81 326 118 136 142 198 278
 386 277 375 338 249
 182 257 219 108
 292 290 339 387
 144 337 359 344 342
 163  96 330 312  82 132
 253 174  75 182 219 297 311
  91  95 305 362  56 194 261 359
  90 247  39 143 202 229
 127 238 103 319 239 278 376
 362  26 173 258 361
  93 199 267 246   2 196
 154   8 166 226 163 167
 199 150  93 299   2
  56 373  91 359 342
  28 156 297 205
  93 199 196 262   2  69 208 225 372
 153 273  42 288 125
 224  30 282 169 117 244 310
 211 140  25 166
 285 303 131 187
 298  57 145 366 389
 275 237 268 137 360
 290 292 152   9  72 102 120 126 151 182
 273 360 237 193
 349  31  77  16  78  94 106 212 321 355
 375 252 287 118  58
  64 260 348 251 170
 292 383   9 339 112 136 206 210 281
  40  60  74 128  99
 279 336 383 152 126
 156   5  17 177  28 269 310
 348  64  14 238   5  12  17  27  92 220 239
  76 145 188 296  42  57  63 178 327 340
 187 331 203 327 104 271
  49 377 334 374  51 307 358
  58 338  44 243 277 364
  42 125 145 327   1 268 333
  24 370 332 216
 292 254   9 274  99 120 128
 382 296 310 190 366
 254   9 290 339  80 112 120 274 279
 189 308 362  43  37 138 234 315
 211 119 148  25
 346 185 172  83
 382  76 188  71 133 145 190 237 284 291 363
 205 121 257  74 266
 272  57 381 123 175
 264 114 150 167 194
 350 250 309 236  11
   0 216 321  26
  85 107  16  13 228 317
  89 131 329 381  35 271
  45 130 374  97
  43  95 353  33 138 149 235 258
 190 145 382 100 180 391
 286  18  24 370
 293 189  33 353 234 362
 250 300 205 350
 291 224 269 282 244
 337 158 219 257
 140  96 335 256 330
 375 322 151   9  72 377
 378 168   6 221
 362 293  37 189 234 316
 105 109  22 315
 202  39 302  94
 174 146 332  48 108
 369 127 223 238  50  66  73 123 159 260
   0  37 229  94 209
 276  31 157 335  16  82  94 301 349
   9 383 339  10  80 118 210 313 375
  43 353  33 222 246 372
  59 165 385 173
 164  89  36 368 192 380
 339 134 383 118  14 251 345
  42 187 284 368 285 288
   4 232  44 230  45  51 358
 197 203  15 131 303
 256 312 140  31 350
 103  36 187 203 176 227 285
 318  24 211 289  87 248
 125 288 193 141 352
 356 377 230 364 214 286 358
  54 157  25 114  77  78  96 116 140 216 312 321
 152 243 338 383  29 281 384
 311 255  52 158
 243  47 336 287  44  55  98 113 252 384 386
 383 326 322 292  10  80 254 279 387
 137 284 227 237  79 162 352
 242 109 143 200 390
  11 265 359 255
 171  49 211  19 135
 204 160  52  90 255
 220 102 326  14  72 233
 185 371 295  49
  20 140 242 372
  64 283  17  14   5  12  27  92 177 278
 276  31  16 321  77  78 106 212
 236 300 330   7 309
 154 388 222 226
 141 333 340 162
  33 323 222 246   8  43  95 150 213 305 308
  90 143 175 200 186
 199  93 226 276  65 240
 139 151 377 357 230 334 384
 182  72 356 230 179 214
  23 334 286 328  51
  91 258 144 255 265 342
 137 173 275 273 141
  67  26 261 228
 293 315 308 189 194 258 261
  76 133 190 296 159 186
 334  27 377 287
  61 146 121  75  11
   1 272 223 291 180
 130   3 107 146
 164  36  32 103  79 325 327
  30 319 111 223  66  73 101 117
  54 157 216  93  18  24 148 289 307
  49  19 346  68 104 185 215
 323 150 195 267 191 347
 196 149 245 246  52 265
  68 230 232 304  38 215 286
 322 313  80 118 151 252 277
   5 260  32 110
 313 230 151 356 139 286 334 364
 168 314  57 221
  73  92 233 177 389
 139  98 325  86
 164  36  89 303   6 192 298
 296 188 145  76 237 291 306
 339   9  10 322 152 181 279 281 326 336 387
  98 336 356 338 139
 245  52 221 324
  98 252 249 338  29
 339 383 254   9 113 136 207
 226  33 195 150  70 240 351
 272 379  92 220
  67  26 341  46
  27 306  50 177
