 122 355  90 172  24 175
  30 223 110 100 117 366
  93 222 196 267 204 276 337 349
  72 233 358 367 211 270
 232 326 375  14 220 243 328 386
 113 142 118 278  29 249 376 380
 298 223 127 123 106 275
 121  75 124 129
 299 263 154 353 163 166
 292 383 322 290  10  99 120 136 181 210 254 274 279
 383 322   9 118  92
 365  70  74  97 266 342
 152 336 374 377  38 328 356 357
 139 170 377 365
 375 232 142  64   4 238 278 313 386
  34 329 239 238  35  55 203 260
  25 370 116 140
 339 292 322 348 210
 199  69  54 262 216 307
 329 155  58 171  23 104 131 203 303 343
 204 160 231 229 186
 144 255 194 226
 137 378 314 161  41
 131  27  19 233 148 211 343
  94 135 122   0
  16 370 116 140 148
 191 153 306 218
 364 115 131 286  23
  29 126  61 250 169 244 269
   5 387 126 254  28  86 169 249 380
 100 110  71 188   1 111 145 366
 256 349  82  37  94
 147  87 159  57
 353 308  95 222 149
  15  44 155 287  55 239
 131  15 303 197 135
 260 368 331 329 176 178
 209 240 225 168  31 109
 377  12 374 345  51 248 294 391
 229  59 186 165 143 247
 280 206  88 182 201 241
 314 216  22 247 284
 218 288 259 172 202 327
 373 308 305 138  56 265
 287 328 243 232  34 102 155 177 345
 253 217 328 384 215
 165  59 168 247 161 314
  64 170 232 151 249 387
 174 107 318 257 236
 170 364 371 155 185 271 302 332 346
 123  89 197 319 103
  38 287 286 374 115
 264  54 157 321
  99  74 290  60  62 108 128 129 205 206 217 280
  18 262 321 199  52 157 216 226 264 307
  15  34 260  68
 265 193  43 305 141
 378  76 200 159  32 109 272 381
 287 232 277 238  19 101 127 131 239 252
 229  65 165 199  39  46 160 208 385
  74  97  53  99  61 182 205 250 257 280 297
  74 126  60 253  28 250
 120  99  53 207
 164 368 101 197
  47 283  14 348 151 170 232 277 313
  59 221 225 183 105
 198 251  92 142 389
 306 212 268 301 333
 139 384 374 155  55  98
 385 199  18 262 264 344
  84  11 365 205 191 342 351
 145  30 188 110 111 227 275
 367 274 313 357   3 233
 272 381 159 147
  60  53  99 290  11  61  97 205 206 280
 146  88 129 228   7
 363 340 200  57  79 125 190 378 382
  78 114 157 166
  77 114 157 370 194 311
 340 190  76 296 237
 152 326 336 375 228
 113 251 142 118 134 198
 256  31 289 311
 178 295 172 153 327 390
 365 253 205 357  70
 374 139 215 286 146 301
 249  29 169 387 244 269
 242 354 341 168  32 180
 108 280  40 129  75
  50 260 203 325 252
 175 172 202   0
 258 265 235 305 359
  10 283 322 136  66 115 294
   2 150 196 324 204 225 335 337 349 372 373
 161 135  24  31 192
 305 353 293 308  33 359
 330 174 124 312
  60  74 357 182  11 124 179 253 257 297 350
 384 386  68 207
 120 290   9 279  53  60  62  74 126 181 206 274
  30 110   1 111 366
 127 110 369  58  63
 345 375  44 313 177 230
 381 200 188  50 284
 331 185  19 371 176 285 295
 141 221  65 173 162 193 273 340 360
 325 332   6 312
 318  48 174 304 219
 280  53 217 128  88
 316 137  37  57
  30 123 101 164   1  71 100 145 366
 369  71 100  30
 279 292 206 156
  81 142   5 251 369 376
  77  78 157 116
  51  92  27 179 317 389
 370 157  25  16 114 307
   1 223 347 366
 322 339 383 375   5  10  81 142 243 326
 171 148 389 285 379
  99 290   9  62 210
 350 124 132 330   7 201 300
   0 370 355 157  24
 223 319 298  50   6 110
 253 367 174  97   7  96 121 158 312 330 350
 382 296 340  76 224
  99 279 290 254  28  29  61
  58 369 164 101   6 223 271 298 319
 207 152  53 217 108 129 228 282
 217 128  53 152   7  75  88
 214 357 179 358 302 364
 329  19  58  23  27  35 197
 330 121 236 174 219 309
 324 221 231 183 242
 251 326 142  81
  94  24 311  35
 279   9 322 383  92 198
 316  22 296 360 109 212 237 261
 196 305  43 293 323
 356 374 336 377  13  68  85 380
  25 144 270 148  16
 193 105  56 225 234 352 360
 118 251  81 113   5  14  66 134 369
 363 186  39 200
  21 255 140 194
  71 188 110  30 153 178 227 275 288
  75  85 289 228 192
  32 341 159 200  73 381
 119  25  23 270 140
 195  33 167 150 261
 167 299  93 222 149 184 195 213 263 335
  47 387 313  64
 336  12  80 128 129 207 217 228
 172 218 178 145  26  83 288
 299 263   8 167 163 166 226 256
 287 232 371  44  19  34  49  68 238 346
 198 112 292 251 282
 370 116 122  54  52  77  78 114
 350 124 257 312 270
 341 200  57 147  32  73 180 272
 165 231  59 229  20 186 344 354
  46 165  94  22 314
 168 221 105 240
 166 226 154   8 256
 329 239 368 127  63 110 197 303 325
 160  59 231 354  39  46 161 168 247
   8 299 154 163  77 255 311
 150 299 263 184 149 154
 221 162 242 165  37  46  87
  86  29  28 249 244 269
  47  64 277 356  13  49 271 364 371
  19 317 271 329 119 285 343
 153 218  83 178   0  42  90 202
 363 362 193 105
 257  48 124 182  96 107 132 312
  90 247 320   0
 227 331  36 104 306
 210 228 102  44
 368  36 153 145  83 172 390
 130 214  97 357 115 270
 360 159 272  87 320
 274  99   9 292
 357 253  97  60  40 174 257 304
 324 372 221 231  65 133 273
 167 235 222 150 361
 346 371  49 104
  39 160  20 344 143
 285 303 295 329
 288 145  71  30 103 224 227
 245 195 267 355 234
  79 340  76 316 291
  26  70 294 365 310
 146 289 268  94
 141  56 173 105
 144  21 255  78
 245 149 150 267 189 209
 138  93   2 373 337
 329 164  50 131  35  63
 156 251 136  81  66 282
 262 229  59  18  54  69 208 276 385
 159  76  57 363 103 143 147 320 381
 121 236  40 241 219 300
 327 259 172  42  90
 238  89  15  19
  20   2 335  93 344
  60 280  74  53  70  84 250 282 309
 112  99  74  53  40 241
 128 290 336 152  62  98 217 281
 225 245  59 199 267 320
  37 195 352 234
  17 120 322   9 177
  23 343 233   3 379
  67 316 268 137 261 301 333
 293 150 362 245
 130 358 377 179 248 270 294 365
 334 374 358  45  85
  18  54 307 321  41
  53 129 152 207  45 108 128 230 281
 153  42 172 259  26
 107 233 201 132
 375 232 328   4
 324 231 133 168  65 105 162 183 240 242 273 315 341
 353 246 308   2  33 150 184 323 388
 123 127 298 319   1   6 117 347
 382 296 188 125 291
 315 324  93 208  37  65 141 240 352 354
 321 262 154  54  21 163
 176 188 145  71
  80 345 152 128  75 146 177
  59 199 160  39  20 247 378
 345 217 328 102 233 304
 324 221 242 133  20 160 165 183 273 341
  14   4  64 338  44  47  58 155 220 238 287
 345 230  72   3  23 211 219 379
 352 209 141 189
 362 184 305  91 361
 132 241  48 250 201 300
 296 137 340  79
 155  14 260 232  15  58 203 329
  15  34 164  58 369
 324 221 315 225  37 162
  40 257 206 236 201
 231 221 324 133  87 168 341
 375 338   4 118  44 287 328
 269 169  86  28
 267 195 208 189 213 385
 353 222 323 373 262 276 359 388
  39  46 229 165  41 175
 286 214 377  38
 387  47  29   5  86 169 252 269 386
 297 205  61  60  28 236 266 309 351
 134  81 142 326  66 113 156 198
 386 249  89  58
 182 357  45  97  61  84 124 367
 292 290 339   9  29 126
 166 144  21 264 194
  82  31 154 163
  97 174 182  60  48 158 241 297 312
  91 305 265 373 359
 317 218 298 271  42 202
 238 329  15 331  36  55  89 325 368
 137 360 149 212
 199 353 246  54  18  69 226 264
 167 299   8 150 154
 262  52  69  54 255
 258  91  56  43
  11 350 297 250
   2 245 353 208 189 195
  67 289 306 333 192 212 310
  86 169 249  28 244
   3 158 214 179 140 148 347
 317  49 127 170 171 259
  57 180  73 159
 183 221 105 231
   9 290 292  99  72 181 384
   6 145 298  71
 349 199 246   2
  64 170 338 283  58 371
 375   5 338  14 376
 292 383   9 339  99 112 126 136
  53 108  60  74  40  88 205
 217 336 207 290
 156 205 198 128 310
  64 375 348 322  92 277
  41 288 103 319
 187 104 171 295 119 306 327
 364 358  51 377  27  85 248 391
  44 155 232 243  34  51  58
 188 145  42 153 284
 268 146 192  82
 292  99   9 254  53  74 120 126 207 274 281 336
 382 190 224 296
   9 339 383 279  17 112 156 181 254 274 290
 362 213 305 138  95
 365 214  92  38 191
 187 285 303 104  83
 382 237 137 125  79 224 291 316
 250  97  60 257 266 342 351
   6 123 223 127 259 275 347
 167 150 263   8 154 166 335
 201 121 309 236
  67 212 306  85
  49 332 384 130 318
 329  19 368 164  35 187 295
 318 230 182 384 107
 138  95 258 308  43  56  91 235 293 323 362
  67 176 268 285  26 301
  54 216  18 116
 305 222 388  43  33  95 373
 350 250 205 132 300
 333 191 282 268
 135  82 166  78
 158 124 174 257  96 106 351
 322 375  14  64  72 102 151
  46  22  41 161
 225 324 221 372 240 352
 137 296 109 212 190 390
 271 332 171 115 259
 304 107  48 302
 123 223  50 127 284
 180 208 200 354 175
 226  54 355 216  52
 383 118   9 339  10  17  92 136 210 283 313 326 375
 246 305 138 222 361
 221 231 315 183  93 133 225 240 242 354 372
 164 346 260 376  89 106
 375 322 339 118   4  80 134 251
 202  42  83 285 390
  44  12   4 243  45 220 230
  19 303  15 238  36 131 164 171 187 197 260
 132 124  96 121
 368 104 260  36 176
 364 302  49 317 106
 268 310 212  67
 358 356 374 377 215 367
 204 299 150  93 349
 152 290  12 207  80 139 281 374 384
  93 196   2 373
 243 232 375 277 278 384 386
 292 383 118 322  17 254 279 326 348
  79  76 105 190 125 237
 159 221 231 242  87 147
  11 350 297  70
 211  23 171  19
 186  69 204 160
 102 230  44  38 228 233
 185 371 155  49 325
 298 270 117 223
  64 283  17 339 377
 276  93   2 335  31
 158 121 124  97 266 309 342
 312  70 297 250
 234 315 141 225 209
  33 246 222  95   8 262 267
 225 324 165 160  87 320
 122 321   0 189
 377 170  12 139 334 364 391
 130  12 182 253  72  84  97 179 365
 334 214 130 377   3 215 286 367 391
  91 258 246  95
 180 137 141 105 261
 235 323 184 362
 293 235 305 213 173 361
  76 173 143 200
 356 377 130 170  27  49 286 332
 214  84 294 357  11  13  70 191
   1 100 110  30 117
 358 334  72 253   3 124
 164 331  36 260  63 178 303
 127 239 113 142 101 111
 157 116  25  16  78 122
 155 170 374 277  49 104 185 346
 183 324  93 315
  43 258  93 308 196 246 337 388
  12  38 336 334  51  68  85 139 215 371 384
 326 322 118  14   4  80 102 220 243 278 283 313 338
   5 113 278 380 325
 356  12 348  38  13 139 214 248 286 334 358 364
  57  22  76 229
 389 233 211 119
   5 139  29 376
  57  73 147 200 103
 296 125  76 224 291
 322 339  10 292   9 118 136 279
 374 338 336 274  45  68  98 302 304
  69 199 245  59
 338 249   4  14  98 252
  29 249 151  47  86
 308 222 246 373
 119 379  66 115
  83 316 327 178
  38 358 286 356
