 183 186  18  20 115 247
 271  11 213 202
 320  77 109  78 193
 171 278  23 347
   9 328 243 180
 236 241 170  35 207
 144 270  54  95  92 377
 197 159 106  76
 264 319 103 213
 243   4 136 214 180
 314 137  50 301  67 275
   1 331 306 188 343
 223 322 369 329  83 182
 349 391 356 347 114 303 383
 283 220 348 327
 356 391 136 266 198 387
  19  69 374 302 185 230
 345 358 331  27  83 145
 385 175  20 204   0 146 247
 374  16 371 302  69  89  94 135 185 260 389
 204 222 175 273   0  18 186
 162 261 140 331 237 372
  31 218 351 195
 279 340  50 314   3  68 278
 295  95 286  69  93 105
 192 152 229 235
 207 375  91  45
 203 358 345 357  17 287
 244 249 141 190 107 265 294
  79 174 132 244  71 148
 315  52 210 299 379
 195  22 305 351
 263 128 169 126
 212  43 367  35 196 277
 203 293 154  80  56 254 274 313 323 345
 117 123 299 233   5  33
 116  93 224  95
 291 299 319  63 166 170
 152  99 309  39 360
  99 199  84 113  38  59 168 344 366
 254 322 323 369 217 313
 113 324 138 150 179 184 215
 266 267 329  76 165
 212 367 239  33 124 168 252 359
 338 311 281 337
  53  81 383 206  26
 256 219  57 343 197 237
 338 336 312 281 206
 174 289 169  98  58 120 320
 276 104 218 224
 314  10 279 301  23  68 267 288
 370 371 104 286
 299  30 263  63 111
 217 334 198 363  45 325
   6 144 270  90 230 240 282
 284  78  77 140
 112  34 242 380 191 201 313
 233 261 331 318  46 119 219 256
 326  48 174  98 388
 344 199  39 187 355
 178 255 211 160
 280 125 113 361
 250  79 169 126 128 257
 149 101 163  79  37  52  70 169 263 284 291 296 299 378
  72  97 205 283 134 251 348
 200 160 208 189
 390 227 110 209 181 334
 214  10 155 114 275
  23 266  50 279
 302  16 374  19  24 230 371
 101 265 253  63  71 103 297 326
 296  29 103  70 361
 127 357 287 345  64 134 205 251
 227 110 300 139  88 209
 239  99 252 366
 301 314 137 260 373
 348 327  42 283   7 165
  78 100 132 284   2  55
  77 316 100 318   2  55 120
 149 250  63 163  29  62 101 132 190
 203 154 293  34 131 202
 232 220 251 383  45
 274 322 156 369 234
  17 145  12 345
 138 107 324 253  39  99 113 239 297 309 330
 268 228 337 377 350
 386 141 107 126 184 360
 160 211 200 178  91 105 231 258
 154 300 112  73 173 201
 389 259  19 137  94 122 130
 122 259  95 157  54 116 164
 258 232 231  87  26
 377 365   6 144 255
 172  24 153 295  36
  19 238 135  89 155 206
   6 295  90 144  24  36 153 172 245 270
  98 269 289 169 119
 139 227 357 209  64 142 205 225
 368 289 169  48  58  96 119 310
  39  84  38 239  74 168 360 366
 304 382 284 318  77  78 316
  63  79 149  70 103 120 163 296 304 326
 238 302 371 260 155 288 342 373
 101 166 304  70   8  71
  49  51 171 276 165 183 267
  87 178  24 153
 196 277 123 168   7
 354 126 128  28  84  86 138 141 330
 162 261 188 382 151 306 316 318
 320 132 388 174   2 272 343
 227 300 210 117  66  73 139 292
 333  52 166 299 361
 154 203 167 380  56  88 131 191 242 384
 324  84 253 138  39  41  61 215 361
 383 283  13 349  67
 335 183   0 355
 224 161 295  90  36 218 321 335
 233 110 300  35
 181 209 142 225 275
  96 233  57  98 256
  48 132 101  78
 304 289 269 174 151 272 285
  90 259 389  89 130 143 157
 318 149 221 299  35 106 124 277
 212  43 123 330
 366 239 324 362  61 177
 128 107 250 354  32  62  86 265 330 333
 369  72 322 357 134 217 223 323
 126 107 250  62  32 141 386
 302 260 374 158
 389 259  89 122 298 317
 384 203  80 112 191
 174 304  79 163  29  77 109 120
 193 249 190 196
 251  72 127  64 234
 238 185  19 281  94
 356  15 391   9 198 234 363
 259  89 301 185  10  75 314
 324  84 107 113  41 150 184
 292 110  73  97 225 376
 372 162  55 261  21
  28 244 128 107  86 294 386
  97 209 292 225 118 341
 122 259 286 335
 270   6  95  54  92 189 240 255 268 282 332 377
 327 170 376  17  83
 388  18 385 148
 269 169 291 289
 294 193  29 320 146
  63 378  79 101 123 284 296 364 382
 138  41 324 184
 285 121 188 108 177
 199  38 215 309  25 280 344 381
 172 245  95 224  93 105 276
 112 203  80 176  34  88 167 173
 102 214  94 340  67
 322 369 349  82
  90 270 122 216 164 240 321
 340 260 389 129 180 317 328 370
 346   7 353 276
 211 200  65  87  60 178 194 208 258
 224 116 286 172 218 321 335
 261 108 188 316  21 140 213 331
  63 250  79 101 132 221 354 364
 298 157  90 230
 104  76  42 303 187
 333 319  37 111 103
 380 112 384 154
  39 367  99  43 106 220 341
 291 289 378  63  32  48  62  96  98 147 174 263 269 368
 376 292  37 326   5 145
 347 104   3 329
 153 245 224  95  93 161 276 295
  88 323 154 176 275
  48 132 304 169  29  58 109 121
 222  18 193 186  20 204 385
 293 242 357 154 173
 151 205 125 285
 211  87 268 160  60 105
 215  41 324 184
   4   9 158 328 325
 390  66 252 375 118
  12 223 329 369 352
   0 335 321 104 115
 360  86 138  41 150 179 235
 374  19 281  16 135 137
 175 222  20   0
 246  59 165 355
 162 108 261 331  11 151 306
 144 377  65 200 262 290
 249 244  79  28 133 193 309 364
 131  56 112 202 387
 229 235  25 216
 320 222 190   2 133 148 175
 307 245 258 160
 351 245 208  31  22 305
 249 212  33 221 106 133
 237 226 352  46   7 303
 136 334 356  15  53 234 325
 152  39 344 215  59 381
  65 160 211 208  87 189 268 308 365
  88 313  56 380
  80 203 271 293   1 191
  34 293  27 358  80 112 131 154 202 274 345 357 384
  20 222 273 175  18 229
  64  97  72 322 177
 312  47 336  94  45
   5  26 375 390
 332 200  65 160 195 262 308
  97 357 227  73  66 118 142 225 372
 315 379 300  30 110 241
 160 200 178  87  60
  33  43 367 330 124 196 239 252 359
 271   1 226 162   8 248
 243 279 340   9  67 155
 324 294 113  41 152 179 199
 229 157 192 273 262 351
 334 323 127  40  53
 161 116 224 335  22  49
  46  57 277 376
  14 327 168 283  81 341
 354 250 163 123 196 277 333
  20 204 175 193 186
  12 369 322 127 182
 161 116 172 286  36  49 153 218 321
 139 287  97 209 118 142 341
 271 213 292 237 197 248 352
 110 292  73 357  66  97 209
  85 337 268 377 350
 192 273 216 204  25
  69  54 374  16 164
 312  91  87 350
  91  81 258 307
 117  57 300 261  35 119 256
 198 136 134  82
 192 360  25 184
 362 310 330 241   5 339 375
 197 226  21  46
 135 102 260 302  94 288 373
 212  43 359  84  74  99 125 252 366
 144  54 270 157
 300 310 210 379   5 236 362 390
 176 357 293 112  56 372
 214   9 328   4
  28 190 249 250  29 141 265 294 297
 172 153 295  95 194 195 305
 353 187 355 346
 387  18   0 385
 213 264 226 285
 190  28 244 378 133 196 257
  62 163  79 126 128 221 244 257 269
  72 134 283  64  81
 367 212 239  43  74 181
 297  84  70 265 113 309
 322  34 369 293  40 323
 270 144 377  92  60 290
  57 233 119 257  46
 249  62 250 386 256 272
  91 160  87 307 194 232 280
 389 137 122  89  90 130 143 286
 340 302  19 374  75 102 129 158 238 342 373
 162 108 188 318  21  57 140 233 316 331
 280 216 189 208
 289  63 169 296  32  52 291 299 310
 285 343 304 318   8 248
  70  28 244 126 253
 391  42  15 356  68 267
  42  50 266 104
  85 377 144 200 178 228 282 290 350 365
 378 289 250 169  96 121 147
 144   6 332  95  54 157 240 255 377
   1 213 226 202 352
 109 121 257 385
 229 204  20 351 216
  34 203  82 358
  67 118 173  10
  49 286 172 153 104 159 346
 221 123  33 318 106 219
   3 279  23 340
  23 340  50 214  68 278
 262 152 381 258  61
 374 311 185 302  44  47 135 336 338
 290 144  54 268
 383  64 114  14  76 220 251 348
 100 149  63 382  55  77
 121 304 264 331 151 177 248
 161 259 371  24  51 143 224 276
 357 293 345  27  72 225
  50 238 314 102
 169  98 263  48  96 121 147 269 291 310 368
 282 189 255 268
 169 289  63 263  37 147 310 319 368 382
 139 227 110 376 142 170 226
 176 357 203  34  80 202 242 254 287 323
  28 244 215 141 148
  95 116  24 172  93 245 332
 263 149 101  63  71
 253 244  84  70 309
 164 370 317 130
  52 263  37  63  30  35 111 123 319 333
 110 210 315 379  73  88 117 233 241
 314  75 137  10  50
 374  69  19  16 102 129 238 260 281 311 371
 197  13 329 347 165
 100 132 174 101 103 121 264 285 318 326
 353  31 195 245 355
 188 331 320 108  11
 194 258 232 381
 344 381 200 208
 253  84 297 190  38 152
  98 263 289 291 236 241 362
 281 374 337 302  44 336
  47 338 336 231 206 350
 323  40  56  34 201
 301 137  10  75  23  50 288
 210 379  30 300
 318 108 100 261  78 162
 130 389 298 158 325
 316 100 304 108  57  78 123 261 264 277 319
  37 291 318 299   8 166
 109 193   2  48 148 306 385 388
 161 116 157 224 183
 369 254 223  12  40  82 127 156 205
 254 127 293  34  40 173 217 313
 138  84 113 215  41 125 150 179 361
  53 180 198 317
 101  70 304  58 170 376
 145 376  76 220  14
 158 243 340   4 180
 349  12 352 182  42 171 303 347
 212 107  84 126 124 236 339 362
 188 162 261  11  17  21  57 285 306
 208 270 144 295
 166 299 126 221 111
 217 198 383  66  53
 161 143 116 218 115 183
  47 338 311 281 206 312
  85 311 374 228  44
  47 336 312 281  44
 375 362 236 330
 260 158 342 371  23 155 214 278 279 328 370
 142 225 220 168
 340 371 260 102
 264 109 388  11  46
 381 199 152  39  59 308
 358  27 203  34  17  72  83 287
 159 276 353 246
 349 329 171 352   3  13 303 387
  76  14  64 283 383
 329 156 391 347  13 114 356
 268  85 312 228 231
 195 273 216  31  22
 226 329 182 271 197 347
 246 305 346 159
 107 126 163 378 221 364
 246 187 305  59 115
 391  15 136 349  13 198 266 363
 293 203 176 287  27  72  97 127 209 227 242 358
 345 203  27 357  17 274
 367 212  43 239 375
 184  86  38  99 235
  71 111 113 324  61
 236 310 241 330 125 339
 136 383  53 356
 149 354 163 190
  92 377 200 268
 125 239  99  39  74
  43 212 359 252  33 168
  98 291 169 289 380
 322 127 223 254  12  40  82 156 182
  51 371 340 158 298
  19 302 389  69  51 102 286 340 342 370
 140 242 209  21
 238 260  75 102
 302 281  19 185  16  69 129 230 260 311 337
 390 339 236 359  26 181 207
 292 170 139 326 145 219 327
  92   6 144 270  85 189 228 255 268 365
 149 169  63 269 249 354
 315 210 300  30 241 390
 167 112 368 384  56 201
 344 308 152 199 280 307
 100 108 291 149 284
 283 114  13 348  45  81 334 363
 131 167 203 112 380
  18 320 272 175 146 247
  86 257 141 128
 247 347 191  15
 109 320 343  58 146
  89 259 130  19 122 158 317 371
 241  66 375 379 181 207
 356  15 266 349  13 136
