 207 121 276 129
  16 275 143 368 140
 268  24 287 343  25 175 192 286
 310  29 254 351 158 236
  81 113  17 181 105
 307 168 338  41
  90 370  54 131
  64 170  40  12
  57 192 276 296
 309 375 339 251  89 142 249 258
 134 251 279 177  98 290
 118 101 119 326
  77  78 230 128   7  64 206 300
  76 214 176 165 390
 363 198 288  50
  34 154 131 311  85 127 199 252 274
   1  94 143 368  53  96 243 273 346 377
 177 181 322 279   4  89
 385 216 204 104
  22 343 328 157 224 355
 222 204 344 200 226 229
 271 197 115 387 261
 332 173 157 343  19 168 224 233 247 328
  70 147 242  84 198 359
 389 321 268   2  31  43 175 187 211 296 308
 286 187   2 164  57  68
 159 305 364 372  97 205
 391 380  80 249
 250 126 356  47 102 163 209 253 367
 254 375 265   3 231 257 310
  32 123 331  33 267
 321  90 122  24 186 188 211 235 284
  30 123 380 248
 331  52 179 364  30 365
  15 154 311 388  85 125 127 235
 261  79 213 382 141
 199  59 240 347 260 281
 204 208 116 149
 387 378 197 182  55 271 345
 148 160 388 344 259
 363 300 230  64   7  83
 341 324 212 164   5  68 352
  76 202 327 313 142
 211 389  24 187  87 106 164 235 298 337
 287 124  82 273
 242 253  47 362 198
  58 218 154 369  59 199 232 349
 356 253  28 112  45 336 367
 230 300 195  62 130 350
 303 371  92 130 307
  14 348 220 316 210 338
 242 198 391 147
 365  33 237 331 183 213 239
 140  16 358  96 170 207
  90 122 370   6  58 218 385
  91 152 345  38  86 141
 320 314  65 299 330
 374  25 308 285   8 373
  46 154 218  54  59 388
 218  93  46  58  36 288
 377  96 217 230  83 363
 334 151 305 387 135 182 319
 275 318  48 263 117 255 350 376
 160 293 382 344 189
   7  12  40 363
  56  95 227 314
 322 327 113 290 282
 282  78 132  77 107
 302  41 307  25
 334 265 310 387 115 166
  84 191 301 297  23 111 244 270
 272 315 256 364  79
 357 287  82 246 184
 280 334 151 319 156
 384 120  82 252 107
 280  81 156 151 289
 176 202 214 146  13  42 155 165 221
  78  12 230 206  67 196
  77  12 230 294  67 196
  71  35 200 213 190 261
 158  27 236  98
  99 177 333 279   4  75 105 111 113 136
 287 203  72 268  44  74
 363  60  40 230 347
 297  70 253 244  23
 388  34 274  15 114 189
 330  89  55 185
 381 264 212  43 341 374
 243 377 318  96 376
 309 135   9  17  86 142
  54 131 122 187   6  31 188 247 370 389
 236 258 313 351  55 342
 169 128 112 244  49 294 371
 131  59 357 287 337
 143  16 368 263 203 234 318
 227  65 360 161
  60 377  16 346  53  88 140 217 230
 205  26 214 159
 251 254  10 375  80 105 231
 279 136 177  81 118
 382 109 171 353 153 180
 140 129 318 275  11
 163  28 191 250
 225 171 137 366 213 264 278 285
 178 385 306 353  18
   4 151  81  98 121
 211 321  43 122 219
 120  74 274  67
 317 132 304 290
 353 382 153 296 100 172
 162 295 122 203
 333 283  81  70 270
 128 266 238 169  47  92 209
 304 269 322  81   4  66 317
 185 127 211  85 219
  69  21 197 310
 150 378 149 180  37 216
  62 318 129 275
  99 326 119 136  11 266
 292 301 136 326  11 118 333
 107 384 274  74
   0 276 105 207
 131  90  54 369  31 106 110 247 321 370
  30 331  32 387 239 291 362
 273 246 287 268  44 276
 311 131 154  34
  28 297 250 253
 235  34  15 211 114 192 219
 112  92  12 169 170 206
 140 117 207 101   0
 195  48 255 223  49 303 379
 122  90 154  15   6  93 125 187 311 337
 108 294 304 317  67
 265 331 277 151 166
  10 251 279 375 290
  61 313 334 236  89 190
  99 119  81 292 118 147
 171 353 103 180 178
 306 178 212 172
 272 146 315 364 149
  96   1  53 318 101 129 170 207
  35 256 150  55
  89  42   9 177 210
  94 368 263 203   1  16 157 245 275 329 358
 237 159 179 214
 345 327 325 208
 262 315 272 139  76 165
 136 242 380 333  23  51 270 391
  39 360 388 160 185 189
 272 378 364 139  37 116 221 342
 116 378 179 182 141 200
 372 254  61 265  73  75 105 133 280
 202 222 165 262  55
 172 109 100 180
  58 131 311  15  34  46 125 199
 214 236 378  76 342
 280 166  73  75 289
 332 162 173 143  19  22 161 245 295 355
 231  80 310   3 291
 237 354  26 372  97 144 205 325 331 340 361 364
  39 344 259  63 148 252
 358 314 245 157  95 232 347
 157 332 173 295 110 227
  28 102 250 356 289 367
 306 298  25  43  41 194 352
 202 146  76 262  13 152
 156  69 133 257 183 289
 302 293 312 186
 173 323  22 314   5 320
  92 238 294 112 128 244 386
   7  53 128 140 210
 137 103 225 382 100
 153 138 109 212
 332 157 355  22 162 168 323
 283 383 257 380 248
 321  24 389   2 286 296
  76 262 202 315  13 228
 279 181  99 322  10  17  81 142 383
 212 353 306 137 104 138
 214 378 237  33 144 150 325 361 365
 116 137 213 100 153 348
 322 177 383 279   4  17
  38 387 378  61 150
 365  52 213 166 302 312
 346 377  72 357 219 373
 114 360 330 148  86
 293 321  31 235 167
 389  90  24 131  25  43 286
  31  90 218 389
  63  85 148 274
  79 261 239 135
  70 231 257 269 102
 235 321 127   2   8
 306 299 224 320 194 352
 299 306 193 164
 328 243 255 217  48 130 223
  78  77 379 303
 387 305 277 313  21  38 115 271
 356  45  51  23  14
  46  15 218 154  36 252 274 384
 225 382 344 150  20  79
 241 238 282 386
  76 165 176 262  42 152
 143 287  94  82 110 357 369
  20 222  37 344  18 216 229
 159  26 340  97 228 390
 128  12 266  77
 129   0  53 140 121
  37 366 225 378 145 345
  28 250 112 294
 316 170 142  50
  43  24  31 321 106 114 127 235 308
 341  41 306 178  87 138 172 324 381
 366 103  52 180  35  79 183 285 302
 179  76 378 237  13  97 144 155 325
 277 305 313 351
 229  18 204 116
 195  60 243  96
  46  58  59  54 188 199
 127 114 106 184
 281 288  50 240
 271 149  76 364 342
  20 204 229 262 152 226
 328 130 195 255
  19  22 247 343 193 284 299 320
 200 103 344 382 171 208 278 338 366
  20 262 344 222 240 260
  95 162 299 323  65
 176 205 354 361
 216 222 204  20
 300  48  96  12  40  60  77  78  83 336 363
 158  98 191  29 359
 314 161 323  46 316
 357  22 329 369
 329 377  94 243 347
 211  34  43  31 127 186 192 293
 334 313   3 135  80  91 155 319
 159 354 340 214  52 144 179 239 361
 241 169 112 266 201 386
 354 237 123  52 190 261
  36 226 260 220
 238 386 201 266 336
 391 147 253 380  23  45  51 359 362
  88  16 329 358 195 217 234 328 350 376
 169  70  84  92 270
 329 157 332 143 161 323
 268 124 273 287  72 308
 323 122  22  90 224 284 349 369
 269 333 174 283  32 267
 383   9 279 309  27 380
  28 126 163 294 102 209
 375 134  10   9  98 254 279 290 309 339 372
 384  15 199 160  74
  47 297  28  84  45 126 242 356
 372 351  29 251   3  98 151 258 265
 328 195  62 130 223 379
 272 315 262 364  71 141
  29 174 265 310 166 191
 313   9 309 254  91
 385 160  39 388
 226 348 240  36
  35  79  21 239 190
 315 146 256 176 152 165 202 222 226
 275 143 368 318  62  94
 374  87 278 103 338
 277 310 254 305  29  69 133 151 257 335
 112 301 238 118 206 241
 291 248 269  30
 246   2 287  24  82 124 308
 301 333 113 248 191 267
 147  70 111 244
  21 197 387  38 221
 364 146 256 139  71 149 315
 124 246  16 287  44
  85 199  15 120 107 189
 263 368   1 143  62 101 117 318
   0 371 121 124   8
 265 305 313 351 133 197 215 335
 103 225 365 264
 177  99 251 181  10  17  81 134 249 309 322
  73 156  75 151 325
 220 288 348  36
 201  67 326  66
 174 333 383 111 248
 224  31 247 343
 103 213 366 302  57 373
  25 187   2 175
  82 268 203  72   2  44  93 124 246 273 295 343 357
 281 220  59 384  14
 156 163  75 166
  10 134 304 251  66 108 317
 267 380 123 158
 119 301 136 333 326
 186 235  63 167
 169 132 250  92  78 209
 162 287 343 157 110 298
 109  24 389 175   8
  84 253  70 126
 164 295 343  43
 193 194 224 306  56 227
 230  48  12 386  40 336
 269 333 119 292  70 266 326
 366 167 213 183  68 285 312 324
  49 371 130 196 307
 317 113 290 108 132
 351 387 277 313  26  61 197 215 265 334
 164 193 212 194 104 138 178 299
 379 303  49 320   5  68
 246 268 211  24  57
   9 279 251 339  89 249 258
 265   3  29  69 115 158 257
 154  15 131  34 125 337
 374 167 183 302
 305 258 351 277  42  91 135 197 215 236 335
 323 161 168 320  56  65 232
 262 146 272 256  71 139 176
 210 336  50 232
 304 108 290 113 132
 263 275  94  88  62 101 117 140 376
 334  61 236  73
 314 168 224 193  56 307
  31  24 389 122 106 175 186 192 211
 181 177 383 279  17  66 113 327
 247 173 314 245 168 227 232 349
  41 341 212 302 352
 159 179 214 280 145
 119 301 118 292  11 282
  66  42 145 322
 255 243 195  22  19 223 350
 358 245 143 243 233 234 347 357
 360  86 345  56 185
  33 364 387 159  30  52 123 133
 157  22 173 368 162 245 355
  81 301 119 283 111 147 248 269 292
  61 305 387 236  69  73 135 319
 277 265 313 372
 300 241  47 230 316
 311  93 131  43 381
   5  50 264 225
   9 375 251 309
 237 159 205 354 390
 212 381  41  87 324
 155  91 149 221
 287  22   2 295  19 224 284 298
 225 160 200 204  20  39  63 226
 145 208  38 348  55 330
 377  96 184  16
 234 161 329  83  36
 345 180  50 260 281
 369  46 247 323
 243  48  62 328 371
 305 254 313 277   3  91 215 387
 193  41 324 164
 137 109 178 100 104
 237 159 239 387 228 340
 173 157 332  19
  47  28 367 253 163 198
  72 287 329 203  93 184 233
 329 243 143 161  53
 362 242  23 231
 148 330 185  95
 237 159 179 365 228 390
 359  45 242 123
  83  40  60 230  14  64
 272 331 159 387  26  33  71 139 149 221 256
  52 361 179  33 183 278
 213 103 208 225 285 302
 356 163  47  28
 143 275 263  94   1  16 332
 122  46 247 203 233 349
 389  90 122   6  54
  49 303 350  92 276
 254 151 251 159  26 335
 184  57 285 379
 264  57 312  87
 251   9 134 339  29  98
  88  62 318 243
  60  96  16  88 184 234 346
  38 149 179 214 116 150 155 182 208
 196 255 307 130 373
 249  27 383 391  32 147 174 242 291
 341  87 212 337
 109 100 225 200  35  63 171
 181 249 177 322 174 283 380
  74 120 199 252 288
  18 259 104  54
 241 238 300 169 201
 305 197 334 351  21  38  61  69 123 182 271 331 354 364
  34  85  58  39 148 259
 187  24 370  90  43 175 188 296 321
 361 340  13 205
  27 242 380 147  51
