 186 215 385 109 183
 291 382 100 188  37 120 261
 320 132  77  78
  23 171 347 278  44
   9 180 206 339
 170 348 197 359
  95  90  54 270 122 130 268
 106 257  99 212
 197 352 372 187  49 276
 243 136   4  53 180
 135 314 102 342
 109 257 331 212  80 145 159 267 303
 345 358 223 329  17 205
 383  72 266 322 136 234 303
 220 283 251 348 207
 356 391 323 156  68 266
  19 302 374 389
 345 358  12 329  83
 148 175 385  20 146 201 247
 374  16 302 371  69 135 185 238 260 336 370 389
 204 222 175  18 150 164 273 321 386
 261 162 237  78 171 347
 165  51 276 221
 214   3 279 171  44  68 278
 178  69  92 211 105 286
 229 321 273 152
 105 238  75 206  45  94
 345 203 358 300 241 384
 244 249 126 128  70  86 109 141 186 190 193 320
 132 244 163 250  71
  52 210 316 263
 218 179 308 195
  48 263 169 296
  46 327 221 359  43 366
 293 369 203 176  56  82 131 156
 318 233 316 304 264 277
 268 365 350  93
 299 291   1 333 166 310 319
 344  39  59 152  41 307
  59  43 221  38  41 138 246 366
 254 322 156 323 198 313
 138  39 324  38 115 305
 266 145  72 233
 367 239  39  33 106 366
   3 243  23  93
 206 105  26  47
 256  57 237  33 219 343
 338 230 206  75  45 231 328
 174 169 289  98  32  62 263 368
 246 276   8 341
 114 225 155 363
 165 373  22 363
  30 263  63 101 111
 243   9 198 363 325
 144 259 255 377   6 240 290
 284  78 123  77 124
 191 112 242  34
 188 237 358 226  46  58  83 256 343
  57 299 326 315  83
  39 168  38 344 305
  89 178 144 317
 150 280 125 381 275
 250  79  48 174 272
 101 149  79 263  52 107 169 250 269 284 296 326 354
  72 227 348 390 134 205 251 283
 200 224 172 189 231 280 301
 292 383 182  72 181 375
  81 288 383 232 118
  23 391 266  15
  85  89 374  19  24 230
 126  28 253  84 297
 296  29 297 265
 322 357 127 223  13  42  64  66 251 283 383
 210 227 379 176
  99 360 309 125
 238  85  26 374  47 105 312 338
 327 348 283 220 165
  78 213 284 149   2  55 124
  77 316 169 284   2  21  55 124
 250 132 101  63  62 149 169 272 304
  11 303 267 173
 232  67 383 288 207 375
  34 358 345 369 349 384
  17  57  58 345
 253  70 324 297  99 239 309 355
  69 377 144  92  75 178 228 268 350
 386 133 141  28 360
 160 211 153 200 258
 154 112 300 176 201
  69 137  60 259 158 301 317
 270 157 255   6 122
 276 220 252 155
 377 116  85  95  24 143 230 286 365
 308 295  36 161  44 373
 206 260  26 238 370
   6 259 144 160  92 161 228 268 295
 306  98 289 368 119 121 387 388
 379 110 210 357 142 292
 368  48 169 289  96 310
 199 113  84 253   7  74
 382 149 291   1 219 284
  63 149  79 250  52 107 221 263 265 296 326
 302 371 238 342  10 288 373
 319 378 304 333
 346 106 212 277
  26 178  75  24  45
 124  43 104 277   7 346 353
 101 354 149  63 138
 318 162 316 368 117 331
 388  28 141 320   0  11 196 257 385
 227 300 357 210  97 139 182 379 390
 326 333 166  52
 154 368 300 203  56  88 167 191 202 241 380
 215 309  99 199 183 355 361
 217 209 334 225  50 341
 120  41 305 204
 332 208 270  92 161 216 218 224 255 262 351
 108 331 202 292
 142 275 173  67
  96 331 202 121 145
 140 274 315   1 115 177
 289 378 249  96 119 151 264 385
 157  90   6 259 130
 299 226 284 221  55 187
 106  77  55  78 346
  74  61 355 366 275
 128 244 250 163  28  70 190 265 354
 369 357 223 293  72 323 356
 126 244 249  28 265
 302 260 374 158
 389 122   6 259
  34 293 154 203 191 387
  79 250 304 149   2  29 163 174 221
  86 386 249 193 257
  64 348 223 390
 281 185 238  19  10 340 342
   9 198 266  13 234
 185 259  89 211 301 314
 107 324  39  41
 210 110 227 300 225 319
 372 226 197 329 120 274 334
 320  28 244 193  86 109 388
 292 375  97 383 118 181
  92 230 377 240
 189 377  54 255  60  85  95 240 259 282
  42  11 236 119
 148  18 388 362
 306 382 269 291
  18 175 222 385 146 247
 101  63 100  79  77 107 132 284 382
 324 273 222  20  61
 285 213 304 121
 199 344  38 215  25 195 273 353 381
 172 160 211 258  87 194 232 245 314
 203 112 293 300  88 131 167 176 241 362
 214  50 276 217  91
 323 369 322  34  15  40 266 313
  90 270 216 122 164
 340  89 129 328 180 317
 235 192 184  11
  87 211 153 200  95 194 245
 245 295  95 116  93 335
 261 188 316 318  21 108 233
 354 132 126 304  29 364 378
 157 273  20 204
 187 327  76 226  22  51
 333  37 319 326 111
 380 112 154 310 236 362 384
 220 367 327  59
 291  63  79  48  32  78  98 263 269 285 304 306 368
 376 327 299 252   5 359
  21 347 237 329   3  23
 153 211 200  65 245 258
  80 339 118 361
  48 304 132  62 331
 294 148 193 222  18  20
 293 300 154 357  34  73  88 209 242
 274 120 205 366
 211 200  24  85  60 105
 215 184 351 360  31 218 361
   4 158   9 206 325 339
 142  66 390 283
 300 110 242 210  66 292
   0 215 113 184
 360 179 235 351 159 183
 311 281 374  19 135 137 389
 193  28 253 244   0 294 297 324
 246 165 123   8
 162 261 291   1  57 315
 144 377 282 270  65 240 262 290
 249 244  28 126 364
  56 112 380 131 387
 235 216 224 229 159 298
 186  28 141 244 133 175 294
 258 307 153 160
 351 308 208 152  31 335 381
 212 277 378 109
   8 140 352 372   5 276 359
 136  40 356 323  53 234 313 325
 152  99 253 324 113 215 344 353 355
  65 211 208 172  87 160 178 365
  88  18 385 313
 203 300 233 112 117 119 271
 293 300 154 357  27  34 112 131 202 233 254 322 345
  20 222 273 294 115 164 321
  64 348  12 379 177
  47  26  45  94   4 180
 350  14  81 312
 332 116 200 224 195 280
 369 372 176 315 114 225 334
 379 110 300 139  30  73  97 182 227 242 315
 178 200 172 160  24  87 137 153
 196 378 277 330   7  11 104
 318 316 304 271  77 151 248 285 319
 243 279  23 363 155
 113 179 199 152   0 183
 229 192 262 116 157 351
 334 114 391 356 155
  31 351 179 116
  46 100 382 376
 168  76 283 327  14  91 341
 333 101 132 123  22  33  39 248
  20 204 175 294 148 150
  12 127 345 369  72 134 287
 332  65 116 208 192 235
 139 209 287 226  50 114 341
 261 123 237 358  57 140 165 225 329 352
 110 210 357 300  64  73 139 379 390
  85 337 268  95 350
 216  25 273 321 192
  69 338  92  47 143 298
  47 338  65 301
  81 153 346 258  67
 203 202 300 162  35  42 256
 136 313 198  13 278
 192 184 224 360 159
 362 310 269 167 145
 226 347  57  21  46 171
  26  75 260  19  94 102 135 312 314
 330  43 354  84 367
 144 189 282  54 143 290
 300 112 154  27
 210 300 254 176  56 182
 214   9  53 279  44 370
  28 126 190 128  29 141 186 193 249 265 297 320
 161 160 172 153 295 353
 187 341  39  49
 385 388  18 148
 277 221 213 318
 190 244  28 128 121 133 320
  79 132 101  63  29  62 126 269 272 326
 283  72  14  64
 359 170 367 299  91 327 366
 297  84  70 186  99 199 309 324
 322 203 357 242  40
 270 144 116  90  54
 343  46 233  57
 109  11 386 133   7
 153  87 172 194 232 280
  54  95 389 144  89 122 130 137
 374 340 302  19  94 129 238 371
 162 188   1 291  21 226
 189 216 116 280
  63 101 169  48  30  32  52 289 296
 318  35 304 121 277
 126 244 128 101  71
 356 391  15 156  13  42  68 136 313 363
 361 303  80  11
   6 228  95  85  36 337 350 365
 169 250 291  63 147 236 272 310 330
 255  90 332 116   6 157 189
 316 318 213 202
  62 250  79 269
  20 204 152 229  25 150 164
 384 120 349 140 177
 118  61 375 125
  49   8 155 197  22  91
 248 264 212  35 104 106 196
   3 279 234  23
 243 214  23 356 278
 262 258  65 208  61
 311 374 185 302 135 336 342
 189 290 144 240
  64  76 390  72  14 181 220 251 348 383
 149 100  63 382  55  77  78 123 330
 304 169 213 318 151 343
 365 371  24  92
 293 223 369 345 225
  81  67 363 102
  48 378  98 263  96 121
 282 189  54 240
   1 169 382 188  37 100 147 261 269 310 315
 117  97 318 182  66 142
 357 203 176  34 127 131 154 287 323 369
 175 186 193 222 204
 161 245  95  93 305
 263 101  63  32  71
 253 244 186  70  71  84
 317 230 328 192
  37 376 315 123  58 170 252
 203 110 357 176  27  88 112 139 154 182 202 210 227 233 241 242 379
 137 314  89  65 231
 374  16 281 311  19 102 129 260 336 337 342 371
  80 267  11  13
 174 132  79 169  35 103 151 163 213 264 285 318 331 378
 295  59 353  41 115
 368  96 147 169 387
 194  38 381 344
 195  93 381 344  31
 113 253 360  84  74
  98 291  37 269 167 236
 281 185 374 302 337
 336 238 373  75 207
  40 156 198 266 201 234
 301 137 153 238  10
 210 188 299 291  58 120 209 372
 318 271 162 213  30  35  78 108
 298  60  89 158
 316 213 304 108  35 162 248 264 271 285 292
  37 333 139 213 103 166
 141 249  28 244   2 109 385 388
  25 229 204  20 335
 254 357  72 203  13  40 156 349
 156 127 293 369  15  40 198
  84 253 138 186  41 150 199 355
  53 362 180 198
 101 250 333  63  58 111 166
 376  76 170 252  33 165 168 220
 338  47 158 298 339
  12 358 345 226  17 140 171 347 349 352
 378 354 284 269 212 239
 108 174 304 117  11 119
 270 208 224 116
 166  37 326 376 103 111 221 319
 217 114 209 140
 351 195 321 161
 374 281 302  19 312
 228 302 311 268
  47 328 230  75 231
   4 180 173 328
 260 158 342 135
 225 246 114 220  49
 340 281 135 302  10 102
 256 285  57  46
 381 152  38 199  59 307 308
 358  12  27 203  17  82  83 223 287 329
 104 232 106 124
 237  21 329 358   3 171 352
  76  64 283 134   5  14 205
 329 391 322  82 274
  36 268 228  85 207
 195 116 179 216 184 218 335
 226 329 369 347   8 197 372
 199 152 106 245 305
 163 126 378  63 107 239 330 364
 199  84 113 324 125 361
 391  15 266 127 198 217 279 363
 293 300 110 203  72  97 127 176 227 254 322
 345  12  27 329  17  57  82 226 347
 252  33 197 170   5
 184 309  86 179  74 235
 267 113 355 179 173
 167 236 380 154 146 325
 356 266  53 391  50  51 214 288
 354 163 190 378
  92 377 268 200  36 286
  39  33  43 252 125 177
  43 252 168 239
  98 112  48 169  96 108 306 380
 127  34 223 293  82 156 209 287 323 352 391
  94 371  19 243
  19 374 302 260 102 286 370
 209 140 352 315   8 197
 312  93 102  51
 302  19 281 311  16  69  75 129 185 260 336 371
 383 142  66  81 275
 299 327 333 170 219
  92 189 144  85  54 143 365
 289 304 163 354 103 121 196 212 330 364
 210 300 110 227  73  97 205
 167 112 368 191 362 384
 344 308 195 152  61 307
 100 291   1 149 147 219 284
 375  13 283  72  66  67  81 142
 167  27  82 380 274
  18 320 109 121   0 148 201 247
  86 133 257  20
 191 306  96 131
 109 320  96 141 146 247
 259  16  19 185 130
  64 227 283 110 134 181
 356  15 369 349  68 217 266 363
