 301 171  46 293  26  51 229 247
 173  55 261  32 272
 196  95 140 307 204
 230 114 132   7 149
 105 212 361  67 294 328 347
 223  14 310  71
  26 109 234  22  89 192
   3 236 124 114
  25 150 263 330 166 323 350
 279 112 339 383  10 290 313 322
 383   9 279 339
  99  75 129  61
  73 133  50 363 391
 276 302  77  78
 223 283   5  71  92 177 193 220 243 306 360 366
 197 127 159  34 147 203 277
 349 276  31 150  43  77  78 119 195 212 302 308 323
 348 156 282  64 177 206 310 379
 370  93 256 199  82 351
 155 371  49  65  39 138 232
 216 157 222 335 204 262
 167  75 241 154
 172 234   6  46  89 153 192
  44 135 138 358
 199 208  69 225
 335 157 116  31   8  77  78 148 246 262 264 353
 361  46   0 301   6  67 191 234 390
 283  92 364 180  44
 126  29 117 169  84 244 265
 169 244  28  98 126 249
 224 319  76 188  66  73 127 269
 157 321 349  25  16  54  94 150 195 226 264 355
 173 288  55  36   1 113 164 272
  54 150 226 312 370 388
 127  15 147 197
  38 252 200 230  87
 340 227  57  32 164 176 187 378
 228 189 315 308 242
 374 230 160 108  35  87 149 317
 161 208 155  19  59
  60 359 121 181
 315 288 209  67
 288 352 327 333  59 324 364
  16 323 349 276 119
  23  90  27 209
 264 370 263 330 328
 234  26   0 390  22 109 172
  86 125 173 164
 132 163 124 367  70 146 174 304 318
  68 355 343 371  19  65 185 218 332
  76 260 101 363  12  63  73 133 239 296 391
 259 390   0 293 115 320
 182 356 357 214 179 230 334
 235 184 211  77 294
 150  33  31 226  93 312 343 370 388
 173   1 272  32
 366 141 237 273
 137 123 110 178  36 298 352 368 381
 187 203 131 303 143 354
 161  42 324  39 364 384
  40 201  97 350 121 144 300 359
 121 154 270 365  11
 345 233  91 206 217
  50 260 239  76 159 165 329 391
 348 100 101 190  17 152 283 336
 185  49 355 343  19 218 232
 159 375  30 319 281
 390  26 361 209   4  41 105 261 362
  49 218 371 332
  24 318 174 160
 367 132 124  48
 111 223 369 319   5  14 145 278
 297 206  74 255 128
 102  50 101  30  12 210 379
 205 280 128  72
 241 167 121 129  11  21  99 373
  50 260 101 188  30  63 127 133 170 190 238 239 284 363
  78 349  16  25  13  53
  77  25 349  16  13
 338 368 331 103 381
 198 292 112 322 254
 251 369 319 134 113 118 142 198 375
 358  18 256 370
 368 202 303 346 315
 250 126 205  28 309
 321  94 116 353 122 185 293 355
  47 125 273 275
 160  38 225  35
 201  91 258 181 217
   6 153 172  22
 259 229 171 143  44 138 320
 181  62 359  88 217
 283 326 190  14  27 233
 370 343  54  96  18 135 199 215 267
 293  85 321  31 171 320
 307 183 140 301   2 175 204 389
 211 107 226 154  93 256 267 332 372
 350 241 299 236  60 201 358
 169  29 386 244 325
 129  11  75 241
 223  64 190 238 145 291 348 382
 190  76  50  64  73 348 379
  73 274 170 363 117 120 152 210
 284 145 238 382  79 327
 295 371 346 162
 109 390  67   4
 372 276 212 195 240
 211 256 163  96 130 372
 253 318 219 182  38 250
 234 105  46 390   6 232
 123 291 137 238  57 298 360 376
 319  71 369 291 223 224 251 278 360
 292 279   9 326  80 281 290 322
  32 360  81 142
 304 130 132 163   3   7
 175  51 389 148
 321 353  25 157  85 122 148 246 264
 269 363 274 102  28 120 126 151 265 386
 142 369  81 326 134 322
 212  43  16 302 228 294
 274 210 102 117 151 265 297 313
  61  75  40  60 144 300 373
 171  85 116 321 196 229
 110 238 291 239  57 298 366
 132  48 367 174   7  70 146
 173 288 176 153  47  86 275 333
  28 274 117  29  84 297 342
 319 238  30  76  15  34 147 197 277 340
 280  74 181  72
  99 241 166 246  11  75
 163 107 367 256 114 304
 354 200  58 303
 367 124 163  48   3  70 114 158 174 351 365
  50 296  76 260  12 336
 251 326  81 118 136
 286 370 208  93  23 213
 326 339 383 134 387
 110 376 188  57 273 340
  23  19 358  90
 307 247 380 183 385
 183  95 335 307   2
 237 145 382 296  56 268
 118  81 369 198 113 375
  90 303 295  58
 121 359  60 255
 382  71 284 100 103 141 333
 318  48 174 124
 127  34 238  15 298
  25 116 353 157 115 289
   3 230 250  38
  54 330  33  31   8  16 184 195
 120 274 117 253
 177 348 102  64
 172 176 125  22  89 192
 256  96 167 263  21  61 270
  19 295  39 371 232
 282  17 310 336 206 281 379
 335  31  25 216  20 116 148 222 262 321
 174 132 257 163 365 373
 363  15  63 329  66
 374  38  69  87 225 231
  39  59 295 185
 221 260 331 352 104 245 271
 132 256 130 367  48 107 114 158 211 304
  36 381  32 368  47
  63 329 334 285
 263 167   8 241 129 299
 263 166 154 330  21  75 270
 221 329 285 252 316 325 356
  29  98 269 244  28 386
 363 102  76 269 245
   0 122  94 293  90 196 247
  46  22 185 234  89 153 192
  55  32   1 193  47 125 180 272 275
 318  48 124 132  69 146 158 257
 115 247 259  95 186 324 385 389
 153 125  36 187
  17  14 283 348 152 243 306
  57 197 188 284 287 314 352
 214  52 357 342
 173 220 193 306  27
  91 128  88  40 217
  52 357 253 356 108 219 342
  95 140 307 301 139 380 389
 330 263 150 312  53 235 347
  65 172  85  49 161 218 295
 385 245 354 175 384
  58 203  36 176 271 324
 260 296 382  76  30 137 178 224 237 284 338 376
 276 302 308 212  37
 101 238 100  76  64  92 283
 361  26 301 380
 153 172  22   6
 275 173 288  14 180 306
 258 350 361 209 207 389
 349  16  31 150 106 212 240
   2 262 122 171 289 385
  15 178  34 127 277 378
  81  80 142 281
 208  24 332  93  18 225 248 267 286
 285 331 329 287  35 131 341
  60  88  97 236
 317  83 315 231
  58  15 243 187 354
   2 307  95  20
  74 250 309 280  84 266
 345 233  17 156  62  72
 258 209 194 275
 199 225  24  39 135
 390  67 258 207  41  44 194
 120 102  73 274
 107  96 163 367  53 235 270
  16 195 349 276   4 106 119 189 228 240 302 308
 370 135 305 358 286
  52 357 334 337 179 255 377
 343  93 370 267
 157 335 321  20 222 229 301
  91  62  88 181
  68  65 185  49
 253 344 108 182 311
 306 345 180  14
 168 329 285 162 252
  20 216 157 335
 100 291 111  14   5  71 243 366
  30 188 111 319 269
 208  24 160 199  87
 312  54  33  31  96 388
 340 338 331  36 314
 212  37 308 119 235
 216 259   0 122  90
 344  38  52   3  35 149 374
 316 374 160 341 202 317 346
  19  65 155 109
  62 345 206  92
  46 109  26 172   6  22 380
  53 184 211 228 347
 299  97 201 350   7 300 358 362
 188 296 382 291  56 141 273
 190 100 319  76 103 110 123 127 147 239 283 284
  76 238  50 123  63 391
 212 195 106 388
  97 166 350  75  21  99 129
 315 305 341  37
 283  14 223 177 203
  29 169  98  28 249
 277 186 170 162 384
 353 335 116  25 129
 259 307   0 171 139 175
 199 286 332 256
 386  29 244 252
  84 205 309 108 149 280
 134 326  81 111
 221 168 329 386  35 249
 108 182 219 342 151 257 356
 292 290  80 266
 377 344 214  72 144 337
 163 154 107  96  18  82 130 248 351 367
 174 357 253 158 311
 194 207 209  88 261
 247  90 229  51 175
  76  50 188 296  63 133 162 284 363
   1  67 258 390
 157 335  20  25 196
 167 330   8 166  45 154 184 270
 116 330  25  31  45
 274 117 120  28
 254 205 292 274
 332  93  96 199 215 289
 287 331 296 141
 169 224  30 117 170
 211 167 263 154  61 365
 187 162 352 303
  55 173  32   1
 382 376 237 137  56  86
 120 102 126 117 151 210 265 266
 193 387 173 125  86 207
  16 302 349 343  13  43 106 189 212 372
 197  15 127 375 245
 369  71 319 111
 112 292   9 339  10 326 383
 128  74 205 250 309
 198 112 156  66
 310 156  17 348 336
 190 348  64 238  14  27  92 177 243 360
  76 260 238 188 103 145 178 327 331 352
 331 221 329 287 165 168 200
 135 199 370 213 248
 331 285 329 178 200 268
  32  42 333 193  41 125
 196 267 332 148
 292 112 254   9
 223 100 110 111 123 237
 112 279 290 254  80 266
  94   0  85 321  51 171 361
 328   4  53 119
 346 371 185 155 104 143 161
 382 188 260  50 133 141 237 268
 342 120  72 126
 123 147  57 110 366
 236 330  97 166 350 358 362
  60 350 236 121
   0  95  26 216 183 191
 276  16 212 349  13 119 189 308 362
  83 131 346  58 143 271 354 378
 114 130 163  48 317
 328 213 242 370
 220  14 177 193 180
  95 140   2 183 139 204 247 385
 189 212  16 302  37 228
 205 250  84 280
 282 156   5  17
 257 357 344 219 337
 226  33  54 330 184 388
 375 120 322   9
 340 227 376 178 325 378
  37  41  83 202 242
 231 341 381 168
 202 304 231  38
 174  48 374 108  69 146
 111  30 369 127  66  71  81 224 238 278
  51  90  94 390
  85 116  31 157  94 122 216 293 353 355
   9 375 112 118  80 313
   8  43 330  16
 175 187  42 389  59 364
  98 368 168 314
 251 134 279 136  92 112 118 383
 284 368 331 103  42
 305  45 294   4
 221 168 285  63 159 165 200 252 287
 150 184 263   8  45 167 264 299 312 323
 287 285 338 284  79 162 200 227 268 327
 267 199  49  96  68 248 289
 288  42 125 145
 214  52 165 357
 157  25 216 353  20 140 222 246 262 355
 156 133 282  64
 214 311 255 344 373 377
  79 331 227 188
 383 279   9 387  10 136
  36 227 137 127 314
 381 316 200 368 231 242
 182 253 126 297 179
 349 276  93  54  49  65 215 370
 230 219 255 311 337 377
 206  62 220 233
 295  83 303 231 104
 184 361 235   4
  64  17 101 100 152 177 282 283
  16  31 195  77  43  78 212 276 302 343
  97 241 299   8  60 194 236 300
 367 256  18 132
  42 178 284  57 162 271
 116 321  25 335  85 148 246
 131  58 303 203 186
  31 321 335  85  49  65
  52 182 253 168
 182  52 214 257 179 311 334
 299  97 213 236  23  82 138
  91  40 144  60
  14 283 110 111 113
  26 191  67 293   4 194 347
 299 302  67 236
  50  76 260 170  12 102 117 159
  27  59 324  42 384
  61 132 270 158
 123 223  14 298  56
 132 163 130 256  48  70 124 211 351
 381  79 327  57  83 164 325 341
 319 111  71 278  81 118 142
  93 343  54  33  18  45  82 135 213 215 286 305
  49  19 295  68 104 155
 106  96 276 107
 158 337  75 121
  38 160 318 230 231
 322  66 142  81 277 313
 137 382 110 188 273 314
 255 214 344 337
  36 303 197 314
 156  73 101  17
 191 139 183 234
 368  79 341  57 164 316
 296 188 145 100 103 141 237 273 376
 339 279  10 326   9 136 387
 186 364  59 245
 307 175 139 196 186
 169  98 117 249 252
 339 383 136 275
  33  54 226 312 240
 183  95 175 194 115 324
  67  26  46  51 105 109 209 261 320
  50  63  12 239
