 183 321  31 226 247
 186 213 226 273
 229  20 216 222
 171 347  12 329 278
 180 198 243   9
  72 207 241 236
 314 245 161  95
 197  64  11 159  46  74 205 282
  71 271 103  58
 328 230 243 260   4 136 180 198 266 363
  94  50  24 137
 197 140   7  17  21  46  97 303
 329 171 347 197   3 322
 155  23 356 371
 283  36  76 348  64 282 312 327
 356 349 391 298 317 369
  19 135 114 185 311
  11 351  46 197
 385 175  20 204 115
 114 340 185  69  16  89 135 158 371
 204 222 216 175   2  18 385
 162  11 140 192
 351 218 267  31
 286 371 340  54  13  49 143 278
 137 301 104 267  10 346
 152 229 309 364
 181  81 330 375  60
 358 345 264  57 131 146
 244 169 149  79 126 190 215 221 265 296 318 354
 132 250 163  48 148
 296 294 289  70 319
 271 226 213 248   0  22 351
 210 128 263 107 124
 236  41 354  43 125
 203  56 293 112 127 254
 117 299  57 359 235
  14  76 288  50  93
 265  79 263  63 139
 308 255 309 123 168 199 239 280 364 366 381
  52  41  84 324 220 262
 369 198 349 156
  84 107  52 330  33  39  43  61 111 324 361
 329  76 267 288  68 165 182 218 223
 150  84  41 107  33 124 252 330 367
 281 374 328 312
  47 206 336 134  66 207 217 383
 197  64   7  11  17 237 343
 336 206  45 312 338 383
 244 318 250 132  29 100 148 193
  23 286  75 246 182
 301 137 260 288  10  36  68  94 104 218 266 267
 335 259 371 370
 324 263  41  84  39 111 139 179
 217 198 180 136 313 325
 185 371 302 340  23
 106  99  71 140  59 120
  34 112 167 242 201 254
 121 331 119  35  27 117 196 256
 162 188 382 109   8  97 277 333 388
 376 195  55 199
 181  26 361 118
 125 252 324  41
 249 174 291 163 110 299 304 315 319
  79 101 265 263  37 326
 348  14   7 197  46  74 134 205 282 283
 270 105 153 194 228
 390 134 173  45 339
 238 137 105 374 275 281 301
 267 218  42  50 143
  19 102 302 340  75
 253 297 149 244  30 101 284
 305 106 209 103   8  55 225
   5 119 134 256
 103 121 188 113 170 292
  64 232  99   7  97
 102  69 302 185  49 155
  42 329  14 348  36  83 145 165 327
  78 382 320 162 192
  77 382 162 320 192
  63 169  28 244  37  98 101 147 148 190 263 265 326 368
 380 384 202 191
 268 350 220  26 231 377
 156 369 322 384
 145 327  76 165
 107 354  41 265  39  43  52 111 138 150 252 324
 311 337  87 211 231
 386 126 269 250 184 212 360
 160 211 178 200  85 189 231
 154 167 112 227 201
 389 114  19 371 259 275
 122 259 314 161 116
 290 258 209 352 142
 365 189  93 200 240
  36 276  95 172  92 337 373
  10 105  50 312 328
 172 314 295 137   6  93 144 240
 128 368  98 147 310
  11 140  74  58 177
 169 368 147  79  96 128 257
 113 106 239  55  74 170 196 280 308 381
 249 316 132  48 108 133 193
  63  79 190  70 139 326
 302 374 340  69  75 155
  73  71 292 113   8
 267 171  50  24 346 355
  67 288  94 137  65 312
  55  71  99 140 290 292
 354  84 128 263  32  41  43 138 150
 261 174 100 249 121 306 372
 320 188 285 304  58 162 213 264 331 343 388
 117  62 241 319 119 227 357
  52  41 128  84 179 361
 167 154 368 203  34  56  88 201 242 254 272 293
  99 239 103 333  73 170 280
  19 371  89 185  16 135
 187 385  18 186
 161 224 335  90 321
 110 256  35  57 119 233 235
 280 142 258 305  60
  57 110 117 256  72
 292 196  55 235
 304 174 261 108  57  73 285 357
  90 259 314 286
 309 315 294 249  38 277 364 366
 212 138  43  32
 210 379 366  33  61
 250  28 221 244  86 210 299 379 386
 254  34 167 293
 263 107  98 210  32  96 111 138 179 310 330
 214 243 158 340
 389 286 342 279
 203 293  27 154
 100 163  29 316  48 174 193
 284 100 269 316 219
  64 363 348 251  45  66  72
  16 185 114  19 311
   9 266 230 322  53 180
 301  50  67  24  10  95 105 172
 107  84 265 128 124 252 361
 326 101  37  52
  11 209 197 106  21  55  97
 289 249 294 316 360
  91 258 290 209 118
 370 286  23  68 335
 245 153 172  95
 327  76 165 376  83
  27 203 388 345
  98 368 169  79  96
  48  29 318  79
 244 378  28 318  70 190 284 296
  43  84 354 107 367
 285 188 315 233 177
 354 253 190 215  25 344
 172 270 245 314  65 144 246
 112 203 167  88 131 176 201
 102 302  75 374  13
 369 349 322 317  40  82 323
 183 353 270 246 321
 214 340 243  19 129 279 317 370
 346 197 352   7 195
 211 189 200  87 208 307
 116 276 314 224   6  90 335
 188 382  58 109  21  77  78 192 388
 250 244 132 318  29  62 184 299 360
 298 349 182 183
 329 145  42  76  83
 350 262 179 310
 112 154 272 368  56  88 127 254
 344  38 308 381
  98  28  79 244 147 257 368
  99 113 376  73
 104   3 329 267  12 218 347
 153 270 137 276  93  95 144 194 245 246 295
  66 325 209 334
 304  62 108 132 121 261 320 331
 222  20  18 204 216 385
 242 293 380 154
  97 151 357 205
 258  87 341 228 275
 310  52 128 111 166 262
 198   4   9 136  53
  60  26 330 252
 183 298  49  42 164
 157   0 182 335 164 321
  86 360 367 163
  19  54 114 302  16  75 135
   1 213 273 226 115 187
 186 216 115 273 240
 162 382 109 320  58  73 151 233 380
 200 160  87 208  92 332
 244  28 149  79 101 152 229 284
 247 380 384 388  80 387
  78  77  21 162
  48 132 100 229 306 372
 341 346 295 172  65
 351 346 305 159  59
  99 256  57 304 120 235
 352  11   7  64  12  17  46 140 159 205 209 303 322
 180   4   9 334  40  53 325
 364  38 255 381  59
 189 160 232 258  87  92 211 341 365
  88  56 154 112
 271 343 226 384  80 233
 131 154 293  34 112 146 345
  20 222 175 216  18 385
  64 197   7 290 177
 336  47  45 363 383
 390  45 359   5
 189 307 332 160
 352 197 140  71  91 142 173 290
  32 263 128 126 125 362 379
 160 200  87 258  85 307
 367 378 299  86 124 359
 226 109  31   1 186 273
 340 302 243 158 129
 296 265 297  28 152 361
  20 222 204 175   2 187
  53  45 325 336
 267  42 171  50  22  68
 257 318 326 133
 350  81 377  39 268
 354 126  28 244
  20 204 175 216   2 229
 266 391 329  42 303
 116 161 295 276
 341  71 305 355
 213  31 271 248   0   1 186 202 273
 269 386 300 110  88
 312 232 283  65 178
 193   2 190 222  25
   9 260 342 348 136 234
  85 377  87  81
 258 200 228  74 251 365
 188 256 117 202 151 274 339
 363 328 230 374
 359  35 196 117 120
  33 241 386 362   5 375
 256 343  46 274 287
  67 260 374 288 281 337 373
  99 113  38 277
 335  92  95 187
 110 319 386 300   5 236
 176 112 306  56 372
 214 158   9 340   4 129 338
  28 318 149 250  48  70  79 126 163 169 190 221 253 297 378
 172 153 144 270   6 332 353
 353 270 172 153  49 157
 347 387 191   0
 271 376 226  31
 100  62 316 291 108 123 141 269 289 304 309 315
 244 126 163 318  29  48  86 269 386
 365 232 312 134
  43  84 138 367  61 181
 265  70 297 244 152
  56  34 167 112 127
  38 308 280 381 199 344 366
 117 237 196  57  72 119 233 274 287 313
  98 169 318 386 219
 232  91 200 142 118 178 211
 389 314 371  89  51  90 122
 238 288 342 374   9  50 230 363
 108 174 320 121 306 331 380
  39 324 166 179
 128  63 107  79  32  37  52 210
 109 285  27 380
 253  63  28  79  37  84 138 215 326
 391 223  50   9 136
 104  42  50 218  22  24  68 171 303 329 355
  81 350 377 220
 386 291 249 250  86 133 227 289 379
 172 153 295 246  65 157 245 353
  31 202 248 343   8 226
 167 326 368 112
 226   1 186 213 187
 237 313 256 233
  89 317 178  67
 286 301 161 314  93 172 224
 304  58 123 382 239 333
  23 347   3 391
 389 158 371 340 130
 255 113  99  38 118
 374 238  67 342  44 336
  64 348  14   7
  14 312  64 348 228
 149 190 378  70 133
 109 121 320 304 151 264
  23 314 276 301  49 122 130 143
 343 256 237 357
 260  50 238  42  36 105 363
 141 249 269 294  30 300
  91 106 209 292 142 205
 318 378 249  62 269 299 319
 103 120 106  73 290
 131 203  34 112 127 176
 316  30 141 289 123
 346 270 172  95 194 224
 149 215  30  28 297
 253  70 296 244 215
 349 391 182 164  15
 291  62 163 126  35 212
 289 319 241 386 227
 137  50  24  67 276 286 314
 102 340 214 371  54  69  75 155 185 374
 267 197  11 223
 174 121  62 249 109 196 277 285 382
 355  71 195 352 118 225 341
 261 320 108 193 242 358 372
 208 160 332 211
  38 381 255  99 168
 123  38 364 249  25
 330 128  96 179 166 362
 337  85  16 135
 283  94  14 105  44  47 228 251 334 336 363
 274 322 256  53 323
 286 276 301 259   6  90  95 122 153 161
 123 249 319  62 151 366
 100 249 132 294 133 141
 391 156  15 158 275
 244 149 250  28  48 148 163 219 257 291 378
  62 291 300  30 110 241 315
 109 261 331 174  77  78 188 285 306
   0 183 116 157
 197 352  12 136  82 156 313
 325 369 156 313
  52  41  84 354  39  61 262
 323  53 198 173 217
 101  79 265  63 139 219 272
 145  76 376  14  83
   9 374  94 342  44 234 334
  42  76  12 267   3 165 171 223 347
 310  41 128  43  26 181 362
 320 261 174 109  57 345 358
 208 307 245 189
  58 113 277 382
 328 312 198 336 173
 116 161 183 143  51 240
  47 312 206 281  45 217 334 338 383
 311 373  93 238  85 338
  47 336 337 243
 390 359 233  66 375
 214 371  19 302  23  54  69 102 129 158 243 279 342 356 370
 194 178 200 305 225
 260 374 340 281 130 230 328
 109 271 388  46 202 237 287 384
 168 360 152 255
 358  27 203 331 146
 295 159 104  24 194 195
  12 171   3 329 247 278 349 387
  76  64  14 283 134 230 282
 298 391 347 156  15  40 164 369
 220 166  81 268
 195  22  31  17
 197 209 355 159  91 305 322
 246 270 157 245
 107 221  84  28  33 150 152 324
 305 352 104 267 225
  15 391 370 340  13
 380 384 121 110 177 287
 345  27 331 306
 235  35 212 367 207 339 390
 184  86 163 141 344
 111 138 215  41  60
 310 236 330 210 375
 312   9 260 288 134 206 234
 199 309 123  38  25
 251 232  92 200
 255 315 123  38 125
 212 184 150  43 252 359 375
  98 169 147  79  96 112 167 272
 156 349 387  15  40  82 323
 143 356 340 158  51
 340 114  19 302  13  23  51  54  89 259 279 389
 306 242 193 108
 337 383  93 238
 281 260 238 302  44  67 102 155 234 328 342
 339 362 236 367  26
 327 145 248  59 170
 268 231 220  81
 149 244 318 291 212 284 379
 269 126 378 210 125
 261 188 357 384  80 176 191 264
 308  38 255  99 168 199
 188 162  78 304  58  77 277 333
  47 336  45 206 373
 380 357 202 343  80  82 191
  18 175  20 204 115
  86 269 250 126 227 236 241 257 300
 247 369 347 191
 109 343  58 162 146 191
  89 371 130 259 279
  66 339 359 207
 266 349 356 223  15 278 298 317
