  16 335   9 216 142
  74  91 261  85  55 263
 175 178 176 373
  57 174 367 326 191 244
 356 132 236 108  98 257
  14 126  28 310 348
  93  19 295  25  14 345
 230  17  66 346 210
 371  92 353 270  96 254 267
 353  19  93  25   0 121 305 339
 372 380 333 136 257 278 313
 202 256  56 217
 383  73 273  99 182 348
  80 120 311 274 138
   5 223   6 310 348
 314 295  90 252 152 358
 116  68  25 216   0 321 389
 197  66 140 282   7  51 249
 385  31 161 204 332
 353  93 180  25   6   9  83 121 166 223 293 295
 204  31 203 161  22  59  65  94 186 211
  22  94 335 307
 204 262  94  20  21  65 335
 256 293  44 379
 208  43 293 143
 353 167  16  19   6   9  49  68  83 116 165 213 270 389
 178 145 268 229  79
 153 109  30 107 124 364
 126 253 129 310   5 130
 253 250 113  48  64  70 292 318 357
 123 238  66 340  27 241 364
 204  20 161 122  18 211 385
 387 325 383 246
 249 294 291  45 201 244 250
 168 127 388 360 245 329
 359 275 212 296 215 287 368 382
  46 218 176  55 369
 259  93  83 232  76 152 202 293 345
 348 334 169 302 195
 199 148 160 203 288 323
 219 120 236 331  80 106 325 350 365
 212 378 139 368  71 338
 298 146  50 363
 208 185 247 122  24  88 143 155 231
 376 365 256 223  23 350
  33 249 291 250
 176 218  36 299 274 388
 230 237 340 133  57 209 265 331 354
 318 113  29  70 169 285
  83 371  93  25 339
 146 260 303 329  42
 197  60 198  17 135
 302 228 391 321 272
 357 384  72 253
 247 262  90 122 157 161 252 259 321
  85 320 261   1  36 369
 185 349 330 232  11
   3 174 367  47 236
 384 358 323 217
 199 161  20 203
  75 177 241  66  51 105
 309 334 279 383 256
 237 255 108 132  98 103
 188 110 274 221 120 127 311
  29 170 206 283 348
  94  22 347  20 142 189 284
 230  75 177 291   7  17  30  60 181 201 238
 151 290 254 102
  16 116  25 389 321
 128 361 159 380 179
 113  29 253 292  48 130 179
  41 378 346 104  97
 129 384  53 357
 334 251 134 383  12 102 126 290 310
   1  91 359  85
  66 177  60 238 119 147 192 205 207 289 300
 173  37 202 232 288
  78 317 144 380 297
  77 317 269 380 144 297
 284 315  26 101
 137 146 362  40  13 138
 280 181 333 174 136
 140 205 263 119
  49  93  25  19  37 214
 356 292 169 257
 320 261   1 368  55  74 221 337 352 369
 114 330 360  95
 287 308 200 168 307
 203 231 208  43
 229 360 185  95
  54  15 157 122 252
 359   1  74 275 115 184 258 337
 371   8 270 214 246 277 376
  19 353   6  83   9  37  49 165 167 345 355
  22 347  65  20  21 284
 360 330 222 199  86  89 299
 231   8 267 155
 207 198  71 190
   4  62 108 306
 383 251 134 279  12 118 182 322
 109 171 386 287 107
 127 364 316 287  79 315
 290  73  67 251
 304 172 255  62 285
 261 378 320 346  71 226 281 336
 289 209  60 265 276 313
 349 193 200  40
 109  27 100 307 315
 132 280 356  62   4  98 236
 100 107  27 153
 200 221  63 168 162 227 381
 375 112 264 290
 151 322 375 251 111
  29  48 292 169  70 253 351
 360 330  86 222 229
 184  91 377 282 386
  16  68  25 216
 378 296 275 377 123 133 226 346 352 366
  99 322 151 372
 238  75 241 140  82
 274  40 303  63  13 362
 166  19   9 309 217 391
 247  54 259 370  31  43  90 173 232 252
 340 377 117  30 238 366
  27 304 386 206 307
 337 287 359 235 315
  28 129 130  73   5 310 384
 274  34  63 101
 380 333 159 206  69 147 170 283 301
  72  28 126 310 130 384 387
 126  70  28 129
 235 344 337 187 234 369
 108 356 367 250   4  62 163 257
 346 354 117 296  47 340
 251  73 266 334  99 182
 215  51 207 150
 333 380 372  81  10 313
 312 319 338 303  80 176 298
 226 311  13  80
 296 212 382 275  41 171 338
 261 197 149 282  17  82 119 205
 193 274 336 229
 347  65 194   0
 208  43 152 194  24
  77 278  78 183
 287 327 303 390  26
 298 303  50 312  42  80 260 362 363
 181 177  75 128
  39 358 199 330 323
 320 328 261 197 140 220 342
 377 378 296 359 135 215 258 352
 112 251  67 279 118 254 305 322 375
 232 314  37  15 143
 172 238  27 304 109 342
 323 232 161 160 173 358
  43 208  96 167
 159 196 181 317 361
  54  90 262 389 321 347
 340 366 209 191 220
 156 181 304 128  69 269 317
  39 330 154 323 173 288
 204  54  20  31  18  59 154 332 385
 381 168 110 343 307
 206 132 257 318
 225 337 188 235 233
 353  93 345  25
 214 371 379  19 121
  25 353 389  93 155 213 339
 341 381 110 343  34  87 162 227 245
 318 113 292  48  38  84
 357  64 128 249
 303 100 139 382 175
 153 238 304 294 103 342 386
  76 154 160 122 288
 326   3 280 367  57  81
   2 176 178 171
  46 218 137 287   2  36 175
  66  75  60 181 147 201
 373 287   2  26 175 286
 273  69  70 351
  19 353 270 214 293 355
  66 156 159 177  81 147
 383  12  99 134
 246 144 278 362
 115  91 289 282 192 386
  43 208 247 194  56  89
 229 211 222  20
 342 131 235 337
 316 221 235  63 164 218 311
  65 347 217 321 228
 382 224 338 336  97 219
 209 158 196   3 374
  75 258 289 184
 141 311 106 306 349
 247 240 216 204 142 143 185 284 335
 252 384  38 293
 156 237 317 340 191 367 374
 261 378 328 320  17  51 140 149 198 210 230
 197 261 224 320  51  97 219
  39 330 148  95  59 203
 110 221 338 225  87 106
 294  33 177  66 271
 345  76  37 232  11
  20 204 199  39  59  88 329
  31  20 161  22  18 194 203 208
 282 140  75 300  82
 380 269 128 163  64 124 283 301 351
 289 258  75 352  97 135
  43 143 185 204  24  88 155
 230 340 191  47 105 158 265
   7 271 219 197
 341 222  20  31 186 268
 139  35  41 296 287 327
 167  25 254 389
 180 270 223  83  92 166 246 277 293 379
 150 275 368  35 135
 262 247 370  16   0 116 194 335
 309 121 345 295  11  58 189
  46 388 176 188  36 233
 336 224 190 198  40 210 243
 149 291 158 328 226 271
 368 235  85 224  63 110 188 200 225 234 316 344
 360 114  95 211 186 385 388
 214 379 293  19  14  44
 368 328 261 320 190 198 219 221 263 336
 368 235 382 221 164 200
 281 104 220 117 138
 168 388 344 110 233
  52 321 302 189
 186 360  89 114  26 141 349
  47 197 328  66   7 209 291
  96 277  88  43 376
 152 314  37 122  56  76 154 202
 227 164 332 218
 131 344 235 221
 337 221 368 225 125 131 164 187 188 234 344
 356  57   4 108  40 363
  47 340 196  62 239 255
  30 241 123  66  75 119 153 172 282 294 300
 354 340 237 308 276 364
 247 295 194 259 347
 238  30  60 291 119 300
 319 248 390 331 325
 281 263 336 219 306
 250 269  33   3
 388 168  34 344
 183  92 379 214  32 264
 259 216  54 122  43 185 194 240 262
 319 331 325 242 363
  33 291  17  45 170
 244  33  29 132  45
 134  73  99 266 102 112 151 279
  15  90  54 122 195 332
  29  28  70 113  53 357
 151  67 305   8 213 272 391
  62 237 386 291 103
  61  23  44 379  11 365
 163   4  10 132  84 278
 346 150  91 359 192 207 289
 247 122 370  54  37 240 314
  50 303 327 146 363
 320 378 197 328   1  55  85 104 140 149 198 224 263
 216  54 370 247  22 157
   1 261 224 336  82 243
 278 111 297 246
 354  47 209 366 105 308 374
 251 134 305 279
   8 270 353  96
 211  26 373 343
 206 244 380 159  78 297 304 351
 353 371  25 180   8  92 214 267
 210 220 298 201
 391 302  52 254
 283 179 333  12 387
 120  63 127  46  13 141 311 329 362
 296 359  35 117  91 139 215 287 382
 105 239 317 372
  92 231 371 214 376
 257 144 297  10 183 264
 383 251  61 151  99 266 309
 174 326 108  81 356
 243 306 104 226
 205 140  17 238 115 184 386
 333 273 206 128  64
  94 315  65 194  79
 297  48 301 103 302
 373 178 390 312
  35 212 359 275  87 100 101 125 145 176 178
  39 173 160  76
  75 184 192 258 105 207
 102 383  67  73 111
 294  66 230  33  45 220 241 249 255 361
 113  29  70 169  84
 180  37  19 214  23  24 195 223
 291  33 361 238 172 201
   6  19  15 240 217
 275 139 117 359  35 133 150 212 327 346
  78  77 278 269 264 285
 146 137 338 312  42 271
  46 360  95 330
  75 238 205 241
 375 206 128 380 285
  52 391 285 272  38 228
 327 319 390 146  50 120 137 145 171 260 312 362
 159 172 269 153 103 124
 266   9 254 151
 281 243 311 193  98
 107  87 124 162  21
 354 366 265 377  87 239 374
  61 334 121 279 217
  73  28 126 129   5  14
  63 188 193 274  13 138 306
 137 319 390 303 146 286 298 324
 372 136 105  10
  15 232 152 259
 284 107 101 125  79
 188 221 382 338 101
 196 156 159  78  77 276 361
 169  48  29 163
 312 331 303 137 242 248 324 325 327 390
 261 328 378 197  55  85 104 149 198 224
 157  68  16  54  52 189 228 391
 151 112 118  99
 154 148 160  39  58 358
 319 352 390 312
 248 242  40 319  32
 174 280 367   3
 303 212 296 319 145 260 390
 320 261 197 230 149 220 224
  50  34 274 203
 199  95 360 114  56  86 148 160 299
 319  47 336 248  40 242
 385  18 161 252 233
 128 380  81 136  10 273 283 372 375
  73 383  61 134  38 309
   0  22 194 216  21
 224 331 219 104 141 190 243 263
 235  85 368  91 125 131 164 187
 382  41 139 368 137 190 200 298 316
   9 167 353  49
 123 133 354 366  30  47 158 196 209 237 239
 381 343 168 211
 187 149 172 153
 341 381 168 360 162 268
 131 234 221 235 227 245
 165  93   6  37 202 217
 378 133 117 296   7  71 104 258
 240  94 157  65 142 189
  14   5  12  64  38
 106  56 229 193
 365  44 376  40
 380 206 113 269 179
 150  85 368 117 207 324
  19  25  93 167   8   9 165 180 267 270 339 355
 133 340 366  47 239 265 308
 353 180  93 370
 132 108 280   4  84 236
 253  53  29 170  72
 148 323 154  15  58
  35 275  91 296  74 125 150 258 287
  95 222 114 330  34  86  89 229 299 343
 294 156 317 291  69
 303 120 146 274  80 183
 248 236 260 146  42
 101 239  27  30
  44 350  40 256
 377 117 340 123 158 265 308 354
 174 326   3 196  57 132
 224 221  41  35  85 215 225 235 337 338 352
  55  36  85 131
 262 389 122 216 259 355
   8  49 270  92 166 277 379
  10 136 380 333 118 276 313
 178 286 390 268   2
 308 191 265 196
 112 301 151 333 111
  44 277 231  92 350
 366 117 378 123 115 150 308
 346 117 261 197  41  71 104 150 320 377
 223 214 166 371  23 246 256
 206 128 269 333  10  69  77  78 136 301 351 372
 341 343 168 110 162
 275 139 338  35 171 190 225 316
  99 279 334  73  12  32  61 182 290 387
  72  53 129 126  58 195
  18  31 161 222 332
 115 172 282 184 100 124 255
  32 129 273 383
 218  34 222  46 227 245
 167 370  25  16  68 157 213
 312 303 319 327 145 242 286 324 373
 254  52 121 321 272 302
