 186 218 265 154 141
 291 147 188 261
 147 246  23  21
 214 114 219 237
  66 113  99  81 167
  27  12 376 329
 164 122  25 332  58 268 380
 198 300 386 243 281
 155 197  57 276
 340 390  74 279 113 361
 134 251 375 120  81 256 274 290
  75 108 257 378  98 121 338
 283  64 329 345   5 223 363
 254  97 304 185 311
  64 238  83  73 283
 344 176 152  76 155
 164  19 143 371  41  58 273
 283 220  73 288
  54  90 175 216 229
 371 343 143  16  92 161 242 244
 222 204 262 315
   2 291 246 306 106
 217 147 246 299 307
 246 147 358   2  93 170
  69 264 109 303  31 105 230 257
 286 143 332 218   6 164 186 385
 278 365 315 235 137 192
 348 194 245  64   5 314
  45 184  47  70
 309 351 202 313
 296 378 132 108  32  87 172 203 331
 353 190  24 389
 104 182  30 257
 166 197 237 365  34 305
 225 344  33  57
 346 227 239 213  79 104 331
  59 199 348 220 312 384
 160 101 139 213  39 366
 310 337 219  91 166 197
 327 376 165  37  57 366
 292 383 333 196 136 241
  95  16  49 164 268 366
 288 260 202 145
 123 284 341 221 291
 153 207 188 354
  28 253 163 112
 329  51 376  50 302 327
  86 253 126 128  28  48  70 297 320 328
 253 128  47 112  88 195 350
  62 244 350 343  41  56 130 273 306
 348 329  46  59  95 302
  46 329  95 161 147
  63 139 213 101 110 182 254
 319 312 371 318
  90  18 216 385  61 255 273
 345  57 223 369
  49  92 350 157
 369 246  55  39   8  34 123 155 276
  83 122  16   6 131
 348 218 199 329  36  50  73 285 347 373
 377  96 112 362 201 234
 144 180 229  54 282
  68 195  49 371
  52 101 213 285 139 293
  14 348 329 245  12  27  73  83
 328 303 368 173
 375 383  81  99   4 113
 203  97  98  75 142 181 354
  62 343 346 371 131 319
 298  24 183 178  89 129 230 257 303
  47 360 368 206  28 263 301 328
 200 171 344 160 305
 357 345 283 223 210 232 379
  14 348  64  59  17 384
 258   9 390 279 177 228
 378  11  97 296  67 156 200 331
 372 152 278 176  15
  78 269 243 284 169 300
  77 284 169 369  93 209
 382 261  35 100 149 277
 231 158 301 257 118 338
  99 251 375  10   4  66 135 267 279 383
 252 114 107 140 155 214 237 287
  14 238  64 266  58 312
 126 330 263 163 195 233 316
 179 339 257 387 189 215
  47 253 224 247
 132  30 127 378
 128  48 112 253 201 386
 129 298 313  69 230
  54  18 175 164 157 255
 337 310 334 256  38 219 294 333
 244  19 371 230  56
 170  78  23 326
  96 236 198 172
  51 164 302  50  41
  60 377 234 112  94 336
 304  75 108 200  13  67
  11 108 231  67 142
  81 267 251 292   4  66 113 136 322
 382 261  79 149
 285 248  63 348  37  52 194 227 353
 347 373 343 269 168 352 363
 260 285 213 374 202 272 370
 110  35 162  32 277
 190 264  24 151
 149 166  21 277
 252 214  82 256 114 372
 296 378 304 212  11  30  97  98 142 182 185
 309 296 313 360  24 289
 227  52 162 104 188
 374 145 293 206 312
  48  88 128 253  45  60  96 234 350 377
  99  66 267   9   4
 214 252  82 107   3 237
 270 191 295 334
 259 175 385 216
 203 172 169 318
  80 340 241 258
 145 260 360 206
 134 334 274  10 146 325
 172 211 280  11
   6 164 286 370  58 150 321
  43 261 284  57 221 291
 248 271 353 194 182 190
 339 282 192 148
  84 330  47 297 163 249 253 381
 139 132 160 304  87 156 171
  47 328  48 253  88 112 201 301 386
  89 298 183  69 158
 350 157 275  49
 276  68  58 352
  87 304  30 127 203 211
 310 292 256 137 196 267
 120  10 251 256 274 290 334 375
 207 287  81 153
 292  99  40 383
 133  26 256 310
 299 197 187 359 294 295
  52  63 213 160  37 127 171 226 239 254
 187 334  82 252 295 299 349 359
 154 265   0 309 351
  98 232 108  67 311
 218  25 224 332  16  19 320 355 371
 179 200 280 229  61 180 387
 206 119 309 260  42 111 297 360 374
 325 290 256 120 148 204
 246  23   2  51   1  22 358
 235 240 146 192 125 167
 221 100  79 382 106 225 277 305 364
 265 186 122 259
 202 317 105 374
 344  76  15 372 262
 284 354 188 172  44 135 207
 141 260 265   0
   8  57  15  82
 127  75 331 378
 275 273  90 161  56 130 306
 173 231 289 129  80 180 184 280
 235 340 361 192 364
  37 272 171 139  71 127 226 335 366
 245  19 242 314  51 157 358
 227 391 248 316 104 110
  84 330 316 126  45 174 232 357
   6 122  16  25  41  90  95 268 380
 226  39 335 254 305
  33 106 310  38
 192 240   4 148
 391 269 102 356 250 367 379
  77  78 341 284 117
  93 358 326  23
 160 139 127 272  71
 153 121 232  30  94 117
 247 158 328 193  65 180 301
 163 232 378 346
 259 385 116 178  18  90 216 321 389
  76 344 225  15 228
 384  74 386 281
 370 298 183  69 175
 257 388 313 144  85 339 387
 173 158 216 144  61 189 282
 346 304 357  67 208
  52 108 296 124  32
 298  69 218 178 129 388
  28 280 158 338 208
 313 202 317 108  13 339
   0 150  25 259 216 389
 140 334 299 252 138
 284 261 227 110   1  44 153
 282 180 240  85
 105  31 124 248
 294 115 325 270
 235 159 148  26 125 167 215
 247 224 298 320 173 362
 285  27 271 101 124
 381  84 330  48  62 324
 292 333  40 133
 138  33  38 299   8 295 307
 300 336 241   7  94 236
 218  59  36 206 384
  97 272  75 280  71 144 211
  88 128 386  60 362
 260  42 103  29 151 185 254 272 304
  67 132 318  30 117
  20 222 229 146
 390 372 308 315 228
 145 360 309 218  70 111 119 199 247 297 313
 135  44 153 354
 211 280 184 181
 359 217  78 299 326
 232 223  72 369
 208 132 378 200 121
 264 368 271 296 108 213 249 303 316 346
 285 271 212 264  35  37  52  63 103 139 248 353
 114 252 107  82   3 237
  85 387 192 235
 116 186 175 389  18  54 180 229
  22 336 243 300 209
  59 264 199 206   0  25 143 183 286
 310  38 256  91   3
 327 329 376 348  17  36
  43 149 225 123
  20 262 204 229
 345  12 283  72  55 210 379
 368 320 247 143  86 193 328 355
  34 344 176 149 221
 139 165 160 335 254
 162 248 110 101  35 188
 205 176  74 361
 216  18 321 389  61 144 204 222
 328  24  69  89  92
 257 158  80 289  98
 357 163  72 250 142 172 174 210 318 379
 288 266 238  84
 377  60  96 112
 159 192  26 148 215 240 361
  94 198 322 281
 114 214  82 308   3  33
 288 266  14  83 233
  35 346 296 139
 148 282 189 235 167
  40 198 322 267 118
 314 245 161  19
 300  77 217 356   7
 350 263 320  19  49  92
 329  64 161 266  27 242 314
 147  23  57 352   2  21  22 276
 298 193 224 206  86 173
 101 213 285 264 124 162 190 227 319
 264 212 330 126
 356 367 330 168 232
  10 134  81 375  99 390
  82 107 334 114 140 187 214 337
  48  47  86 126  45  88 112 128
 202 226  52 139  13 165
  54 380  90 332
 310  10 134 325  91 107 133 137 146 219 365 375
  11 231  69  24  32  80  85 179
 340 311 279  74 118 322
 175 385 116 186 150
 374 154 119 145  42 103 202 293
 188 284 100 123   1  79 291 382
 361 222  20 152
  84 355  70 368 244 318
 212 218 213 303  24 105 248 249 353
 150   0 154 141
 238 288 245 233  83
  99 292 133  81 113 241
 324   6 164  41
 102 168 352 343  77
 115 191 294 295
 212 213 368 296 124 194
 351 160 103 202 171 200 335 387
 157  16  49  54
 120 134  10 334
 332 380 157 320 130 306 323 350
 352 246 131  57   8
  79 149 331 104 106
  26  76 372 315
 340  81 390 322   9  74 258
 184 200 208 158 121 144 338
 386   7 318 358 177 236
 189 180 240  61 125
  12 316 348  14  17  72 223 345
 188  43 261 369  77  78 123 153 169
 101 213 194  59  63 103 248 353
  25 218 370 122 302 371
  82 299 341 359 135
 238 233 266  42  17
 360 109 368 309 158 231
  10 325 146 134
   1  43 123 261  21 307 341 349
  40 133 383 136  99 196 267 333 342
 111 374 260  63 312
 191  91 333 138 270
 197 115 138 140 270
 212 271 109 108  30  75 182 239 346 378
 206 126 145  47
 183  69 247 178  89 129 193 388
 187 359 138 140  22 197 209 287
 243 198 336  77   7 217
  70 328 173 128  80
  46 286 371  50  95
 368 212 264  69  24  65
  97 108 378 202  13 127 132 181
 149  71 165  33
 157 323  49 275  21
 341 291 197  22
 237 390 333 205
 360 313 206 145  29 109 141 289 317 351 388
 256 219  91  38 133 137 166 333
 258  13 142 340
 111  83  36 293  53
 309 360 109 206  29  89 179 185 317 388
 242 245  27 332 161
 372 365  26 278  20 205 364
 283  84 212 163 162 330 346 391
 151 313 185 309
 357 263 232 203  53 117 281
 371 248  68 343  53
 224 355 143  47 193 244 275 323 324
 175 389 370 122 229 335
 279 241 258  99 236
 350 320 275 306
 195 355 320 381 268
 146 290 256 120 191
 170  93 359 209
 376 220  46 329  39
 128  47 224  70  65 173 230 301
 348  46 245  59   5  12  50  51  64 220 327 347 363 373 376
 126  84 163 316 195 249 250 381
  30  75  35 378 156 277
 380  25 143 355   6 255 275 314
  91 292  40 310 196 294 308 342
 120 187 252 134  91 115 140 274 337
 321 272 160 226 165
 217 198 300  96
  91 252 334  38 359
 184 280  11  80
  85 179 185 125
 258 279 159   9 118 311
  43 349 307 291 169 287
 383 349 292 333
 371  19 391 102  49  68 269 319 352
 152  15 176 225  34  71
 223  12 283 376  55  72
 316 296 378 212  35  68 174 181 239
 102 373 329  59 352 363
 329  59  64  27  36  50  73 101 220 283 373
 341 383 140 291 342
 244  48 112 275  49  56 130 323
  29 272 141 309
 269 102 343 347 131 246 276
 213 285 101 264  31 124
 153 364 382  67  44 207
 368 332 143 224 263 320 324 380
 250 367 168 357 243
  72 232 356 163 181 318
  23 363 161 147 170 281
 299 337 209 140 138 287 326
 309 206 119 145  70 109 289 313
 262 159   9 235 228
  60 377 193 201
 102  12 347 329 358 367
 159 354 149 315
 315  26 256 372  33
  37 160  41  39
 356 250 168 363
 212 224 303 271  65  70 263 289 355
  57 284  55 210  78
 178 286 122 103 321
  19 343 143 286  16  53  62  68  92 302 319
 315  76 365 107 152 205 278
 347  59 329 348 102 381
 260 111 293 145 103 151
  10 134 251 256  66  81
 327  46 220 329   5  39 345
  60  96 112 234 362 386
 296 108 346 304  11  30  75  87 156 174 211 331
 168 223 232  72
 332 164   6 355 255 275
 195 330 373 126 324
  79 100 261 149 354
 292  81  40  66 136 342 349
  36 177  73 199
 175 259  25 116  54
 201  88 377 128   7 177 281
 179 272 389 144  85 215
 313 183 298 309 179
 175 216 321 186  31 229 387
 205 251 279 308   9  74
 168 162 316 343
