 246  93 247  95 154
 369 151 368 237  44
 332  19 229 222 116 122 178 226 262
 348 228 189 170  15
 362 311 228  12  60
 251 330 139 182  15 201
 226 317 213 298 262 377
  43 357  57 299
 281 300 315 343 370
 290 339  11 386 156
 142 147 290 339
   9 250 239 194
 362 391 319 346   4  60 214 219 227 311
  81 350  96 275 254
  64  67 238 202  25 267 336
 219   3   5  60
 187  61 331 293
 303 283  73 260  25 130 234
 175 204 115 335 259
   2 229 321  92 116 178 247 332
 216 204 222 385 115 167 247
 148  53 281 295 183 272
  32 198  58 312  41 243 340
  63 131 182 286  49  90 155
 343 315  38 104  97 110 150 171
  14  17  64 267 234
  69  34 361 275
  58 223 210 301  40 172 338
 250 149 263 126 338
 382 309  48 180 197 308
 104  84 223 109  46 102 110 172 271 363
  68 230  55 359  33  93 276 345 388
  22 312 284  57 117 206
  31 183  68 280  54 186 276
  81 129 182 275  26 127 310
 180 352 249 305  86 113 197 207 212 365
 329 199 223  59  50 202 337
 188 249 126  70
 211 258 315 256  24 316 331
  93 373  52 276
 374 172  27 334 278
 199  63  59  22
 327  76 248  65 218 231
  57 347 225   7  79 124 133 138
   1 263 244 250
 318 367 258 331 307
 363 109  30 210 338
  66 346 210  73
 123 163  70 296  29 126 132 205 269 309 382 390
  23 182 192 245 127 155 231
 329 260  36 283 353
 135  81 220 350 112
 302 144  39 154
 148 295 109 281  21 316 328 337 389
  33 186 370 157
 280 316 148 281  31 183 276 372
 373 218 127 231 111 268
 347  43 277 299   7  32  72 284 357
 374  27 170 194  22 117 172 208 334
 199 376 223 165  36  41 202 288 373
 219   4  12 346  15
 331 367  16 293
 209 108 140 297  91 137 174 195 230 308 318 359 381
 349 152 384 286  23  41 101 131 245
 117 312 223  66  14  25 206 271 303
  76 238 327 340  42 192 234 245
 104 223  64 301  47 243 303
 376 312 238 384  14 271 334 340 354
  31 328 230 295  33
 221 275 361  77  26
  48 296 309 382  37 110 132 163 205 207 249 297
  94 388 174 264  82 103 128
 284 391 347  57 314
  47 283 260 343  17 267
 170 301 198 348 228 289 319
 185  78 208 168
 327 376 145 165  42  65  83 176 238 248 288
  78 168  99 354  69 136 173 221
  77 168  99 354  75 136 221
 159 364  43 121  88 133 306
 266 384 279 265 310 383
  51 112  34 350  13  96 275
  94 264  71 388
 145 176  76 165 278
 104 109 343 357  30 102 214 225
 212 257 269 366 169
 305 180 249  35 113 232 366 379
 366 169 308 304
 369  79 378 282 127
 274 120 124 114
 324 245 273  23 164
  62 359 209 258 195 323 389
  19 229 226 178 161 317
 183   0 276  31  39 154 246
  71 195 359 264  82 335 388
 247 342 345 320   0 178 246
  13 275 383  81 181 254 358
 162 346  24 211
 203 261 390 304
 312 206 339 147  77  78 168 336 354
 261 123 294 149 203 215 263 313
 134 190 386  63 129 326 349
 281  30  84 172
 344 128 255  71 143 184
  84  66 343 239  24  30 196
 160 119 267 353 302
 191 319 187 311 370
 241 339 170 375 125
  62 174 209 297 320 381
  84 343 281 210  30  46  53 148 337
 296  30  70  24 119
 158 218  56 212
  81  51 350 220
 365 351  86  35
  89 227 148 346
 175  18 204  20 179
 385   2  19 143 144 161
  64 147  32  58
 323 197 341 180
 249 297 110 267 105 130 160 333
 274 311 215 211  89 293
 225 291 235 196  79 228 299 378
   2 298 332 385 144 166
  48 100 126 296 163 236 250 253 269 294 351 390
 133  43 364 306  89
 375 156 107 241
 123  48 296 188  28  37 236 250 269 382
 350  49  88  34  56
 103 184 344  71 146
 136 265 279 101  34 326
 267 333  17 119
 248  63  23 387
 297  70 309  48 207
 124  43 347  79 138 273
 386 101 190 290
  51 220 139 350 164
 129 279  77  78 275 361 383
 308 381 390  62 141 157
 378 133  43 368
   5 251 182 201 135 240 330
 209  62 355 297 352
 360 365 137 390
 290  10 339 265 147 375
 285 213 321 103 116 270 298
 270 116 302 122  52 154
  83  76 165 327 176 201 240
 325 128 184 344 322
  10 142 117 194  99 232
  53 281  21 109  55 114 183
  28 211 100 357 292 315 338
 300  24 162 239 370
 368   1 244 369
 190 289  63 170 324 374
 353 172 288 371 278
   0  52 144  93
  49 371 314  23
 290 339   9 313 125
 302 160 137 236  54
 218 111 333 363
  79 364 291 235 217 237 282 378
 105 119 333 355 157 302 342
 116 317  92 246
 346 343 193  97 150 283
  48 296  70 123 205
 201  90 135 362
  76 145  59 199  83 240 373
 262 377 122 298
 321 222 216  20 179
  78  77  99 386  75 173
 257 253 304  85  87
 348  74 198 277   3  58 107 152 194 219 241 286 289 301 391
 281 295  24 343 328
 223  27  58  30  40 102 153 314 371
 232 168  77 221
 108  62 388 209  71 320
  18 115 204 335 179
  83 145  76 327 278
 277 347 391 306 387
  92  19   2  95
 115 167 175 204
 197 309 382  35  29  86 118 205 249 341
 254  96 358 377 224 322 356
 286 251 330 139   5  23  34  49 220 231
 280  55  21 148  33  93 272 276 372
 344 257 128 103 146
  75 354 245 192 356
  54  33 280 246
 106  16 370 227
 253 126 304 351  37 236
 348 386 194   3
 386 152 277 348 101 134 194 265 266 306
 106 315 319 227 292 316
  65 354 384 327  49 185 242 358
 228 162 198 346 243
 348 170 228 190  11  58 147 189 374
  94  91 359  62 320 342 345 372
 121 313 291 104 235 256 292
 180 309  35  29 118 341 366
  74 170  22 284 193 243 289
  59 376 223 202  36  41 165 288 363
 232 250 380 237
 139 145   5 251 164 240
 376 199  59  36  14
 261 217 100 294  98 313
  20  18 216 385 115 175 179 259
  48  70 163 180
 312  99  64  32 336
 249 132  70  35
 334 384 380  58  75
  62 140 355 108  91 174 352 381
 109 233 343  27  46  47
 258  38 149 331  97 120 215 256 274 367
 305  35 249 296  85 111 366
 285 143 298 226   6 325
  84  12 357 319
 364 261 211 100 120 274
  20 385 204 222 167 259 321
 203 237 261 159 282 369
  42 158 363 288  56 111
  60 170  12 284  15
 135  51 182 112 310
  69  77  78 173
 321 332 216  20   2 167 229 385
 301 199  36  59  27  30  64  66 172
 242 356 181 358
 121 357  43  84 239 299
   6 213  92   2 298 317
 346  12 319 311 114 187 191 233 300
 348  74 121 364   3   4 193 194 300
  19   2 222 321  92
 318 316 297  62  31  68
 248  42  49 182  56 268
 380 200 147  86 173 267
 210 315 346 227
  25 340  65  17 242 333
 121 159 378 196
 296 126 123 188 157
 368 217 378 159   1 200 244
  67  76 376  65  14 336 340
 299 104 225  11 150 303
 145 201 165 139
 170 107 348 375 125
 224 336 192 234
 198 193  66  22
 291 378 237 369  44 151
 327  65  63 354  49  90 185
   0 186  93  95 161
 270 321  20  19   0  95
 384 131 286  76  42 231
  70  35 309 180  37  86 119 207 212
  28 123 126 263  11  44 200 351
   5 330 139 182 201
 359 293 367 323
 304 188 123 351 169
 181  13  96 350 268
 103 325 285 270
 211 258  38 196 287
  85 169 184 308
 211 331  38 256  45  91 318 328 367
  18 335 204 216
 283  50 329 281  17  73 280
 203 100 294 215  98 217 287 313 367
   6 298 317   2 166
  28 368 100 250  44 287
  94  82  71 359
 266 142 386 190  80 129 279 326
 265 384 284 190  80
 119  14 232  73  25 105 130 333
 254  56 231 350
 296 123  48 126  85
 247 321 255 143 144
 312  64  67  30 379
 372 389 183  21
 371 314 133 347  90 324 373
 120 215 311 211  89 293
  81  96  34 136  13  26  69 358 383
  31 183  55  33  39  93 345
 190 177 170  57
 176  83 153  40
 136 129  80 265 383
  55 183 260 281  33 186
 171 109 295 148   8  21  53  55 102 260 280 316
 369 291 159 217  88 326 361
 260 346 329 162  17  50  73
  72  32 198  57 219 266
 213 325 143 255
  63 182 170 384  23 248
 313 256 263 261
  76 199 376  59 153 218 314 363
 152  74 170 198 349
 339 142   9  10 134 156
 121 378 159 339 196 244 282 361
 196 191 149 313
 274 367  61 120  16 252
 100 261 203 123 324
 281 171  53 328  21  68
 269 123  48  70 110 126 163 212 236 365
 140  70 132 108  62 119 230 355
 213   6 226 143 122 166 262
 239  57 121 225   7
 150 228 227 346   8 370
  74 223 343 170  27  66 362
 157 160 333 105  52 144
  66  17 239  64
 253 390 351 188  87  98 169
 212 365  86  35 366
 347  79 364 190 124 177
 318  45 328 308
 137  62 390  29  87 257 307 341
  70 180  29  48 132 197 249
 387 220  80  34
 120 319 227  12   4 106 274
  32  67  64 206  22  99 271 354
 196 261 100 203 156 287 292 361
 172 371 288  72 155 273 373
 343  38  24 149   8 191 233
  38 191  53 281  55 230
   6 226  92 262 161 322
 331 367  62 258  45 230 307
  12  74 346 343 106 191 214 227 311 362
 195 174 108 342  95
 222 167  19 216 143 229 247 270 332
 377 317 181 146 356
 359 367 252  91 118
 273 371 294 152  90
 285 255 213 344 146
 129 101 282 265
  76  42 376 145  65 176 192 245
 295  53 171 258  68 307 389
  36  50 260 283 337 353
 251   5 182 139
 367 211 258  38  16  45  61 318
   2 222 321  19 122
 267 160 119 234 130 158 302
 384 374  58  67  40 208 380
  18 175 259  94
  99 238  14 206 242 358
  36  53 329 109
  27  28 149  46
 290   9 386 291  10  99 107 142 156 375
  65  67  22 238 234
 197 390 180 308 118 360
  95 320 160 195
 315  84 109 104   8  24  73 162 171 210 301 319
 103 184 325 128 146
 276  95 195  31
 162  12 227 319  47  60  97 114 193 233 283 300
  57  43 306 177  72 133 273 387
 194 189 170 386   3  74 190 228 241 375
  63 101 289 384
  51  81 112 135  13 127 254 268
 304 253 250 123 113 188
 355  35 209 140
 153 329 363  50 105
 312  99 384  67  77  78 185 192 245
 209 140 352 297 160
 224 322 185 181
  84 225   7  57 149 214 391
 336 275 192  96 181 224
  91 389  62 252  31  94 195 264 323
 141 390 367 341
 313 291 136 282  26  69
  12 319 391 301   4 164
  46 288  30 199 158 218 353
 159  79 215 228 124 306
 305 113  35 296 141
  86 197 212 305  85  87 379
 331 211 258 261  45  61 252 293 318 323 360
 237 263 151   1 138 380
 282   1 217 244  88 151
 150 300 106   8  54 187
 172 273 314 153 155 324
 183 389 195  55 272
 165 314 273  59  39  56
  58 194 152 334  40
 142 241 339 348 107 125
  76  67 202 199  59 238 288 327
 322 181 166   6
 291 159 121 235  88 138 237 244
  86 271 366 380
 232 384 334 368 200 208 379
 137 209 108  62
  70  48 126  29 180
 279 275 136  80  96
  67 334 248 266  63  80 192 208 286 349 354 380
 216 204  20 222 116 122
 190 134 348 339   9 101 168 189 265
 391 177 131 347 310
  71 174  94  31  82
 359  91 328  53 272 372
 304 123  98  48 137 141 308 341 360
  12 170 357  72 177 362 387
