 186  20  18 175 115 183 247
 271 188 162 213
 320  77 132  78
 171  23 278 347  44
   9 328 180 158 206 325
 170 134  57  46
 144  54  95 270 268
 159 303 106 257
 352 319 197 372 187
   4 243 136 214 180
 314 137 301 135
 331 109 274 121  80
 223 345 358 329  17 171 182 322
 383 349 391 356 136 303
 220 348 283 251  81 207
 356 391 156 266
  19 374 302 185  94 389
 345 358  12  27  83 145
 175 385  20 148   0 146 247
  16 374 302 371  69  94 135 185 260 342
 204 222 175 273   0  18 183
 162 261 140 358 237 372
 165  31 195 276
 279 214   3  50  68 278
  69 178  92 295 105
 229 152 273 192
  87 207 258  45
 203 345 358 300  17 119
 244 249 141 190  70  86 128 193 265 294
 132 244 163 250  71
  52 210 315 108
 195 179 305 351  22 159
 263 169 289 296
 359  35  43 221 196 252 366
 293 203 131 154  56  82 323
 318 233 123  57  33
 268 365 116  93 350
 299 291 319 304 103 166 170 333
 152 344  39  84 381
  84 221 168 324  38  59 344 366
 254 322 323 156 198 313
 324 138 150  84  61
 329  76 266 348 165
 367 212 239 330  33 366
   3 338  93 243
  81 206 383 207  26
 256  57 343 237   5 219
 338 336 312  85 206 231
 174 169 289  79  98 120 306 320
 276 246 104 346
 288 279  23 214  67
 370 288 373 371
  30 263  63 101 111 299
 363 198 334 243 325
 144   6  90 270 230 240 282
 284  78 140  77 124 181
 112 191 242  34 201 313
 233 188  35 358   5  46  58  83 197 237 256 285
  57 326 174 131  83
  39 344 199 168 346 355
 178 255 144  85
 280 150 125  41 275
 250  79 174 169 272 326
 101 149 163  79  52 120 263 284 291 378
  72  97 227 283 134 142 205 251 348
 200 160 245 189 231 262
 292 390  72 227  80 375
 214  50 288 114 275
 391  23 347 266
  89  19 374 302  24 230
 265 126  28 253  84
 296  29 297 103 361
 357 127 227  64  66 134 205 251 383
 300 110 227 210 292 390
  99 125 360 239
 238 301 302 374 314
 348 327 283  42 165 220
  78 284 316 100   2  55 124
  77 316 284 100   2  55
 250 132 101 149  48  62  63 163 272
 274  11 303  66 173
 232 383  45  14 207
 156  34 369 203 387
  17  57  58 170
 253 324 297  70  38  39  41  99 138 309
 228 377 268 337  47  60  92 178 311 350
 386 141 360  28 133 150 184 257
 160 211 200 178  26 105 153 258
 154 176 300 112 173 201
 259  69 137 389 130 158 301 317
 270 144 259  95  54 122 143 157
 307 232 276 168
 377  85  95 270  24 230 255 365
 153 172 365  36  44 373
  19 238 260  16 155 370
 144   6 295  90  92
  98 269 289 169 119
 227 110 357 139  64 142 177 205 292
 368 289  48 169  96 119 241 310 380
 113  84 309 199  74 125 360
 304 382 318 149  77  78 284
  63 149  79 163  52 103 296 326 378
 371 260 302 238 155 214 288 373
 319  37 166 101  71
 165 346 171  49
  87 178  24 211
 277 124 196 212   7 159 346
 354 126 250 378 138 330
 162 261 318 188  30 117 242 331
 388 320 121 249  11 257 385
 227 300 210 357  73  97 117 139 292 379 390
 333 166  52 326
 154 368 203 167  56  88 191 242 380 384
  99 215 199 253 184 309 361
 283 369 209 127  67 217 334
 335 183   0 216
 224 270 295 161  36 143 218 335 351
 261 110 108 162 219 274
 142 173 275 181
  96  27  98 241 362
  63 296  48 364
 289 269 249 304  11 109 388
  90 259 389 157 130 143 164
 299 284 319  35 221
  55 106 212  77
 366  74 177  99  61
 128 250 244 354  70 107 265 330
 369 223 357 293  72 114 209 217 323 334
 126 244  28 250 141
 302 260 374 158
 389 259 122  89
  34 293 154 203  58 191
  79 174 304 163   2  29
 193 249  86 190 257 386
 251  72  64 223   5 234
 238 281 185  19  10 340
   9 198 234  13 303
 259  89 185 301  10 314
 324 107  84  41 150
 110 210 227 315  97 209 225 376
 226  55 162  21 372
  28 244 128 249  86
 292  97 383  64 118 375
 259 122 116  90 335
 270   6  95  54  60  90 189 240 255 268 282 332 377
 170 327 376  17
 388  18 148 385
 269 382 169 291 306
 175  18 193 294 146
  63 378 101  79 100 284 296 364 382
  41 324 138  86  61
 285 188 213 382 177
 199  38 215 344  25 280 381
 172 245 160  87  93 194
 112 203 176 300  34  88 131 167 384
 214 276 102  94
 369 323 322  82  15  40 349
  90 216 270 122 164 321
 328 340 129  89   4 180 298 317
   7 353  31 106
 200 211  87  65 153 194 258
 224 116 245 172 218 286 321 335
 261 188 108 316   1  21 117 140 213 226 331
 250  63  79 132  29 101 221 354 364
 157 321 122 298
  76 187 327  42  22 104
 333  37 319 111 103
 380 112 384 154
 220  39 367 252  59  91 341
 291 289 174  48  32  62  96  98 147 263 269 368 378
 376  37 327 299   5  83 145
 347 329 349  12   3 104
 153 245 224 161  93 305
  80 118 339  88 275
  48 169 132 304  58  62 285
 222 193  18 186   0  20 148 204 385
 293 154 357 300  88 242
 151 125 205  97
 211  85 200  87  24  60 105
 215 184 386 199  31
   4   9 158 328 325
 390 252 209  55 118
 322 223  12 242
   0 335 321  20 115
 360  86 386 113 179 235
 281 374  19 311  16 135 137
 175 193 222   0
 246 165 352   8
 162 261 108 382   1  57 151 233 306 331
 144 377 270  65 228 240 262 282 290
 249 244  28 364 133
 112  56 380 131 387
 235 229 216 262  25
 320 175 222  28 133 148 186
 258 307 153 160
 351 308 208  31  22
 212 249 221  33 106
 352 237  57   8 276
 334 356 136  40  53 234 325
 152 215 113  99  59 179 355
 160  65 211 208  87 178 268 365
  88 313 385  56
 203 358 271 345
 293  27 358 357  34  82 112 131 154 202 233 254 345 384
  20 222 273 175
  64  97  72 357 177
  47   4 336 312  45
  81  26  14 350  45
 332 200 295 245 195 280 308
 127 357 369 139 114 181 225 372
 315 379 300 110  30  73 139
 160 200 178  87 105 258
  43 330 354 367 106 124 196 239
 271   1 318 162 151 226 248 285
 243 279  23 102   9  50  67 155 288
 113 199 324 294 152 179 361
 229 157 270 192 115 262 321 351
 334 369 114 127 363
 161 116 224 335
 277  46 117 318
 168 283 327  76  14 232 341
 333 163 250 123  33  39 196 277
  20 204 175 193 186
  12 127 369 345 134 182 322 329
 161 116 172 245 218
 139 287 209 226 341
 271 162 213 237 140 225 352 376
 110 357 300  73  64  66  72  97 139 292 390
  85 337 377 189 350
 216 192 273  25 235
  69  92  54 377 298
  47 338  65 258
  81 307 258 220  91
  57 203 188 300  35 256
 136 198 134 356
 192 229 360 184
 362 310 330 269 339
 226  21 197  57  46 347
 135 260  75 302  94 102
  43 330 354 212  74 359 366
 144 189 270  54 290
 300 310  98 379 119 362
 176 108 112 261  56 182 254
 214   9 279  53  44
  28 190 249 126  29 128 141 265 294 297
 172 153  65 224 161 208 295 305 353
 187 341 346  49 276
  18 385   0 388
 277 213 264 285 355
 190  28 244 378 109 121 133 141 196 320
 163  79  62 126  29 107 128 221 269 326
 283  72  64 134  14
 367 359 299  33 168 181
 297  84 265  70 113 309 324
 322 203 242 357  40
 270 144 377  92  60
 233  57  46 343
 109 386  86 133   7
 160 194  87 211  26 231 232 280 307
 389 137  90  89 122 130 143 286
 302 340  19 374  94 102 129 238 342 373
 162 108 188 316  21 117 242 331
 189 216 280  65 192
  63 289 169 296  32  52 310
 318 304 343 285 248 277
  70 126 244  28 253 297
 391 356  15  42  68 278
 303 355 314 301
  85 200 144   6  36 350 365
 378 169 250 289  96 121 147 236 272
 144 332 377 255   6  54  90  92 116 157 189 216 240
 213   1 226 202
  62  79 326 269
 204  20 229 351  25
  11 117 384  80 303
 118  67 173  61
  49 155 197 246  22  91
 221 248 264 318 106 219
   3 279  23 266
  23 214 340 243  50 278
 262 258 152 208  61
 311 374 185 302 135 336 338
 290 189  54 144
  64 251 114 383  14  76 220 348
 100 149  63 382  55  77  78 123
 304 213  57 174 151 248 264 343
 161 371 259 389
 293 357 358 345 225
  50  51 102 214  67
 169  98  48 263  32  96 121 269 310
 282 189 240 377
 169 304 382  63  37 147 299 310 368
 227 110  73  97  66 142
  34 176 357 203 127 131 287 369
  28 244 324 297 148 215
 116  95 208 245  24
 263 149 101 378  32  71 120
 253 244 265  84  71 294 309
 317 230 158 328 164
  37  52 291 315 123 170 252 319 333
 110 210 154 315  27  73  88 176 227 233 241 379
 314 137  75  89  10 267
 374  16  19 281  69  75 102 129 238 260 371
  13 274  80 136   7 267
 100 132 291 174  37 121 264 285 316 318 326 382
 353  31 172 245 355
 368 188 147  48 387
 194 381 232 258  91
 381 344 195 208
 253  84 297 113  99 360
  98 263 289 291 236 241 362
 281 185 374  85 337 338
 336  47 373 338 206
  40  56 384 323 201
 301  10 137  75 267
 210 379 300  30 139 299
 318 162 261 304  77  78
 298 158  89 389
 316 100 108 304  35 213 219 264 277
  37 299 123 333   8 103 166
   2  48 249 193 109 385 388
 157 216 161 351 164 183
 254 156 223  12  40 182 349
 156 127 369  34  40 313
  84 138  41 253  39 150 215 294
  53 180 198   4
 101 250 304  62  58 111 272
 376  76 170 145 165 220
 158   4 340 338 180 298
  12 349 347 223  42 171
 212 126 107 354  43 236 239
 162 261 188 108  11
 270 208 144 377
 166  37 221 299 111 319
 217 114 198 127  53
 143 161 351 116 115 183 218
  47 338 281 374 206 312
 374  85 311 228 365
  47 336 281 311  44 231 312 328
 375 362 236 173
 260 342 158 135 279 328 370
 225 168 246 220
 340 260 371  19
 264 256 285  46
 381  38 152  39  59 308
 358  27 203  12  17 202 223 287
 106 246 104  59  49 353
 329 171 237 349   3  68 387
  76  64 283 383  14  42
 322 156 329 391  13 171 347 356
 268  85 228  36 207
 195 273 216 116  31 321 335
 197 226 369 372   8 187
 305 159 346 245
 163 126 378 107 212 239 330 364
  59 305 248 199 267 361
 391  15 266 349  13 198 234 363
 293 203 110 176  72  97 127 205 209 227 254 287 358
 345 203  27 357  12  17  21  57 202 287
 367  33 239 252
 184  86  99 309  74 235
 113 215  71 355
 236 310 241 119 339
 356  53 391 217
 354 190 163 149 120
  92 268 200 337  36  93
  39 239  43  33 125
  43 359 212 252 168
  98 291 169 112 306 380
 127 223 293 156  82 114 209 217 323 352 372
 371  51  94 340
  19 302 374 389  51 102 286 342 370
 140 209  21 369   8 352
 312  93 260 102  51
 302 281  19  16  69  75 129 185 260 311 336 337 371
 390 339  66 142
 170 139 327 226 145
  92 270 189 144  85 228 230 255 290 332
 149  63 169 101 107 249 269 296 354
 210 315 300 110 241 390
 167 112 368  98 191
 344 308  38 152 307
 100 291 304 149 147 151 188 284
 283  13  72 348  45  81 142
 167 112 203 154 274 313
  18 320 109 175 146 201 247 388
  86 257 184 133 179
 191 347  82 306
 109 320 121 385 146 247
 259 130  89  16 122 286 317 371
 110 227 379  73  66 181 375
 356  15 266 349  13  68 363
