 172 259 258 157  71
  14 364 138 330  67 217
 196 140 307 116 203 355 369
 221 329 367 168   7  63 114 182 188 231
 350 190  40 106 243
 283 348  64 343  27  45 223
  95 122 116 140  85  94 216 307 335 353
 114 202  63   3
 207  51 361 301  31 148 320
 118 289  99 112  58 241 322
 279 326 323 283  58 113 185 290 292
 290 371  81 279 186
 231 230 381 178 103 227 351 374
  62 190 143 164 300
   1 330  97 191  59 364
 266 170 151 357 377
 119 150  22  67
 220  64 348 345  86 223 327
  96  52 270 370 267
 294 371 177 345
 204 247 175 216  31 229
 388 340 189  93 314
 272 119  27 389  16 254
 283 358  45 323  40 271 343
 253  35 285  69 146 280
 222 335 116 175
  32 293  85  33 194 209 387
 241 272 389   5  22 111 264
 318  38  70  29 205 244 249 297 386
 249 250 188  28
 168  38 162 124  74  87 284
 247 361   8  20
  26 330 349 180  92 324
 191  26 209 136 194 222
 340 267 373 195
 316 285 124 253  24 117 165 280
  37 340 261 105 195 213 354
  93 340  36 149
 168 329 318  28  30 104 224 244
 376  44 362  47
  47  44 152  23   4 137
 236 390 288 212  42
 390  71  55  41 312
 345 294 220 358 144 327 328
  46 177  97  47  39  40  56 298 319 350
  23   5 233  64
 349 185  44 177  97 326 350
 152 177 283 281  39  40  44 376
 126 163 169 132  84 154 250
 166 384 371 283  68 161 186
 260 344  72 341 141 256
 207 194  85   8  55 390
 131  96 107 123  18 332 388
 228 268 337 287 198 252
 157 184 321 347  75 259
  51 361 390 207  42  71 229 320
 328  57 345  44 137 298 319
  56 328 311  76 106 141
 322   9 279  10 112
  14 330 177 389 192
 261 105 359  88 258
 311 197  80 281 215
 281 177 143  13 164 190
 114   3 329 237   7 202
 348  17   5 345  45  86 155 217 223
 153 184 218 109
 371 357 294 215 102 295
 209   1 145 288  16
  49 377 170 161 119 254
 168 117  24 253  96 162 267
  28 318 253 250 146 205
 258  42  55   0
 344  50 260 211  76 128 130
 168 182 114 346 133 356
  87 386 304  30
 347 252 198  54 245
 334  72 260 344  57 303
  78 359 105 333 198 373
  77 109 359 105
 235 296 239 123 135 310 391
  81 281 292  61 197 271 277 303 311 319
  80 292 271 281  11 277 290 378
 212  83 206 227
 128 206 141 341  82 227 352
  48 126 250 154
   6  94 293 116  26  51 207 360
  64 111 348  17 155 217 300
  74  30 269 386 304
 261  60 105 333
 246 383 183 293  92 387
 301 115 321 385 167 254
 315 125 123 184 302
 349  89 383  32 263 324
 149 337  37 333  21 340 373
  85 116 194   6 192 234
 175   6 183 353 148
  52 131  18  69 158 267 332 388
  46  44 177 185  14 138
 120 108 274 132 169 219 257 365
 118 136   9 383
 315 123 317 189 268 276 282 366 391
 341 372 128 238 291
 357 211  66 344 151
 291 206 227  12 284
 221 329  38 182 224 386
 333 109  77  78  36  60  88 261
 137 331 336  57   4 248
 285  52 317 159 131 213 240 282
 132 163 174 214  98 169 199
  78 153 105 184  65 172 195
 181 201 328 190
 348 343  86  27 119 155
 118   9 233  58 134 313
 383 279  10 290 139 152 171
  63   3  73 329   7 165 202 316
 301 385 307 167  90
   6 122   2 353  25  85  94
 253  35 356 168  69 124
   9  99 112 196 142 186 322
  22  68  16 111 254
  98 274 365 311 219
 267 332 354 131
 183   6 293 116 176 335 360
 315 100 189 287  52  79  91 135 391
  35 253 244 117  30 162
 172  91 153 258
  48 250 169 163  84 154 249
 147 354 340 213
 130 341  72 206  83 101 305
 263 175 148 183
 214 128  72 363 199
  52  96 107 149 121 332 388
 108 163 174 214  48  98 169 199
 346  73 231 178 286
 233 343 251 112
 123 240 315  79
  99 171 380 353  33 222
 106 331  40  56
 345 358 220  97   1 181 328
 355 171 113 278
 307   6 380   2 142 196 360 369
 341  57  50 327  83 145
 369 196 140 118 226 313
 190  62 326 292  13 364
 215 294 295  43 352
 327  67 141 288 308 352
 379 158  70  24
 242 127 237 213
  95 175   8 247 129 312
 337  93 317 159  37 131 158 268 270 287
  16 218 321 172
 375  15 102 170
  47 281 113 323  40 300
 172  65 109 184 125 218
 249  48  84 126
  86 111  64 372
 276 368 366 317 235 239 282 310
 321  54 259   0
 332 159 149  96 146 198
 149 158 107 317
 208 344 210 174 219 256 334
 166  49 289 272  68
  30 124  69 318 284 314
 132 108 169  48 126
 177  13 323  62 300
  35 114 285 316
 283 279  49 290 161 186 289 384
 115  90 301 385
 182  38  73   3  30  69 117 356 367
 163 132 108  98  48 126 274 338
  15 266 357 322  68 151 377
 383 136 113 389 139 187 191 278 339 355
 153   0 109 125 150 195
 275 180 330 193 306
 132 311 160 334 108 219
  95 183 335 204  20  25 129 148 263
 360 272 389 122 203 264 355
 283  46  47  44  19  59  62  97 164 185 362 376
  12 182 346 231 133
 211 342 344 208 265
 193 362 349 299  32 173 275 288
 110 201 336 138
 168 221  73   3 104 178 297 367
 122  95 293 335  89 129 175 263 387
 347 153 359 109  54  65  91 218 258
  46  10 177 349  97
  11 166 118  49
 339 222 171 335
  29 230 329   3 200 291
 100 123 228 315  21 388
 143  62  13 303   4 110
  33 330 171 349  14 209
 234  59  94 306
 180 288 362 349 173 275 299 306
  94  51  26  33 234
  36 261 172 109  34 312
   2 118 246 140 142 355 369
  61  80 215 311 375
 373  53 158  77  75 232
 214 132 108 130 237
 230 363 231 188 374
 110 336 331 181 236 352
 325   7 114  63 212 379
 226 360 176   2
  20 175 262 216 247 385
  70 318 253  28 310
 128  83 238 341  82 103
 361  51  85   8  55 320
 160 344 334 225 179 342
  67  33 191  26 251 390
 160 344 225 311
 357  72 225 334 102 179
 236 202  41 382  82
  36 370 368 107 127 147 354
 130 363 199 132 108
 371  66  61 295 144 197 375
 204   6 307 335  20 262 301
 299   1  86  64
  65 153 184 347 150
  98 160 174 120 338
  17 345 358 283  43 138 299
 329   3 182 367 104 224
 187 136  33 389  25
  64  17   5 343
 104 356  38 221
 357 210 334 211 208 260 266 342
 203 369 361 142 232 312
 374 230  12  83  82 103 304
 359 347 337 189  53 252 268
  55 390 324  20
 374 363  12 200 188 227 351
  12 381 200   3 133 178 346
 226 198 243 312
 343 134  45 348 112 251
 194 192  94 275
 239  79 296 156 273
 201  41 212 382
  63 242 199 329 147
 295 348 345 372 101 206
 235  79 156 296 273 302
 315 287 370 107 135
 380  27 353   9 251 264
 147 237 286 325
 232 261   4 379
 124  28 250  38 269
 269 332  75 297
  89 353 383 196
  20  31 204 148
 331 365 336 106 257
  29 126  28 154 314
 126  29  48 329  70  84 244 309 318
 134 241 233 209
  53 228 347 359  75
 117  35 124  24  69  70 205
  22 119  68  90
 296 285 316 280
  50 344 260 160
 274  98 365 248
   0 184 259  60  71 125
   0 157 321  54 258
 344  50  72 225  76 256 327 341
  60 105  36  88 195 243
 385 204 216 307
 183 129 175  92
 360 176  27 241
 386 297 179 375 313
  15 170 225 357 305 377
  96 121  18  69  34
 287 149 100 228  53 270 317 333
 297  87 244 386 245
 287 149 268 337  18 370
  81 378  80  23 298
 176 389  27 360  22 161
 308 239 235 381
 120  98 365 169 257
 173 180 193 330 234 306
 317 156 100 368
  81  80 290 279 375
 326 171 383 139
  10 113 290 166  11  58 277 289 326 383
 255  35  24 287 325 379
  80  81 152 292  47  61  62
 310 100 156 107
  23 166 323  10   5  47  49 177 220 343 358
 304 103 162  30
 296 107  35 255  24 165 316 368
 242 133 356 346
 268 123 149 270  53 240 280
 193 180 330 362  41  67 145
 322   9 279 166 161
 279  11  10  81 113 166 277 378 384
 381 188 382 101 103 304 309
  81  10  80 281 143 378
  26 122  85 353  89 183 387
 371 345 357  19  43  66 144 295 348 372
 238 372 294  66 144 215
 285 255 316 368  79 235 239 366
 386 269 182  28 245 265
  56 319  44 271
 180 193 220 362 217
  86  13 164 152
  90 115 216   8 167
 304  91 391 239
  76 334 190  80
  87  74 227 291 284 302
 341 128 266 377 308
 275 173 193 330 192
 140   2 335   6 115 216 262 385
 145 305 381 341 273
 338 382 250 291
 282 156 205  79
  61 174 210  80  57 120 197
 226 148 195  42 232
 375 142 112 265
 162 388  21 249
 100 123 189 366  91 135 240
  35 296 285 114 165 255 368
 276 100 149 268 107 156 159 391
  28  38 250  70 162 205
 298  56  44  80
  55   8 361 207
 157  54  90 259 150
 289  58   9 118 170
 283  10 358  23 152 164 326 364
 350  32  92 330 229
 202 280 368 379 242
  10 323 279  46 143 278
 345  17 260  43 141 145
  56  57  43 138 110
 221   3  38  63 104 114 188 237 250
  32 349  14 191   1  59 173 275 288 306 324
 336 106 248 365 137 201
 158  52 131  96 121 245
 105 359  93 268  77  88 340
  76 225 344 160 174 208 211 303
 307 122   6 183  25 175 187 216
 331 365 106 248 181 201
 149  93 228 373  53 270 347
 309 382 169 219
 171 353 380 187
  37  93  36 333  21  34 127
  50 128 260 141  83 101 206 305 308 381
 179 225 208 377
 348  23 233 283   5 111 134 223
 260 160  72  50  76 102 179 208 210 256 334 363
 358 294 220  43  17  19  56  64 138 238 327
 133  73 231 178 286
 359 228 184 337  54  75 218 252
  64 294 358 343   5  17  86 111 233 238
  46 185 330 180  32  92 191 193 350
 349  46  44 324   4
  12 230 377 374
 144 145  83 201
 380 246 293   6  95 116 136 241 339
 127 121 213  36
 196   2 171 176 139
  73 168 117 367 224 286
  66 294 211 225  15 102 170 266 372 377
 345  23 283 323  43 138 220 348
 228 347 333  77  60  78 184 252
 176 140  85 122 203 264 272
 207  55   8  31 226 320
 193 376 180 177  39 288 299
 214 230 344 130 200 374
   1  14 143 323
 120 331 336  98 248 257 274
 315 156 296 100
   3 221 182 168 356
 296 285 156 316 213 276 325
 142 196 140   2 226
 240  18 270 213
  66 294 215  49  11  19 384
 295 357 238 294 101 155
 337  93  77 198  34
 230 363  12 200 227 351
 151 277 197 215 265 313
  39 362  47 177
 170 357 266  15  68 305 342 351
 271 290 292  81
 325 280 202 146 243
 241 353 140 389 136 339
 231  12 341 291 273 308 382
 338 309 291 381 212 236
 113 171 279  99  89  92 246 278
  49 166 290 371
 262 307 115 204  90 167
 297  28  74 104  87 265 269
 293  89 183  26
  52 131  96 189  21 314
 272 380 171 176  22  27  59 222
  51  42 209  55  41 229
 123  79 100 317 302
