 183 321 247  31 186 335
 273 186 226 213 176
 229  20 216 222 242
 171 347 156 369  40  44  82 247 387
 198 180   9 230 338 373
 236  72 362 154
  89 301 137 259
 197  64  11 159  97
  71 271 270 305 187
 260 230 328 198   4 136 180 243 342
  94  24 352 137
 197   7 140 355  17  21  92  97 303 351
 347 329 171 156 191 223
 155 356  23  51
  76  64 283  36 173 327 348 376
 356 279 391 349  51 129 298
  19 114  89 371 135
  11 384 351 343
 216  20 385 204
 158 114 371  89  16  54  69 135 185 302 340 370 389
 204 222 216  18   2 175 385
 162  11 140 191
 343 351 271  31  92
 286 371 314  54  13  49 278 298
 104 137 301 328  10  94
 190 229 152 148 372
 181  81 330 111  60
 358 203 131 345  72 146 293 380
 169 244 126 296  79  98 101 190 215 253 378
 163  48 250 244 148
 294 296  70 149 199 215 299
 271 226 351 109   0  22 213
 210 128 263 354 124
 236 210  41  43 362
 203 345 167  56
 291 359 235 117 241
  64 329  76  14  93 165
  63  79 265 263
 123 308 315 309  61 125 255
  52  41  84 263 220
  44   3 369 349
  84  43 263  52  33  39 111 310 324 330 361 362
  76 288 267 218 234 322
  84 150  41 330  33 362
  40 334 328   3
  47 206  53 134  66 207 217 339
 357 197  58 343 151 287 365 384
 336 206  53  45 217 338 383
 163 244 318  29 148 193 257
 224  75  23 161 116 122 144
 301 288 260 267 218 238 266
 298  15 279 335  13 115
  39  41 324  84 111 139 179 262
 325  47 323 217  45 337
 371 185  19 302  23 114 214
  73 103  99 140  59
 112  34 368 147 254
 121 357 261 196 119
 162  46 109 382 192 333 388
 103 376 195  55
 181  26 361  85
 125 280 211  38
 249 163 291 174 110
  79 263 354 101  37 190 221 265 326 368
  14 283 348   7  36  74 205
 105 200 232 194
 251 390 134  45
 238 105 137 301
 267 286 260 301 143
  19 302 102 158  75 275
 297 253 149 244  30 344
   8 103 305 292 106 187 225 271
   5 119  27 357
  99 113 103 170  55  80
 140 205  64 258  97 282
  69 102 302 185  49 155
  14 288 329  42  36  83 145 327
  78 320 162 382 192
  77 320 162 382 192
  63 190  28 101  37 147 221 284 326 368
 202 384 380  73
 350 166  26 268 231
   3 156 369 323
 145  76 202 329 234
 263 354  41 107  39  43  52 111 128 138 150 168 252 324
 311 275 338 336  60
 386 126 250  98 184 236 379
 178 160 211 118
 236 184 227 252 201
 389  19 371 259   6  16 275 314
 122 259 314 161
 290 209 258 352 142 313
 197  11  22 305 322
  36 346 159 301 194
 312  10  24 137 228 281
 137 172 295 301
 128 147 330 368 154 254
   7  11 355  74
 169  28 368  86 147 257
 113  73 239  55 200 232 333 366
 316 249 132 108 133 289 364
 190  63  79  28 152 326 344
 302 374 214 342  69  75 155
  71 195 305 170  55  59  73
 171  24 267 346 355
  67 288 238 137  65
 292  71 177 120 187
 263  84 169 138 128 150 210
 261 174 304 100 132 306 331 382
 304 188 162 121  31  58 151 226 237 264 285 320 343 380 388
 170 241 117  62 119 227 239 359
  52  41 128  84  26 179 181 361
 167 368 154 272  56 254
  99  73 308 255 239 280 333
 185  19 371  54  16 135
 385  51 335 186
 161 224 182  49
 110  35 119 235
 211 160 258 142  87
 357 110  57 117  72
 292 196 274 106
 304 196 174  57 109 285 331
  90 259 161  49
  38 308 315 309 255 277 300 319
 210 212 138  32
  61 367  38 359
 250  28 244  86 169 184 299 360 379 386
 350 254 220 377
 263 354  84 107  32  96 111 147 179 310 330
 243  15 356 158
 389 279 314 317
 345 358  27 203
 174 100 316 108
 269 100 316 249 219
 251 348 325 312  45  66
  16 114  19 185
   9 230 266 156 180 323
 301  95  24 172   6  10  67  94 105 153
 107  84 263 210 124 252 361
 326  52 265 221 262
 209  11 346 197  21  55  74
 289 249 294 250 300
 258 209  91 352 118 232
 370 286  68 391 335
 245 246 153  49
 327  76 376 165  83 202
  27 345 388 203 293
 368  98  79 128  56  96
  29  48 316 318  25
 244 318 378 291  30  70
  43  84 210 107 236 252
 188  46 109 376
 296 190 101 253  25
 172 246 270 137 144 245
 112 167  96 368   5
 302  75 102 340  13
 369 349  12   3  82 136 230
 183 270 353 246 240 321
  19 243 340 317  69 129 279 356
 346 352 197   7  93
 189 211 200  87 118 178 307
 116 276 224 314  49  90 122 182 218
 188 382 109  58  21  77  78 388
 250  48 244 318  29  62 249 291
 298 349 182 183
 329 145 202  36
 350 262 377  81 268
 272 112 368 310  34 154
 344 221  84 265
  98  28 244 126 107 257 378
 110 103 188  73
 104 329   3 347  12
 153 270 137  95 194 245 246 295
 312 283  14 336
 304 108 261 132  62 121 277 331
 222 204 216  20 332 385
 273 186 226   1
 106 282 205 292
  87 341 258 160 275
 310  52 128 111 220 262
 198   4   9 136 338 373
  26 330  60 111 201 231
 183 161 314 116 164 298 335
 157   0 182 335 164 240 321
 126 269  86 250  88 227 299 367
 114  19  54 371  75 135
   1 273 176   0 115
 106 292   8  71
 162 382 109 261 151 170 233 256
 381 160 200 280 208 307
  79  28 101  63  25 152 193 229 284
 271 237  12 351  21
  78  77 320  58
 229  48 190 284 242
 341  93 172 295  65
 103 305 351 355  59
 121 304 256  57 120
 352  11   7 209  46  92 140 159 303 365
 230   9 180   4 338
 364 381 294  30
 232 189  99 160  65 208
 240  88 231 181
 145 165 376 327  80  83 384
  27 345 131 358  34 146 293
  20 222 385 175  18
 282  74  64 290 177
  47 312  45 336 325
 390 359  45 339 375
 307 189 332 200
 352  91 197 283 140 142 228 232 251 258 290 305 312 355 365
  32 107 354 263  33 124 138 150 212
 118 258 160 280  61  87
 378 379 299 210 124 367
  31   1 320 226 248
 102 302  54 371 243 311 337
 296 297  28  30 361
  20  18 175 222   2
  53  45 323  47
 267  42 161  50 248 322
 257 318 133 291
 350 377 179  39 127 268
 354 265  63  79 139 168
 204  20 175 216   2 229 242
 329 391 266  12 278 303
 116 161  49 276
 341 305 355  71
  31 271 109   1 176 213 273
 269 184 241 110  88
 312  94 283 209
 193   2 190 222  25 242 332
 198   9 328 156   4 136 323
 201  81 181 350
 200 142  99 209  65
 188 256 274 357
 363  42  83 278 322
  35 117 359 315
  33 150 386  86   5  88 362
 191 256 343 109 274 287
  67 260 288  50 105
  99 113 308 110 333
 201 335 183 157
 300 110 319  35 227
 229 193   2 222 372
 158   9 340 214 129
 318 149  28 250  29  48  70 126 163 169 253 297 378
 246 353 172 153 144
 245 153 172 353 144 157 270
 347 387   0   3 321
 376 327 213 218
  62 291 100 163 133 141 269 289 316
 163 244 126 360  29  86 141 184 386
 134  66 209 290 339
 138  84 367 150  88
 297  70 244  28 152 284 296 344
  56 377  96 112 127
 308  38 123 280 113 366
 196 357 237 188 233 274 292 313
 318  98  48 169 219
  91 209 290 305  74 118 142 178 211
 389  89 371 314   6  90 122
 342 374 391 238   9  50  68 266 288 363
 108 174 331 304  57 188 306
 166  52 139 179 377
  84 354  63 107  32  37  39  41 128 138 210 265
 109 304 316 285
 354 263  63 221  37 139 168 326
 391 260 223  50 136
  50 104 288 329  42  68 218 303
 350  81 166 220
 360 249 291 184 133 227 367
 172 295 153 246   8 157 353
 351  31 226  71   8  22 191 343
 167 112 326 368
   1 176 226 186
 256 313 120 237 233
 311  69 178  89  85
 314 286 301 161 224
 304 123 382 174
 349 223 391  23 234
 389 158  15 371  51 130 317
 255 113 309 308  61 189 211
 374 328 342  94 311 337
 205  74 348 177
  14  64 312 209 173 228 348
 190 378 253  79 193 372
 109 320 264 121
  23 301 314 276  68 143
 343 237  46 357
  50 260  76 238  42 105 267 363
 141 294 249 100 300 360
  91 365 209 258 205 251
 249 163 318  62  35 149 219 269 299
 106 120  71 256 177 187
 203  27 146 331
 289  30 316 141 199
 346 270  95 172 194
 215  28 297 253  30 152 344
 253  70 296 244 215
 349  23 182  15  51 164
 291 184 126  30 212
 241 289 141 123 319
 137  50 286  24   6  67  68  93  95 276 314
 102 371 340  19  54  69  75 155 214 356
 267 197 223  11
 174 121 108 109 196 261 264 277 382
 355 209 195  71   8  92 103 225 258 341
 261 331 108 320 372
 208 160 189 366 332
 315  38 123 255 113 239 280 309 319 364 366 381
 123  38 308 364 280
 330 128 179  41 167
 337 275 214 281  85
 283  94 228 209 134 173 206 334 336 363
 274 323 256  91
 301 276 286  89  23  90 130 161 182 259
 308  38 123 364 235 319 359
 100 249 132 294 133 148 264 364
 158 279 130 389
 244 163  48 149 148 219 257 291
 123 308 300 315 241
  77  78 380 109 192 213 285 306
   0 183 247 157
  42 218 234  92
  53 230 313 136  82 217
  52  41  84 354
 363  53 134 206
 265 101  79  63 139 272
 145 376  76  14 202 248
 374 281 342   9  24  44 230 334
  76 171  36 223  12  83 165 267 348
 310  43 128  41  26  96 181
 261 174 121 108 293 306
 208 307 229 175
  58 113  99 239
 312 328 336 374  44
 183 182 143   0  51 115 240
  47 334 206 312  85 173 337 383
 336 281  53 214 311 373 383
  47 180 198   4  85
 390 359 251  45 207 375
 356 158 302  19 155 243
 194 225 305 178
 260 374 328   9 102 281 391
  46 109 388 271  17  22 237 287 384
  70 101 296 253 168
 358 131 203  27  34 146
 159 295 352 104  93 140
  12 369 171   3 247 387
  64  14 283 329 134 282
 369 391 156 298  15  40 164 278
 166  81 377 220 127 231 268
 271  31 195  11  17  22 191
 209 197 346 159  10  91 142 355
 245 246 270 157
 263 221  84 265  32  63 128 210 324
 305 352 104 209  11  97 195 225
 340  15 302 158  13 129
  46  57 119 256  72 233 287
 345  27 131 203
  35 315 235 110 125 207 339 390
 250 269 126 289 379 386
 111 138  41 215  60
 236  33  43  41   5 375
 325 288 260 312 234
 315 308 316 100 199 309
 290  46 209 197
 381 255 308  99 307
 184 212 379 269 125 252 375
  98  79 147  63  56  96 112 154 167 272
 349 156 347   3  40  82 387
 143  19 371 389
  54 302  19 389  16  23  89 114 185 214 259 279 370
  25 242 284 306
 383   4 337 180
 260 281 328 342 102 334
 362 339 207 367
 327 145  14 202  59 151 248
 350 166 262 220 127 254
 149 244  28 169 212 284
 212 360 126  86 367
 320 109  27 384  80
 308 366 199 189
 188 162 108 304  58  77  78 277
 373 336 337  47
  17 343  46 202  80 380
 204  20  18 175 115
  86 360 126 250 236
 347 369 247   3
 109 343 162  58 146
  89 371 259  19 130 279 317 370
 207 339 359  66
 266 260 349 342  15 143 223 278
