  95 101 376 329 105
 275 143  16 368 129 140 358
  24 124 246 389 187 295 306
  38 310 236 351  91 342
  66 282 113 134
 194 348 223  64
  25  58  90 370  41  68 285
  77 128  78 356 289
 370 369 199  59 226
 279 258 375 251  98 322 339 372 383
 251 134 279 375  99 113 290
 118  99 136 292 304
  64 329 130 223 128 195 206 233 266 363 376
  76 152 214 176 185
  59  83 288 348 316
 114  34 131 211 127 308 311
 143 358 368 329   1 140 346 371
 360  73 283 145 111
 216 385 115 116 104 259 291
 343  22 224 157 247
 222 204 262 315
  69 197 271 182 115 291
 328  19 173 157 323 357 379
 242 147 238  84 191 270
 389  31  57   2 106 131 268 321
  90   6 164  54  46  58 286
 146 159 364 214
 391 265 348 242 115 316
 300 356 250 169
 351 257 254 305  42 202 309
  33 305  32  38
 389  24 321  90 188
 123 215  61 387  30  65
 331 149 179 364  30 166 229
  15 154 131 125 114 127 388
 239 180 382  79 109 153 261
 220 199  59 347 105 281 348
 272 366  69 139 271
 378 387   3 310  30 208
  52 265 213 150 226
 196 198 282 267
 164 212   6 183  68 302 324 352
 202 254  29 265 185
 211 389  87  57 106 337
 287  82 203  94  67
 232 336 198 253
 286 218  59  25 373
 356 253 130 195 367
 250 195  88 243 209 350
 314 371 355 161  56 244
 220  59  95 260 288 348
 248  95 303 227 242
 213 139 116 150  39 141 216 226
 358  78 170 207
  90 286  25 175
 335 254 380 351
 320  49  68 307  65 299
  24 321 389  90  43  93 374
   6 247  90  25
 218 199 348  83   8  14  36  46  50 288 347 373
 377  78  77  96 209 217 230 234
 151 135 182 305  32  75
 275 263 368 318 328
 353 150 183 260 141 186
 206 223  12  83   5 233
 270  56  32 299 191
 290 113   4 134 282
 207  82  74  44
 349   6  56  41 307
 182 271 197  37  21 116 123 319 345
  84 244 297 269
 237 272 315 200 344
 357 246 343 124  82  93
 145 327 348  17 265 360
  67 120 107 274 121
 280  81  61 156
 176 214  13 152  97 155
  78  96  60 377   7 217
  77  96 377  60   7  53  88  94
 382 100  35 180 190
 236 258  91  98 158 198
  99 279 333 383  75 136
 287 203  72 246  44  67
 363 347 329 223  14  59  64 238
  70 297 253 316  23 244
 274 192 235 365 107
 380 249 330 197 174 231
 381  43 211 341 308
  48 243  96  78 250 294
 249 177 309 181 142
  25 389  54  58   6  31  57 122 154
 236 258   3 340  80 158
 217 128 112 244 129
 247  57  72 357 312
 203  96 318  78  44 117 184 196
 101  50 248  51   0 227
  78  77 377  60  88  94 234 243
 205 176  76 144 280
 313 258 339   9  80 231
 279  81 136  10  11 118 292 333
 382 171 213  79 109 160
  95 329 303 376   0
 223 233 369 168
 213 285 366 264 302
 306 138 291  18
   0  36 260 190
 211  43  24 268
 274 120  74  85
 384 132 317 199 304
 382 296 100  35
 246 124 368 295
 283 248  17 119
 128 301  92 300 170 336 386
 134 279  10 251   4  66
  15 127 211  34 252 308
  18 116  21  27
  52 213  69  18 115
 294  94 318 203
  11 136  99 326 241 292
 301 269 210 326 111
 107 274 290 282  74 252
 189  74 240 267
 370 175  90 247 369
 271 261  32  69 190
 273 295 246 157   2  72 110 276 343
 311 154 131  34
 297 130 250 195
 114  34  15 296
 112 217  92  12   7 170 266 386
 294   1 207  92 132
 195 250  12 255  47 126 163 168 356
 154 389  24 187  15  34 125 311
 318 129 294 108
 267 256 148 159 189 219 240 338
 251  10 375 290   4  66 113
  61 313 334 236
  99 118  81 279  11 292 333
 166 365 256 235 192
 172 153 306 104
 272  52 229 222  37
 358  16 275   1
  52 150 353  63
 177  89 181 279
  16 368 275 157   1 263 358
 222 179 237 214  97
  73 327 345 348  17 360
  26 256 159 214 189 325 365
 242 380 391 248  23 269
 159 354 340 133 240 267 338
 378 221 180  33 204
 353  63 260 348  39  52 141 265
  61 372 305 254
  76 262  13 179
 172  35 180 138 167
 131  90 125 389  34 187 311
 208  76 310 237 342
 280 179 390 200  75 219
 332 368 143  19  22 124 173 328
 221 310  80  91 231
 148 256  26 146 133 205 280 325 340 354
 225 171 100 344
 303 371 245 329  49 314
 368 355 343 332 284 346
 130 255 356 328 367
  41 298  25 212 193 352 374
 272 202 222 335 185
 180 137  33 378
 153 235 278 172
 320 355 130 102 349 367 379
 294 301  28 300 241
 128  53 266 112 207
 160 225 100 344 388
 153 337 138 341 167
  22 157 379 323
 383 322  86 333
 370 122  54 321
  76 262 315 237  13  97 228
 181 309  89 279 142 304
 353 212 194 285
 344 378 214 237  33 144 152 156 200
 378 149  35 331  79 153 166 182 208 239
 177 322 279 258  89 142
  69  61 387 180  21 319
 293 212 298  63  41 264
 308 337  94 196 289
  42  13 202 165
 353 293 298  63
 131 389   2 154
 284  31 296 312
 365 256 133 146 121
 123  79 239 261 105
  23  65 336 244
 235 278 308 137  85
 224 352 164 320 284 289 299 306 362
 178 212 298 353   5 227
 250 130  48  12  47 126 349 350
  40 184 299  94
 351 387 305 257  21  69  86 221 271
  40  80  45 322
  59 220 384  36   8 108 206 218 288 376
 225 344 179  71 156 278
 238 386 363 266 359
 165  42  29 272 185 265
  94 318  82 287  44 117 268
  20 222 149 229
 237 340 159 354  97 228 280 390
  64 347  12 199 384
  67  53 129 170
 378 180 155  38
  60 294  48 300 336
 269 301 326 119 270
 308  43  87  15 106 114 235 337
 285 178  41 194 164 183
  52 103 285 100  39 116 259 302 366
  76  26 237 179  13 144 146 310 334
 277 387 351 258  32
 385  18 353  52 259 388
  77  92  60 128 230 300
  59 199 286  46 348 352 373
 390 340 156 133
 288 199  36  50 260 281 317 327
 310 351 197 149 158
  20 204 262 229 139 144 165
  64 102 329  83   5  12 233 255 363
  19 247 193 343 320
 200 344 160 171 278 366 382
  39  52 293   8
  51 303  95 194 362
 176 205 237 354
 222 204 139  33
 217 300 243  60
  86 158  98 359
 336 300  45 253 281
 223 102  64  12
  60 377  96 243
 278 192 137 211  85 167
 334   3 310 135  80  91 342
 354 315 364 214  71 144 155 176 179 205 228 361 390
 266 297 363  83  23 201 316 386
  35 382 261 180 190
 267 148 133 251 121
 292 118 169 336
 147  27  23  51 362 391
  96  88  48 377 230 234 328 350
  49  92  70  84 191 270
 329 255 332 161 376
 124 273 268  72   2  82 110 287 357
  58 122 224  19  93 355 369
  95  51 283 147 111
 309  89  86 380
  48 195 130  88  28 126 350
  10 375 134   9 113 240 290
 278 390 114 120
  47 297  84 356  45 232
 313 351 305 335  29  42  55 151 339 372
 332 245 329 223 130 163 303 314
 159 146 325 340 133 137 189
 351 305 197  29
   9 313 279 372  80  91  98 181 215
 385 216 213  18 388
 150  50  63 220 105 317
 123  35 239 291 190
 315 152 361 176  20 222
  62 275 318 143 346
 374 183 293 298 103
  27 150 202  73  39  42 360
 238 128  12 170 201
 133 240 338 148  40 121
 246 287  24 203 106
 210 301 119 147  70 359
  65 210 244  23
 197  69 123  37  21
 139 165  37  71 202
 124 246 295 343
 107 120  85  74
  62 368 263   1 140 143 318
 346 296 295 124
 387 215 364 351 334
 235 225 344 200 167 192 252
  99   9  10 383  81 113 136 142 177 181 258 322 339
 205 156 159  97  75
 288 220 232  36
 290  66   4 120  40
 248 111  17 297
 188 296 162 193
 212 178   6 103 213 302
  54  25 370  46 218
 268  82 203 246  44
 220  59 199  50  14 281
 346 184   7 193
 134 251 375  10  66 120 282
 261  18  21 104
 333 136  99 118  11 241
 183 186 374 298 226 264 312
 129 318 209  88 117 132 169
 124 343 273   2 110 276
 284 321 188 109 127 276
 316 126 238  84  70 253 283
 164 183 194 186 264 293
 306  56 193 379  65 196
 230 112  28 217 169 209 232 336 386
 269 210 112 326 119 169
  41 285 213 103
 161 255 314 329  51 101 227
  11 108 317 177
 351 313 335 387  29  30  61 151 197 254 257 372
 193 104 299   2 138
  56  68 324 379
 211  87  15 114 184 192
 249 177  89  29
   3 221  38 214 155 158 236 342
 125 154  15 131 337
 293 188 374  93
 351 305 254 258  98 135 335
 161 303 255 355  49 320 371
 262 361 237 364  20  71 176 365
 297  14 238  27  84
 384 108 260 220 304
 263  62 275 203  94 117 132 294
 345  69 182 330
 168 193 314 224  56 323
  31 389  24 370  57 175 296
 181 383 279   9 174 198
 173 379  22 320
 341 381  41 366 307
 256 159 334 146
 301 210 118 119
 348 145 220  73
  22 243 157  62 163
 376 245  16  83   0  12 101 161 223 255 303 363
 345  86 380 391 319
 364  33 387 378 180
 255 157 245 368 162 355 369
  81 136 292  99 174
 236 387 214 277 135 325
 305 254 351 313  55 165
 232 300 112 209  45 191 241
 172 311 211  43 184
 267 148 133 340
   9 375 279 254  98
 159 390 256 205  91 148 219 338
 324 381  87 366 172
 310 236   3 155
  19 295 162 124  72 224 273 369
 179 200 225  71 160 171 278
 319 330 145  69
 368 162  16 263 276 289
  83  59  36 206 373
  59  36  50 218   5  14  27  73 145 150 327
  68 168 350 195
  48 243 195 250 349
 305 313 254 197   3  29  55 215 221 257 277 335
 193 164  41 218
 178  63 150 186 141 194 216 385
 237 364 159 148 205 228
 162 332 314 247  49 168
  47 367 130 163   7  28 253
  72 246 377  22  93
  16 143 371   1  53 140
 362 231 269 201
  17  73 145 265
 315 390 262 237 365
 359 242 227 193
  83  12 223 329 201 238
 331  26 354 237  33 277 315
 315 146 361 137  85 189
  37 225 341 213 103 324 381
 356 163 168  47
 143 275 157  16   1  62 110 162 332 346
 122 332 343 247   8 102
 122 175 321 286   6   8
 161  16 358 314  49
 151 305   9 254 258
  59 218  46 347
 264 293  57 164 312
 251   9 134  10 290 339
 329  12 245 199   0 101 384
  60  78  96  77 234 243 357
  38 179 208 149 166 180 331
 173 323  22 168 299 307
  86 391 147 249  55 330
 341 324  87 366
 100  79 225 109  35 239
 279 322   9  81 174
 199 108 376 206 317
 216  18 259 353
 300 128 238 112 201
 277  38 305 197  32 182 215 331 334
  34 259 171 216
  24  31  90 321   2  43  57 131 154 187
 340 361 205 237 156 219 252
  27 380 147 242 330
