 259 172 258 157  71 229 312
  14 330  97  67
 196 307 122 353 167 246 262 369 385
 221 367 329 168   7  38  63 114 231
 349 350 106 362 212 232
 283  23  27  45 111 217 223 264
 140 116 335  85  25 115 216 387
 114 202   3 165
  51 361  31 207  55 148 301 320
 118  99 112 279  58 241 289 322
 279 326  58  46 113 185 323
 290 371 279  81  49 298
 178 188 363 230 214 231 351
  62 143 164 281 190 300
  97   1 177 220  59 364
 266 170 357 151 377
 150  67 125 119 212
 220 348 345 327  64 145 223 233
  52 255 121 370
 294 371 281  49  43  86 155 295 372
 247 175 204 216 229
 340  34  93 189
 272 389 119  27  90 254
 283 358  45 343   5  40  44  47 271 323
 253 356 285 117  96 224 280
 335 116 389   6
  32 293  85  94  33  51 173 191 194 330
   5 283 111 166  22  59 161 264
 318 253 250 124  30  84 117 205 257 269 297 314
 188 250 126  48  87 154 249
 168 182 162  28 284
 361   8 148 247 263
  26 330 293 191 173 194 349 350
 191  26 349  51
 267 340 373 337  21
 316  38 285 168  70  79
  37 340  93 261 213
  93 340 149  36 333
 168 221 329   3  35  70 104 244 316 318 367
 376  47  44 177
  45 152 223  23 137
 236 288  42 145
  71 258  41 259
 294 343  19 345  56 298 328
  46 177  97  23  39  47 298 328
  23   5 271 358  40 138 233
 185  44  10  97 177 326 350
 177  44 152  23  39  86 281 300 362 376
 126 163 132 250  29 249
 166 371 294  11  19  68 161
 260  76  72 363 101 214 256 334
   8  55  26 194  33 207 234 361 390
 131  96 287 107  18 332 337
 228 198 252 347 240
 157 184 321 259 218 312
 390  51 361   8 125 150 195 320
 328  57 345  43 106 298
  56 141 311  62 137 319
 279  10 322   9 112 134
  14  27 177 217 192 306
  88 359 261 153  91 243
 311 197 215  80
 177  13 143 281  57 190 238 303
 114 329   3 199  82 165 237 284 309
 348  17 233 111 364 384
 218 109 184 153 150 388
 371 292 357 295  80 211 215
 209   1 191 288  16
  49 371 294 112 119 254
 168  96 221 117 162 267
 318  38 244  35
  42 258 259   0
 344 260  76 128  50 130 305
 133 182 356 168 239 286 309 346
 386 126 104 374
 232 198 142 347
 334 260  50  72 101 102 190 303 319
  78 105 109 347 198
  77 109 105 184 198 347
 235 123  35 296 135
  81 281 292  66  61
  80 292 281 279  11 277
 284 101 282  63
 128 206 227 141 201
 250 126 154  28
 293  26  94 116   6 207 360
  47 155 300  19
 386 374  29 249
 261  60 258 333  91 243 320
 383 293 183 246
 301 385 115  22 321
 391  60  88 315
 324 122 139 180
  37 149 337 340  21  36 333 370 373
  85  26 293 116 115 194 234
 175 183 353 293 122 387
 131  69  52  24 267 388
  46  44 177  14   1 110 181 328 350
 120 169 108 174 219 274 365
 118   9 383 136 113 339
 315 317 156 123 282 391
  50 214  76 188  82 284
 170  76 357 334 179
 206 291 284 130
 221  38 329 168  74 224 386
 261 109  77  78 195
 328   4 141  56 137 212
 285 368 159  52 131 388
 132 163 174 169  98 336
 105 184  78  77  65 172 195
 181 201 328  97
 348 283  27   5  64
 118   9  58 166  68 134 142 313
 383 279  99  10 349
  63 329   3 168   7 165 202 316
 116   6  94 301  90 167 203
 353  85   6 122  25  94 115 167 335
 253 356  28 124  24  69 158 224 269
   9  99 112 196 142 186 289
  22 372  68 295  16 254
  98 274 174 365
 267 332 354 224  18
 116 307   2  95  92 175 324 360
 315 189 287 317  79 100 135 276 366
 253  28 168 117 162 205 244
  55 361 390  16
  48 250  29 169  74  84 154 249
 147 340 354 213
 130  72 206  83 304 305 341
 263 148 247 183
 128 230  72 163 103 206 227
  96  52 107 285 332
 108 163 174  48 169 199
  73 346 178 286
 251 343 112  58
  79 366 123 315 240
  99 171 380 353 187 222
 106  40 331  57
 345 220 358  45 181 364
 290 171 196 278  92
 380 307   6 353 142 196 360
 341  57 381  83 106 308
 196 118 140 112  75 226 313 369
  62 326  13 292 190
 215 295 378 372 352
 308 327 288  17  41 273 352
 158 379 159 253
 127 213 242 237 354
  31   8 247 129
  93 159 317  37 268 270 337 373
  16 390  65  55 218
  15 375 197 215 313
  47 281 323 283  40
 172  60  65 184 218
  84  29 126 169 314
  86  19 294 372
 100 317 325 202 239 282 310 391
 321  54 259   0
 332 117 253 159 146
 149 107 158 280 146
 208 344 210 174 219 311
 166  49  27 283
  30 318 124  69 314
 132 108  48 169 130 174 199 291
 323 326 177 300  13
 114 202  63 285   7 391
  49 283 279 290  27 112 161 186 289 343
 115 307 116   2
 182 221 329  38   3  30  35  69  73 104 114 124 346 367
 163 132  98 126 108 154 219 249 274 338
  15 266 102 357 179 377 384
 383 389 136 380 139 187 191 222 339 355
 153   0 258 109 192
 275 330  32  26 390
 132 160 163 108  98 120 208 219 311 334
  95 183 122 204  20 247
 360 272 389 380 203 264 355
 283  44 323  46  14  39  47  59  62  97 164 185 376
  12 182 346 133
 342 334 102 170
 193 362 299 288  92 275 306
 110 201 138  97
 168 221  73 329  30 178 265 269 297
  95 335 293 175  89 129 263 324 387
 109 347  78  54  65 153 258
  46  10 326 177
 196 166 118 246
 222 171 136 339 278
  29  12 329 230 101 382
 123 315 228 317  21 240
  62 143  13  76
  26  33 330 171  32  67 209 251 349
  59 306 172 324
 180 288 362 275 299 306
  26  94  51  32 209 234
 109 105  55 261
   2 246 118 140 139 142 186 307 369
  61 215 311 378 151
  53 373  77  78  75 232 243
 214 329 132 163  63 248 374
 231 230 374 208
 110 181 236  83
 325 165 156 114   7 379
 226 360 176 115
 175  20 262 385 229
 318  28 253 124 310
 128  83 238 130 103 352
 361  85  51   8
 160 344 174 210 200 342
  67 288 191 194
 225 160 344 311 208 357
 225  66 357 372 303 305
  16 390   4 106
 147  36 370 368 127 354
 363 199  50  12 101 352
  66  61 371 295 144 151 197 378
 301   6 335  20
 299 220 223   5  59
  65 150 153  54
  98 169 174 160 338
 345  17 283 358  14 138 217 223 299
 168 329   3 182  38  69 104 367 374 386
 187 171 136 389 278
   5  17 217 220  40 273
 356 117 104  24 121 257 267
 210 211 357 344 266 342
 203 387 259 142 232 312
 230 130 374  83 304
 347 268 189 359  53 252
  20 324   0 204
 374 130 200 363  12 188 227 351
 200  12   3 381 346
  75 198 226   4
 348  45  17 283  64 384
 194  94 275  51 263
  79 381 316 366 302
 201  41 382 237
  63 316 368 242 147 236
 295 345 348  62 206 327
 156  73 296 391
 388  53 135 189
 380 383   9 389 251
 237 147 366 368
 261 198  88  60
 367  38 250 124  70
 269 332 265 297
 353 196   2  89 186
  20 175  31 148 129
 331 199 336 365
  29  48 126 169  87
 126  29 329  28  48  84 244 309 318
 134 241 191 380
 228  53 347 268
 117 124  24 356  28 146 158 205 318
  68 377  22 119
 296 285 280 287  18 286
  50 344 260 351
 274 318 224  28 314
   0 259 184  71  42  88 172 320
   0 157 301 321  42  54  71 226 258 312
 344  72  76  50 256 327 334
 105  88  36  60 195 243
 385 204   2 307
 129 183 234  31
 360 176  27   5
 297 269 363 182 245
  15 357 170 225 377
 121  96 224  69  34
 287 149 317 228 252 270 333 359
 297 182  28 117 245 265
 287 149 268 337 370
 378 358  45  23 303
 176 389 380 360  22
 223 308 145 381
 120  98 169 257
 173 330 193 180 234 306
 317 366 368 123
 289 290  81 322 375
 139 187 222 378
  10  58 383 113   9  11  81 166 290 322 326
 255 287 325  24 159 379
 292  80  81  47  13  19  62 152
 100 156 310 296  82
   5  23 177 323  27 111 152 161 166 220 233 358
 103 101  63  30  82
 296 107 255  24  35 131 165 316 368
 133 255 356  73
 268 280 255 270  52 123
 193 180 209 299  41  67 145
   9 166 118 322 277
  11 292 166 279 139 277 378
 381 304 163 382 103
  81  66 281 290  80 143 378
  85  26 353 183  32  89  94  95 387
  19 371 343  43  49  68 155 372
 238 372  66  19 119 144 215
 285 255 368 316  79 239 282
 269 386 182  28 245 265
  56  44  11  43
 180 193 217 220 288
  86 164  47  13
  90 216 115   8 259 321
 304 381 235 308
 211 271  76  62 331
 291 227 374 128 302
 341  72 128 211 308
 193 275 180  59 192
   2 140 122 196 167 262 385
 145 141 305 341 273 302
 382 250  63  73 310 338
 282 156 205 309
  61 210 174 160  57 197 319
 259   0  54 226
 375 151 112 142
 154 162  28 257
 123 100 366 189  91 135
  35  38 285 114 235 237 296 368
 149 268 100 123 156 189 276 379
  28  38 253 250  70 162 205 257
  76  57 311 334
  55 258   8  88
 157  90 301 259  54
  58   9 279 289 277 375
 358 283  23  10 152 164 177 326
  92 122 350 183 192 229
 202 280 156 368 379
  10  46 323 279 143 164 185
  17 345 260 238 145
  56  43  97  44 106 110
 221 168   3  38  63 104 114 182 188 199 250
  32  26 191 275   1 173 350
 336 365 303 248 137
 158  52 121 131 245
  93 359  37 268  88
  76 260 174  50 102 179 319
 183   6 389 116  25 216 355
 331 365 108 248
  93 373 149  52  34 270 359
 382 309 169 219
 383 171  99 355 187
  37  93  36 127  21  34
 381 141 128 305 308
 208 179 344 225
  23 294 166  43 134
 160 260  72 208 210 225 256 342
 358 220  17 138  43  56 238 327 348
 133 168  73 231 178
 228 184  77  78  53  75 252
  64  17 111 345 233 238 364 384
 113 383 191  32   4  33
 330  46  32  97   4 324
 256 230  12 377
 144 145 206 214
 246 380 116 293   2  95 136 140
 121 127 213 147
 339 335 171 176
 117  24 253  73 224 286
  66 266 225 210  15 102 170 211 372 377
 345  23 323 283  45 138 220 271
 333 228 337 268  60 373
 176 140  85 122 203 264 272
 207   8  55  51  31 125 390
 193 180  47 376   4
 214 230 374  12  50 265
  64 348  14 138
 120 331  98 336 248
 315 123 368 276 135 235 242
   3 221  38 168 244
 296 107 316 285 213 237 242 276 325 366
 385 196   2 142
 270 213  18  93
  66 294  49  19  11  68 215
 295 357 294  19 119 144 155 211
 337  93 149 359  34 198
 230 363 221 199  74  87 200 227 304 386
 151 313 277 322
  39 177 362  47
 170 357 266  15 254 351
 271 290 292 215 144 197 278
 325 317 280 202 146
 241 140 353 383 136 171 176 251 272 389
 341 231 291 141 235 273 302
 338 309 291 188 236
 113 171  99 279  89 241 339 349 380
 233  64 348 170
 262 307   2 204  90 369
 297 104 221 374  74  87
 293   6 183  95 226
 240  65  96 107
 272 171 380 335  22  25 176 222 241
  55  51 173 361 125 150 212
 156 100 239 165  91
