 335 216  89 185
  74  91 261  85  55 221 263 281
 175 178 315  87  79 137
 244 250 209 174  45 191 228
 113 301 356 169
  14 182 130 310  72 357
  93  37 293  19  44 345
  30  17 123  66 210
 371  25 353 167 267
 277  92 305 254  11  23 142 339
 372 136 118 380  80 297 313 322 351
 309 339  23   9 217
 169 383 113 283 179 182 363
 138 175 347  96
   5 223 202 182 348
 122  90 154  54 173 252 295
  25 167 116 353  68 180 216
 230 197 249  66   7  51 210
 385 349 330 114 189
 180  25 353  93   6  83 214 223 256 379
 204 203  31  22  94 161 186 199
 373  88 286  96
  20 203 204  94  88
   9 309 339 277  11
 208  90 321 122
 353 167  16 180   8  19  68  83  93
 101 362  89 303
 238 386 158  47 364
 126 130 253 310 272 384
 253 250 236 113
 123  66 340 230   7
 204 160  90  20 186 211 332 385
 334 387 391 266 325
 291  45 294 249  64 170
 222 127 311 245  46  63 329 388
 212 275 382 377 109 125 307 368
  46 388 218 369  42
 259   6  93 370  76 165 202 345
 350 272 334 376 195
 199 148 154 161  59 288 323 358
 265 331  78 156  52  77
 377 212 366 368  71 104
 142  36 202 339
 208 157 247 143 155 389
  93   6 223 293 213 246 376
 249  33 250   3
 388 218  34 188  36 227 298
  66 230 238 119  27 158 209 237 265 291 386
 113 169 318 132
  83 371  93 270  92
 120 146 260 274
 197  60 219  17
  78  77 285  40 179
 384 357 201 170
 122 247 157  90  15 152 194 204 232 259 262 314
  85  74 320   1
 314 232 185 194
 361 255 366 367 285 302
 288 344 358 323 195
 329 199  39 203 138
  75 230  66 119  51 105 207
 334  73 310 121 182 272
 237 304 196 156
 218 110 188  34 168 369
 201 170 280  33 271 363
  95 274 360 229  89
 230  47  75 300   7  17  30  60 119 159 291
 102 290  73 151 183 325
 167  16  25 116
 361 280 367 317 179
 236 253 292 169 130
 115 378 346  41
 357 273 384   5
 334 310  61 102  67 387
   1  85  91 224  55 104 263
  66  60 300 119 205 207 289
 259 345 202  37
  78 248 317  40  52 144
  77 248 317  40  52 144
 284 127 200   2
  10 339 313 118
 380 333 136 128 147 181 301 372
 219 263 328 140 243
  49  93  19  25 256 371
 169 375 292 301
 224 320  74   1  55 221 234 352 368
 330 114 349 360
 200 287 308 324   2 137 145
  22  94 347 262  21  96
 335   0 142  65  26
 122  54 157  15  24  31 138 154 173 252
 359 117   1 378  74 115 190 275 316 336
   9 277 270  49
  25 353  19   6  37  44  49  83 165 202 256
 186  22  20 203  88 155 175 284
 360  65 330 222 299
 231 362  88 267  13  21 155
 207 198 170 280
 301 236 147 177
 251 118 383 375 112 129 279 292 322
 109 382 212 107 124 260
 107 303 316 327  26
  73  67 290 334 183
 172 255 153 342 124 285 302
  74 224  41 184 153 226 234 281 342
 209 265 289  60 276
 341 381 332 211
 327 359 354 338 100 101 303
 132 250 356 269 280 318
 100 382 212  35 124 260
 168  63 162 200 145 227
 242 112 375 290
 375 322  99 372 111 305
 169   4 132 356  12  29  48 236 253
 349 222  18 330  86 229
 117 378 261  91  71 184 255 282
  16 167  68 353 347 355
 123 378 133  91 115 139 289 346 359
 136  99  10 375  80 242 313 351
 238 300 177  66  47  60  75 201 207 241 249 294
 146 274 303 176  50 362
 256  61 166 365 217 350
  54  90 157 247  15  24 173 208 252 293 295 321 370
 340 117  30 133   7 139 197 354
 103 109 100 308
 315 212  35 368 176
  28 130 253 292 310
  34 211 203 343  79 284
 380  81 333 301 147 174 181 206 280 283 356
  99 292 391 309
 126  28  70 253   5
 235 344 187 337 188 234 369
 356 108 206 269  48 113 163 318
 117 123 346 354 239 289 340 359
 251 383 266 279
 215 258 207 313
  81  10 118 372 297 313
 312  87 212   2 176
 306  59 311  90  13
 296 117 378 123 150 327 338
 261 197 320 149  82 198 205 219 282
 343 229 222 360
  89 347  42   9
 262  43 208 247 240
  77  78 248 257
 162 287  87 110
 120 303  50 176
 181 177 128  81  98
 358  39 199 330 189
 328 320 261 140 220
 296 275 378 139
 266 254 322 290  67
 232 314  54 240
 172 382 104 377 103 226 342
 323  15  90  39 160 332 358
 167  43  94  96
 159 196 237 361  40  62 331
  54 122 247 208  43  90 173 203 370 389
 209 191 237  47  27 228
 156 304  66 317 196 280
  31 204 332 154 252 323
 199  39  20 204
 110 168 287 145
 206 132 356 257
 306 235 225 200 233
 353 345  93  37
 365 214 379 371 121
  25  68  16 353   8 116 155 213 355
 110 188 388  63 162 193 227
 113 292 301  70   4  12  48  84 257
 249  33 280 326  53  64  97 271
 315 188 287 175
 153 103 220 328 226
  15 122 157  90 288
 326 269   3 128 280 317 367
   2  94 315 178  13 171
 274 120 125 137 146
 119 181 238 147  98 201 241 249
   2 287 286 373 175
  69 285  52  12 273
 353  19  25  16 214 270
 380 177 128  81 147 265
   5  61  14  12 348
  67 246 102 278 264 325
 377 346 378 115 104 255 289 366
 216 194 262 247   0  56 240 335 347
  94  31 204  20 268
 235 131 337 225 226 306 342
 218 287 131 235  46  63 168 171 233 311 337
 148  18 323 314
 346 378 359  91
 209   3 158 317 228
 306 235 225 337
 343 385 306 168 324
 247 185 262  54  56
 252 384  38  58
 237 156 340 159  62 367
 140 230  17 123  51 198
 140 197 261 205  97 219
  39 161 148  20  59 299 329 330
 381 341 343  87  79 110 164 225
 294 249 119 177  53  64
 345  37  93  76  14  42 217
  20 204  22 157  59  94 127 329
  20  31  54 203  22 160 161 186
 282 140 300  75 198
 269 132 380 128 163
 289  75 119  60  97 135
  43 157 247 122  24 143
  47 230   3 191 105 158 228 265
 271 241  17   7
 341 268  31 381 106 127 284 343
  35  41 382 377 100 109 125 137 307 366
  44 223 167 214 246
  19 223 180 270 166 213 365
 258 135 359 336
 262  16 185 240   0
 202  11 121 256
  46 388 188  63  36 233 274 315
  82 140 198 261  51
 149 291 328 172 271
 316  85   1 338
 360 229  34 114  95 141 284 299 385
 214  44 379  19  14 213 365
 368  85 352 377  74 104 263
 235 337 200 287 164 187 192 308 324
 172 153 104 187
 168 110 388  46
 158 191 209   3
 222 360 114 349  65 141 335
  66 291  47  17  30  60 197 209
 277  96 362 267
 152 314  54 240  56
 298 164 188 218
 243  85 131 104
 337 225 131 187 164 188 192 298 306 344
  70 253  29 113  98
 196 317  47 304  62 156 158 331
 119 241 300  47  27 177 258
 354 319 340 133 276
 216 143 262 185 152 232 347
 238 119 300 177 210
 313 375 118 372 111
 263 281  82 234
   3 269 250 326
 311  34 385 344
  44 365 264 213 183 273
  54 122 321 157  43 143 185 194 208 259
  77  78 317 380 144
  17 119 294 177  33  45 170 201
 244 108  29   3  45
 134 383  99 279 290
  15 160  90 122 195
  29 236  70 113  28 126 130 292
 151 290 266 305   9 277
 328 115 366 184  57 103
  19  93  83 379 121 217
 163 290 169 301 144
 336 300 215 238 135
  37 247  54 370  76
  50 109 100 303 348
 320 140 378   1 115 149 198 219 282 328
 216 143  54 370  88 185 194 240
  82 224   1  74 243
 246 278 183 268
  47 209  40 181 105
 383 279 151 134  32 254 305 334
 376  96   8 270 231
 211 341 186 343 264 286
 380 174 244 206 108 132 304 326
 214 371 353 180  49  92 267 376
 210  64 220 170
  38  61 310  28
 278 179  72 246 325
 120  65 218 176  50
 296 150  35  91 327 338
 239 105 303 319
   9  92 254 231  23
 264 273 285 183
 251 266 383  99 134 305 309 339 391
 128 159 174 108  64  69  97 170
 342 243   1 104
 205 140 115 261
 333 356 301 128  12
 127 222  94 211  79
  52 302  57 103 179 278
 178 268 343 373  21
  87 188 315 225 145 162 171 178 298
  39 173 323 358  58
  75 133 117 184 105 207
 383 251 151 257  67 102 111 254
 230  66 294  47  33 220 361 367
 169  70  99 253  84 126 129
 321 295   6 122  44
 304 291 201 119  33 249
 293 321  15 122
 275 139 150 346 327 338
  10 326 380 136
  46 235 233 287 369
 222  95 199 360
 119 238  66 241  75 205 258 336 386
   4 380 128  81  84  98 169 257 283 351 375
 285 318 103  57
 327 120 107 319  26 101 146 260 276 390
 159 294 237 269  62 386
 279 266 254 112   9
 164 193 187 235 138 192
 312 338  35 212
  87 225 377 366 124 324 374 390
 391 279 129 383  11  23
  73  28 126  61   5 272
 245  34 344 188 138
 137 319 390 366 307 374
 136  10 118 242  80 135
 232 152  56  54 189
 125 287 171 218   2 175
 221 338 359  91 101
 237 159 174  78  69  77 191 248
  48 108 132 356 302
 354 364 239 327 276 303 312
 261 149 328 378  55  85 140
 247 122 293 295  24
 112 372  10  99 151 363
 154 332 160  39  58 189 288 358
  87 193 308 225
  67  32 273 183
 174 269 244 380 170 297 333
 107 296 275 139 101 303 319
 149 320 261 378  82 172 220 255 352
  59 203  34 199
 199 349  95  18  86 114 148 360
  40 354 156 237 364
 323 160 154  31 106
  81 380 128 326 283
  73  61 391 266  32  38 102 387
  89   0 229 185
 258 300  91 386 215
 235 131 225 188 187 192
 139 275 296 316 107 221 307
 279   9  23  80  11  42
 123 133  30 354 196 239
 381 106 211 343 200 268
 281 187 104 153 103
 381 341 211 200 127 141 193 268 286
 131 235 311 245  58 369
 202 165  37   6  76
 378 133 296 117  71 184 190
  88 185 240 116  13 142
 363 260  14 182
  18 114 385 330  86 229
 121 371 365  38
 118 380  10 301
 224 368 328  85
  25 180  19  16   8  93 116 165 167 270 376
 133 340 123 319 107 239 331 364
 389 370 116 167
 132 108 113 128   4 163 283 318
  53  72 384   5
 148  39 323 154  58 288
  91 117 133 378 107 190 215 316
  95 222 229 330  65  86 141 299
 156 367 291  69  57
  96 231  26 120
 348  12  64 322
 354 319  27 331
 166 379 214 223 121 246 350
 377  41 184 212  57 255 308 312 374
 174 361 291 196  57  69
 224  35  41  85 125 352 382
 131 298 344  63  36
 389 122 157 355  37 259 262
   8  49 270  83 166 350
  81  10 136 380 112 242 322
 178 390  21 286
 312 308 390 366
  99 112 118 301  84 111 242
 267 353  44 270  38
  41 366 212 382  35 153 184 224 308
 346 261 117 115  71  91 139 150 184 190 320 328 359
 365 223  19 166 256
 128 269 181  81  10 206 248 297 301 326 333 351 372
 341 343 200 106 211
 212  35 377 368 100 109 153
 251  99 266 279  12 134 290 309 391
  53 357  72  28 195
  18 349 222  31 193 245
  47 300 304  27 336
 334 391  73  32
  46 218  34 168  36 227
 370 355  43 157
 312 308 303 373 374
 383 309 279 334  32 129 387
