 183 186 321 247 115
 213 271 188 226  11 202
 320  77  78 109
 171 278  23 347
   9 243 180 158  53
 236 207 241  35
  95 144  54 295  92 240 377
 159 197 106  31
  71 271 248 103
 243   4 214 328 180 363
 314  89 137 301 275
 271 202   1 343  17 197
 223 322 182 369  17
 391 356 347 349 234 303
 327 348  76 283
 356 391 136 349 266
  19  69 185  89  54 135 311 337
 202  12  11 358 170
 385 175  20 204 146 247 387
 371  16  69 185  89 135 230
 204 222 175  18 186 216 229
 162 261 306 188 237 372
  31 218 351 165
  50 286 342 314   3  68 171 278
 286 295 172  95  93
 152 192 229  38
 375 207 361 181  60
 358 345 203 357 287 384
 244 163 249 126  86 190 265 294
 174 132 250 163 148
 315  52 210 296 118 139 379
  22 195 305 273   7 351
 128 263 169 107 124 362
 212 221  43 359 196 239 277
 203 293 154 112  56 254 274 313 323 345
 212 299 291 318   5 219
 153 172  75 218
 291 299  62 169  52 166 319
  99 152 360 309  25 168 199 239 280
  84 253  99 324 168 344 366
 322 369 156 323 217
 150  84 324 215 179 184
 267 329  76 288 145 165 348 363
 212 367 359 330  33 124 125 252
 328 312 281 374
 206  53  47  81
 343 197 248 376
 338 336 206 312  45 231
 174  79 169  63 120 121 289 368
 104 276 301 218 246 355
 301 288 314 267  23  67  68 104
 370 371 286 143 373
 299 263  30  37 111 379
 217 198 325   4  45
   6  16 144  95 230 240 282
  78  77 140 364
 112  34 242 203 313
 331 261 117 318 119 219 256
 188 382 388 289 170
 199 381 187 305 106 341
  26 178 255 211
 280 125 113 366 118
 250  79 126 163  37 257 269 319
 149 163 101  79  48  70 100 284 296
 283 376 348 327 134 205 209
 245 153 172 270
 390 227 110  88 201
 155  50 288 238 275
  23  50 267 218 278
  16  19 302 371 129 230 337 373
 101 253 265  63 297 326
   8 333 103 376
 357 287 127 345 134 205 251 383
 300 110 227 139  88 292
  99 381 239 376
 301 314 260 137  36
  42 327 145 348  14  83 165 267 329
  78   2 364  55
  77 382 364   2  55
 149  63 163 250  48  62 132 190 244 272
 154 203 293 131 201
 207 220 383 251  45
 322 274 369 156
 145 327  76 329 234
 107 253 138 354  39  41 150 330 366
 268 337 311 211  92 228 350
 386 126  28 107 184 257 360
 160 200 178 211  91 228 231 258
 154 112 300  73  66 173 201
 389  19 259 371  10  16 130 185
 122 259  95 116 157 164 270
 258  87 231 232 350
 377 365   6  85 255
 295  24 276 161 373
 155 238 260 105 206 312
 295   6 144  90  24  54
  98 169 368 291
 139 357 227 110 142 177 205 209 225
 368 169 291 263  96 147 310
  38 113 239 324  39  74 168 199 360
 304 101 132  63 123 284 316 318 382
  63  70 304 163 100 103 123 296 326 364
 302 238 260 374 155 281 342
 101 264 304 285   8  71
  49 171  50 165 183
 153  94 374 238 312
 277   7 199  59
 354  84 128 126  32  86 138 212 330
 261 162 316 188 382
 320 388 285 174   2 264 343 385
 227 300 117  73  66  97 139 210 241 292
 166  52 310 128 361
 154 203 167 368  34  56  88 242 380
 324  99 309 199  61 280
 283 356 391 349 383
   0 335 183 355
 224 161 295  90 157 218 321 335
 110 300  57 261 119 233 241
  61 181 142  30 275
 233 241  57 117 256
 284  48 132 149
 304 269 249  48 264 272 285
  90 259 286 143 130 157
 221 100 149 101 277 333
 212 330  43  32
 366  43 362 330  61 177
 250 354  28  62  86 107 128 221 236 297
 293  72 323 254 217 369
 107 263 378 126  32 111 310 330
 158 302  69 230
 389 259  89 122 317
  80 203 384 154 191 380
 304 174  79 163  29 100 120 326
 249 193 196 190 235
 251  72 223  64
  19 185  16 281
  15 356 198 266 180
 301 314  75 153  10
  84 107 330 212 150 179 361
 292 110  73  30  97 225
  55 162 226 372 209
 249 289 294 250 386
  97 225 209 292 118 341
 122 286 370 161  51 298 335
 270  95   6 295  54 189 228 240 282 332
 327  76  83  42 376
 388 384 385  18
 291 169  98 149
  29 244 193 294
  63  79 378 296 120 123 147 263 284 354
  41  84 138 324 184
 285 188 382 213 177
  38 199 309 215  25 262 280 344
 172 137 245 105  36  65 194 246
 112 203  80 293  34  88 131 167 176 300 357
  94 102 260 374  67 328
 369 322 349  82  40
  90 270 122 116 164 321
 340 389 260 371   4 129 243 279 317
 346   7 353 276
 200 211  87 258 178 189 208
 224 286 116 172  93 143 218 245 276 321 335
 188 261 108 382  21 140 213 306
  63 250  79  28  29  62 101 132 221 244 354
 298 157 183  90
 104  76  42 267  22 187 303 355
  37 111 319 299 361
 112 154 368 203
  99  39  38 367 220
 291 263  98 378  32  37  48  96 147 368
 376 292  58  17
 104   3  23 347 329
 153 245 161  24  36  65 194 224 276 346 353
 209  88 176 323 275
 304  48 132  29 109 289 331
 222  18 193  20 186 204 385
 357 293 242 154 173 191 209
 151 205 125  97
 211  87 160 268  60
 138 215  41 253 361
   4   9 136 198 325
 252 390 330 367  26 118
  12 352 223 329
   0 335 321 104 115 164
  86 360  41 150 235
  19 281 302  89  16 135
   0 175  20 222
  59 246 355 165
 162 261 108 382   1  21  58 151 233 306 380
 200 144 377 160 290
 249 244  79  28 133 193 309 364
 131 380 176 242 387
 273 229  25 216
 222 320 190 249 133 148 175
 245 172 153 307 232
 351 245  31 208 305
 249  33 221 257 133 277
 352  46  11 303   7
 136 334 356 349  53 180 325
 152  99 113  38  59 106 344 381
 160 211 208  87 189 268 308 365
  88  66  80 380
 271 226   1 384  11  17
  34 293 154 112  27  56  80 131 167 254 274 345 357 358
  20 222 175 229  18 216
  64  97 177  72
 336  47 312  94  45
   5 375 390  26  81 220 350
 332 200 160 195 307 308
  97 140 176  64 142 173 334
 379 315  30 110
 160 200 178  87  60  85 268
  43 330 367 107  33  35 124 138 252 359
 271   1 226 162 151 248
 243 340 342   9 279
 324 294 297  41 152 179
 229  20 273 204 192
 323  53 127  40 383
 161 286 116  49  22  36  68
  57 318  35 326
  81 168 207 383
 250 354 163 126  33 123 196 277
 204  20 193 175 186 229
  12 322 369 182 134 251
 161 116 172 295 321
 139 287  97 357 142
 271 213 202   1 140 237
 110 292  73 357  66  97
  85 337  87 144 231
 216 222 204  20  25 192 273
  54  69  19 302 129
  91 228  87  47
 258 307  91 194 341
 119 117 300 188 256 333 384
  83 363 278  13 334
 360 184 386 133
 362 241 126 330   5 339 375 390
  21 226 256 264
 102 260 302 374  67  94 105 288 312
  99  33 354  38  74 366
 144  54   6 377
 300 110 117 379   5 119 236 390
 176 112 293 357  56 191 254 372
 214   9 340 158   4
  28  79 163 250 148 190 249 265 297
 172 153 295 161  65 194 195 305 353
 353 355 153  49 187
 387   0  18 347
 213 376  46 271   8
 190  28 244 250 121 133 141 193 196 257 269 386
  62 126 163  79  29 141 221 244 249 269 289
  72 134 390 223  81
 367 212  43 359 181
 297  70  84 265  39 179 309
  34 293 203 242 127 313 323 372
 377  92 332 268  60 290
  57 257 119 233 237
 249  62  86 386 196 256 272
  91 160  87 307 232
 389  89 122 130  90
 302 340 102 374  75  94 155 158 238 328 342 370
 108 162 188 316  21  57 117 306 331
 280 344 308 152
 291 169 296 149  32  52  98 128 299 310 378
 285 109 304 121 103 237 343
  70 253 244  28
 391 356  15 279 136
  42  50 288  76  68 165 355
  85 200 377 211 178 255 282 290 350 365
 249 250  62 291 121 289
 144 295 157  90  65 332
 202 226 213   1   8  11 248
 257 121 326  79
 192 351  31 229 216
  34 203 345  82
  67 173 118  10
 286  49 172 161  93 159 346
 221 123  33 196 106 333
   3  23 288  68 234
 340 214 158 266
 152 262 113  38  61
 374 302 185 102  44 135 311 336
  54 144 268 290
  14  64 348 114
 149  63 100 378 120
 109 121 304 264 103 151
 161 371  24 276  23  51 122 143 218
 357 293 345  27  72 225
  50 238  42 267  67 278 363
 174  48 269 250  58 141
 282 189 268 255
 169 263  98  37  35  96 147 269 310 318 319 368 378
 139 227 110  73 142 170
  34 203 357 154  80 127 176 242 254 287 323
 141 324  28 215 148
 116  95  24 245   6  93 144 224 270 332
 149 263  63 101  30
 253  70 244 126 215 309
 164 370 143 317
  52 263  37 354  35 166 319
 110 315 241 154  73  88 117 233
 314 137  75  50  10  49
 374 102 260 281  69 129 185 230 238 371
 197 165  13 329
 100 174 132 101 103 121 264 285 316 318 326 331
 353  31 195 245  59
 320 188 162 261  21
 258 194 232 208 341
 344 381 200 208 262
 253 190 297 364  38 113 152
 128  98 263 291 111 362
 337  16  85 281 338
 105 374 238  94  44  47 206 336
  56  34 323 254
 301 137  75  50  10  23
  30 379 210 300
 318 108 100 304 261
 130 389 158 298 325
 316 291 100 304  35  57 219
  37 291  62 299 166
 109 306   2 193 385 388
 157 116 224 161   0 183
 369 156 223  12  40  82
 127 254 293  34  40 173 217 313
 113 294 215  41  39  99 150
  53 180 198 317
 101  70 304 132 219 272
 145  76  14 376  64  83
 374 260 155 340   9  44
  42 352  76 171  83 182 303 347 348
 212 107 128  84  43 124 125 138 181 236 359 362
 261 304 174  57
 208 295 144 270 255
 233 123 382 277  71
 198 209 363 234
 143 161 116 183 115
  47 338 281 312 206
 311  85  69  16 228 338 373
  47 336 337 311
 375 362 236 390
 260 158 342 214 243 279 328 370
  59 142 307 232
 340 102 260  23 214
 388 109  46 264  11
 381 152  39 199 262 308
 358  27 203  34  72 274 287
 159 276 172 353
 171 349 329 352   3  13 247 387
  76  14  42 329  64 283
 391 356 347 156  13  15 114 198
 268  85 207  91
 195 273  31  22
 329 182 197 347
 246 346 245 172 159 305
 107 126 163 149  84 221 239 299
 246 267  49 165 115 187
 391  15 266 349  13 114 136 198
 293 203 176 154  27  72  97 225 227 242 287 358
 345  27 203 357  17
 367 212  43 330  33 252
 184  38  86  99 235
 111 166 138 179  26
 236 310 330  32 125 339 375
 288   9  42 234 334
 190  78  77 101  55 309
  92 377 200 268
 125  39 239  84  61
  43 212 359 252 168 181
  98 291 169  48  96 112 167
 322 156 223 127  12  40  82
 371 340 143 260  51 298
  19 302 389  89  51  69 158 286 370
 242 140  21 254
 337  69  93  51
 302 281 260 102  44 105 155 238 312 328
 339 390 362 236  26 207
 327  64 145 170  46  71  74 248
  92 365 268   6 189 240 255
 149 169 291 263 128 284
 210 315  30  52 241
 112 188 131 384 191 201
 344 199 308  59  74
 188 100 162 108  58  78 151 333
 114  72  81 217 220
 131 380  27 233 146 202
  18 320 175 109 146
  86 257 141 249 235
 247 347  18 191
 109 320 343  58 146
  89 259 130 371 158 317
 241 236  66 375 181 207 251 339
 356 266 349  15  13 114
