 186 141 145 317 175 183 206 265 272 370
 291 349 261 188  21 100
   3 147  79 190
 250 269   2 132 278
  66 292 136 198
 376 327 329 165
 122  36 332  16  41
  99 106 277 104
 197 372 352 123 155
 322 117 203  98 234
  91 120 334 292
  70 109 303 257  28  45  80
 345 391 227 376  17  27  37
 213 108 316 304 142 248
 288 220  83 348  64 124
 131 356  34 203  53  58 323
 389  19   6 160  41  61 302
 329 347  12  63
 385  20 222 175 201
 374  16 178 105 302 371
 204 222 273 157  18
 291 299 326   1  23 107
 138  33 197 187
  21 123  76 107 106
  69 224  89 178  31 105 179 230
 321 253 152 216
 336 137  81 267 290 342
 329 202  12 233  73
 244 320 257  11
 126 313 141 109  70 272 388
 182 263 227 318 142
 116  24 218 179
  98 368 112 263
 197 237 123 359  22
 176 369 310  82  15 131 191 287 326 358
 304 318 163 316  68 104 221 277 343
   6 286 161 199 373
 347 391 293  12 319 352 363
 307  93 337 295
 220  51 327  50 366
 198 300 292 310 136 251 256 375
  16 130   6 321 305
 271 119 266 202 111
 168 221 367 106  49 276
 346 239 168 354
 328  11 303  70 104
 327 285 165 226
 206 200  89 143  60 158 231 328 355 361
 368 289  98 174
 276  43 366 221
 220 327 288 348  39
 165 327  39 220
 139  72  73 391
 319 391  15 293 362
 255 116  90 262 157 216 229 270
 284  78 149 123 246 367
 310 191 112 167 306
 358  82 237 345  58 170
  57  15 352 293
 199 286 353 373 102 288 355
  89  47 178 280  61 158 328
 389  16  90  60 275
 174 250  79 269 278
 101 329 316 233  17
 348 226 283  14 177
  85 185 172 189
 383 198 292 243   4
 181 142 232  97 118 207
  35 248 343 285 277
  24  89 224 178 125 179 301
  11 212 109  29  45
 370 355 206 181
 227 110  52 345
  52 139  27 329
 301 360 158  75 125
 374 200 224 301  74 232
 376 363 329 352  23
  78 284 149 123
  77 284 149 123  55 237
 382 250 100 269   2  62 147 306
  11 339 173 257
 251 383 292 267  26
 326 291  34 310  57 287
 265  14 288 141
 309 346 253 360 212
 377 189  92  65 144 185 208 215 228 270 311
 386 129 257 360
 160 211 153 258 135
 154 156 112 368
  60  69 178  24  47 280 301 361
  54 255 262 259  61  95 130 157
  10 187 334 252 138
 377  85 116 208 215 230 270 335 365
 337 295 365 344  38 305
 340 267 338 361
 160  90 116 228 152 161 281
 236 169 174 269
 296 271 316 304  67 111 181
 368 112  32  48   9 263 380
 308   7 258 113 267 342
 261 149 382   1  79
  63 329 347 226
 373 168 346  59 366
 288 264 272 370
 346  45 330  35   7 277 364
  19 371  24 178 238
  43  23 367 123   7
  21 359 299 252  23 138
 304 296 318 316  13 289 331
 388  11 247 257  29  70 212 303
 357 227 210 127  72 182 203 223 242 254 356 369
  97 202 271  42 275
 203 156  98 167  32  56  88 384
 215 192 338 240  99 137
 209 217 214 315 170 341 372
 120 325 334 274
 377  54 255 262  31  92  95 161 216 259 332
 322 169   9 203
 142  67 275 173
 202  42 126 266 234 313
 334 274 140 134  10 115 325
 387 289 331 174
   6 389 178 286 150 321
 237 372  78 284   8  23  33  55  77 106 352
 212 220 213  14 239 346
 275 301  74  69
  29 163 304 320 119 128 249 388
 391 356 357 227 110 154 293
 320 126 244 388 249 313 387
 179 360  86 218 386
 157  90 295  41
  15  34 167 203 236 362
 250 174 162 318   3 190 331 354
 196 294 219 148
 334 299 217 256 120 251 274
 137 153 258  87 207 342
 241 198 274  40   4 219
 336 258 113 153  26 135
  22  91 187 107 294
  52 391 293 227  73
 252 299 334 217 120 187 274 359
 186   0 265 145  29  83 175 247 272 385
  13 296  67  30 118
 218 351 260 178  47
 377 208  85 280 189 240 268 282
   0 206 141 212 272 288
 325 256 294 191
 306 382 269  79   2
 294 386 133 193
 382 284 100 261  55  77  78
 186 122 175 286
 285 213 233 304 177
  95 208  25 311
 172 258  87 211 135 137 232 307 308 342
 293 254 380 127  88 384
   8 276 341 225
 203 112 357 323  88 263
  90  54 255  20 130 204
 361  47 231  60  74 173 180 338
 338 184 235 192
 185 281  87 211  16  95 172 194 228 311
 245  36 116  95 335
 227 318 382 263 132 250 368
 331 304 126 378  35
 297 321 175 272
  51 327  46 226   5
 333 287 349 243
 191 112 310  56 131 236 362 384
 102  43 367 221  44 239
 188 291 269 261  96 117 205
 358  57 345 114
 316 271 304 330 239
 211 153 258 160  65 308
 158 180 328 361  80 118 339
 331 250 132  48  62  96 121 278 387
 186 317   0 141  18 150 164 297 385
 323  34 369 310 300
 366  64 151 285
 332 374  89  69  19  24  60 105 122 143 199 286 355 389
 230 129  24  69  31 184
 173 247 388 158
 330 296  67  97  71
 227  30 254 110 242
 298   0 186 309
 338 179 230 360 159 192 235 240
 160 281  65  85
   0 175 317 141 150 183 265 297 298 385
 252 334 140 299  22  91 138
 261 382 291   1 169 205 269
  85 377 282 144  65 240 270
 249 244   2 132 364
 310 167  56  34 146
 235 282 215 184 113 159
 253 244 320 222 148 386
 245 374 160 314
 324 200 351 374 344
 133 256 292 333
 359 252  33 299   8  22
 300 310 241  40   4  66 136
 286  59 178 218  36 314 353
 374 195 381 324  47  75 224 280 350
 370  18 385 313
 233 271 266 316  27  42 111 119
 156 112 357 110   9  15 117 131 236 322
  20 273 222 157
 322 169 379 188
 355  47 145   0  71 370
 340  67 135 232
 268  85 211 311  92 144 152
 315 114 217 372 390
 379 110 369 357 225 243 322
 172 160 208  87 153 258 280
  70 145  84 109 124 264 303 346
 316 285 304 271  13 124 151 248 330
 243 114 299 287 341 375 383
  92 192 230  85 113 235
 229  54 116 255  25 222 321
 299 209 315 334 114 134 140 333 372
 286 143 199 351  31 129
 136 333 256 274 133
  50 327 348  14  39  51 124
  43  35 367 168  49 276
  20 229 216 321  18 193 204 273 386
 345 110 369 356 225 358
 332  24 200 374  69  75 360
 356 223 210 391 155 341
 348 329 347  64  46 101 165 283 327
 110 391 127 357  12  30  72 139 162 182 242 254 345
 160  85  95 268 350
 216 255  54 222 273
 179  24 377  92 184 215
 158 361 301  47
 346 153  75 258  67 207
 202 304 285 316  27  63 151 343
 119 236 331   9 278
 192 184 215 159
 167 131  96 203 234
 123  57 261  78  33
 312 314 260 105
 346 171 168 124  44
 144 282 189 184 113
 198 322 300 136
 254 182 227 110
 383 214 287 210  66 166
 320  28 128 249 190 193
 161 259 194 332 302 305 314 353
  55 341 252 276
 298 109 388 141 180 257 385
 285  13 213 264  68 277
 244 126 128 190
 132 269  79 162   3  62 174 343
 292 383 134  40  81
 140 299 187 359  91 107 197 246
 360 309  84  25 193
 242 227 110 154 182 293
  54 116  90 262 157 216 229
 333 134  40 299 146 196 219 325
 109  11 247 303  28  80  86
 172 153  87 211  99 135 137 232 307
 332 389 245 116  90
 312 143 286 238
 188 291   1 100 149 169 237 349 382
 116  54 377  90 255
 368 156 162  98  30  32
 303 212 103 271 248
 141   0  83 186
 202 285  42 348 119
  81  99 340  94  26
 208 228 144 350
 250 188 169  79   3  62  96 147 306
 189  85  92  54 290 295 337
 316 304  97 202  42 111 171 213 264
 145 141  29   0 103 164
  20 204 222 229
 120 140 136 134 115 219
 118  61 111 125
  49 155  43 221 246
  35 104  68 248   7
  62 174   3 234
 322 379 390 300
 200 144 211  89  60 338
 311 160 185  95
 189 144 377 240 192
  64 226 348 316
 149  78  77 382  55 123
 213 233 266 151  46  68 177 248
 199 218 178  59  36 122 150 260 312 353 371
 369  82 356  34 166 214 243 326
  14 145  59 103  50  83
 378 108  48 304 121 313 387
 270 294 336  26
   1 261 349 188  21  82 169
 383  40 251 375   4  10  66  81 196
 154 391 127 254  37  53  58 139
 133 148 146 138 290
 337  93 270 130  38 305
 330  97 108 378 142 181
 186 309 164 175
 183 317 186 247 328
 217 252 334 140  21 107 134 187 197 214 256 333 359
 310 322 176 323  40 198 241 279 379
  75 231  89  69  74 125 340
 374  16  19 245 344
 264 109 212  11  45 257
 316 271  35 108  13  97 126 151 163 171 213 233 289 318 343 378
  41 295  93 245
 147 269  56  79
  38 336 258 153
 365 153 172 344  99
 253  84 360 297 183 328
 191  56  34 300  40  82 167 176 198
 281 208  85 160 152
 260 238 373 286
  29 289 119 128 201 339
 238 199 194 245
 209 217 372 349 114 326
 271 304 213 171  13  35  63  97 108 202 233 283 330
 186 298   0 175
 162  35 108 304  30 132 354
  53 352 391  37
 244 128 126  28 193
  25 216 351 122  41 164 222 335
 300 203 379 210   9 117 205 241 279 390
 176 156  15 300
 195 200 381 351
 256 334 120 146 115
  82 287  34 315  21
 220 226 348 165   5  39  46  50  51
  47 298  60 309  45 173
 226 347 101 376   5  17  27  63  73  76
 296 213 171 316 104 181
 163 174 132 108 121 234 354 364
 224 178 259 116   6 245
 166 256 299 217 196 219
 299 217 140 120  10  91 115 134 187 325
 321 351 161  92
 137  26 307 337 290
 365  93 295 270  38 336
 184 159 158 280  94 113 340
  80 385 173 313
 207 338 361 301  94 267
 225 214 155 114 246
 135  99  26 153
  35 233 250 304  68
 381 302 195 374  93 308
 223  12 358 227  57  72 170
  84 212 124 371  44 102 104 232 239
  37 329 226 101  17
  64 226 220 327  14  50 266 283
   1 291 261 315 166
 381 200 268 228
 195 360 143 218 321 324 335
 319  37 391 123   8  58  76
 199  59 245 286
 364 132 331 318  44
 206  47  59 178  71 370
 357 127 110 369  15 223 225 287 390 391
 110 356 127 369 156 203 210 227 379
 345 223  34 369  57 170
 197 252 140 299  33 107
 253 351 309 224  74  84  86 129 184
 158  47 231  89  94 173 340
 131  53 167 380
 376  76 391  37
 354 190 104 331
 337  92  93 308
 177 102  49  39
  43 168 221  55 106
  48  98 263 162  32  88 380
 210 110  34 176 223 287 356 357 358
 355 206 103   0  71 201
 286  19 374 105 346
 315 209 114 217   8 123
  59 312  36 102
 200 178 195 224  19  75 194 302 344 371 381
 383 292 214  40
 329  76  12 363   5
  92 116  85 189 144 230 262 282
 304 289 163 296
 210 322 357 300 205 279
 384 154 368  98 362
 200 350 324 374 344
 149 188 261 100  79 147 162 284
 243 375 292 214  66  81 251
 380 167 154 112
 175 186 247 141  18 201 339
  86 222 193 129 148
 121 289 128 174
 109 126 247  29 128 180
 259 178  16 122  61
 356 322 279 209
 127 227 293 356  12  37  52  53 139 225 319 352 363
