 355 385 187  18 161
 354 151 380 188 211 269 294 305
  92 270 167  95 262 317
 348 147 310 290
  64 383  47 339
 375 201 251 220
 175 270  71 298 255 317 320
  43 299 225 192
 193  24 187  66
 279  81  10 142  11 290 313 339 383
   9 142  81 279  40 231 248 254 358
 279 142   9 136 173
 202 117  76 376  27  42 145 278 301 346 391
  51 282  78  77  96 215 221 275
  74 231 248 376 243 300
  73  17 283  47
 124 331 116 138 272
  73 283 227  64  15 148 233 234 242
 259 216 385  94   0  54 143 335
 321 247 222 332  31 216
 204 247 222 229 144 186 216 321
 281 328  50  53  39  52  93 154 316 371
  65 223  23  59  89 110 158 165 347
  65  22 354 170 235 289 347
 107 315 299  66   8
 194 109 224 104
 181  44 130 113  61  85 390
 288 248  12 357  40
 126 250 263 163  29  70  84  86 309
 331 309  28 212
 314  57  84 284  58 104 218 333
 321 335  19  55 178
 152 131 182  43 127
  82  68 115  50 342
 185 192 304 126  90
 244 237  49 277  86
 288 191 248 153 329 337 373
 236 197 113 207 140 249
 368 155 326 364 211 366
 105 363 281  21 183 230
  10 311 181  27
 206 362 284 214
  76  12 202 199  67 208 327 380
 185 306 225   7  32  90 299
  26 181 339  81  85
  85  61 316 390 166 184
 110 165  59  89
 233 191  97  15   4 338
 377 257 318  66 164
 378 182 291 101  35  88 127 198 284
 281 363 162  21  33 106 119 243 260
  13  78  77 121 156 189
 209 328  21  68 111 154 183
 328 102  56  21 111 371
 259 385 187  18
  31 335 321 178
 102 357 288  53 119 371
 104  58  30 149 109 333
 104  57 177  30 109 149
 391  65  22 165  46 110 303
 131 152 225  90 240
  87  26 203 254  45 169 184 367
 108 174 318 257 132 157 297 308 355
 265  67  74  76 267 349
 234 358 191 357   4  17 227 330 356
  22  23 223 347  59  89 239 289
 164  48 107  24   8 315
  99  42 301  76  63 241 349
 381 359  52 209  33 154 230
 361 324 200 250  98
  28  86 263 163
   6 298 255 175 320
 387 238 266 384 350
  17 242  15 227 114 234 352
 376  14 340 117  63
  96 282 101 275
 145 202  42  12  63  67  83 199 238 327
  78  51 196 129  13
  77  51  13 196 129 215 386
 239 129 369 245 235 256
 266 374 220 384 350 386
   9 279  10 339  44 112 151 181 290 313 358
  91 359 115  33 179 342
 145 202  76 376 267
 126 163  30  28 218 314
  45 390  44  26
  70 237  35  28
 169  61 203 367 146 287
 127  49 237 378 198
  22 158 214  65  46 171
 131  43 185  34  60
 359 345 322 207  82 128 195 209 342 389
 167 270   2 262 175
 183 105  21 260 154 160 280 353
 122 174 259  18 143 252 335
 175 317   2 116 246
  75  13 129 275
 191 210 227 233  47 148 268 337
 221 237  69 253 146
 134  67 336 241 156 196 354
 261 253 369 291 180
 291 190  49 206  75 139 182
  56 288  53 119 363
 285 388 213 344 255
  57  58 193  30  25 333
 183  39  93 363 370
 329 260  50 153
  24 299 315  66 365
 174  62 318 257
 271 333  57  58  25 158
  59  46  22 165 273
 363 353  52  53 120 274 295
 142 279 136  81 326 364 368
 383 236  37 197  26 210 258
 130 210  73 316 323
 359 213  82 285  33 195
 175  95 247 317  16
  12 391 340 172  74 176 224 278
 293 381 197 325 323
 102 281  56  50
 274 326 111 173
 384 266  51 196 232 312 349
  94 259 174 157 385
 188 382 217 159 133 155 173 366
 133 271 369 149  16
 330 348 135 339
 163  28 225 263  34  84 131 250 304
  88  32 306  49 212 272
  91 209 359 345
  77  79  78  96 239
 207 345 210 197  26 114 179 311 316
 152 306 225 126  32  60  90 263
 355 297 163  62
 273 155 124 123
  99 136 336 265 156 292
 228 147 348 384 125 387
 279 134 142 336  11 112 168 265
 322 293 381 209 341 360
 369 212 256 378  16
 286 182 284 101 193
  37 249 148 293
 360 173 341 294
 279  10   9 112  11 136
  18 321 335  94 252
 302 204  20 222
  83 202  76  12 301
  98 341  87 331
 310 228 348 135   3 384 387
 337 249  17  97 140 171 268 276 372
  57 347 194  58 124 296
 198 240 182 152
 368 248  81 358   1 169 217 269 294 305
 306 225 131  32  60 150 182 240 324
 172 329  36 363 106
  68  52  21  93 230
  38 133 269 123 307
 134 189  99  51 232
  62 122 377 174 187
  89  22 214 109 171
 217 326 364 168 123 188 351
 295 183 167  93 246 280
 187   0 246 295 302
 281  50 311 243 300
 126  28 257 132  70  84 297 304
  66  48 377 257
 223  59  22 176  46 110 271 346
 184  45 389 195 307
  92 175 270 262   2 160
 136 364 159 265 173 217
  87 294  61 151 269 307 367
 220 251 286  23 219 289 312
  89 158 214 148
 391 117 153 340 368
 168  11 364 123 120 141 341 382
 108  62 318  94 122 157 252
 167  92   6 116  71  95 298 317
 224 117 340 391 165 271 303 346
 343 314  58 277 218 379
 276  55  31 280 320
 328 345  82 130 342
 315 100 308 379
  26  81  44  40
 284  49 101 152  32 139 150 343
  93 105  39  52 160 280 295
 344  45  61 166 320
 306 299 192  43  34  90 365 379
  20 216 246 187
   0 157  54 259   8 161 186
 123   1 380 159 205 382
 156 251 386  51
 101 291 206 245 277
  97 210  36 288  47  64 227 233 283 337
 306 185 299  34   7 284
 104 206 362 139   8
 334 271 149 223  25
 389 359  91 115 166
  77  99 354  78 121
 207 322  37 113 118 130 249 258 381
 240  49 150  88
 327 238  76  42 319
 250 237 253 263  69
 238   5 251 241
  12 145  83  76  42 278 301 346 376
 313 254 339 358  61  87 287 390
  20 247 229 222 144
 338 188 349 232
 362 101 190  41 193
 197 130 345 322  37  91 249 258 281 311 328
 334 380 374  42 232
  52 345 128  91  68 137 226 293
 191  97 383 113 114 130 249 352 371
  38 357   1 364 366
 314 237 127 378  29 138 331
 115 359 103 285
 312  41  89 286 158 171
  78 256 282  13 305
 229  18  20  19 186
 159 368 151 168 123 382
 314  30  84 177 379
 170 303 223 251
 251 170  80 375   5 286 312 374 386
 275  13 244 282  98
 204 321 229  20  19 144 332
  22  65 165 271 194 219
 176 271 346 117  25 303
 152 306 131 126   7  43  60 324 361
 264 325 345 209 276 323 372
 191  17 352  64  73  97 242 268 356
 135 147 348 384
 204 222 247 321  20 216
 154 316  39  68
 254  10 357 358  14
 208 156 121 265 205
  97  47  17 191 268 338
  64  17  73 283
  79 289  23 369
 113  37 258 383 243 322 328
 244 200 253 378  35  86  88  98 212
 327 199  76 241  72 201 319
  79 347  65 129 245 296
 198 152  60 150
 251  99 336  67 201 238
  73  17 352 227 356
  14 162 236  50 300
 237 291 378 253  35 221 275 277 282 369
 190 284  79 239
 280 160 295  95 161 186
 204  20 321 229  19 116 332
 376  27 288  10  14  36 151
  37 197 210 207 140 148 368
 253 200  28 126  69 261
 241 375 220 170   5 189 201 219
  94 174 308 143
 250 261 244 291  98 100 200 237
 313 231 358  10  61 203 338 352
 285 103 388   6  71
 215  79 369 138 296
  62 318 377 108  48 163 164 308
 236 113 207 197
 385 122  18  94  54 187
 106  50 329 281  93 353
 100 253 291 250
 167  92 270   2
  28 126 131 200  70
 359 325 285 226
  63 364 136 168 134 232 334 349
  80 354 374 121  72 292
 278  83 391  63
 233 148  97 227
 151 169 305   1 155 287 338
  92 167   2 262   6 298
 223 194 165 176 109 124 224
 320 127 335  16
 133 110 296 347
 120 326 293 111
 282  13 244  96  75 221
 226 148 372 352 178
 286 244 190 378  35 177
 117  12 202 334 267
   9  81 142  10  11 112 136 290 339
 183  93 246 160 178
  50  21 363 207  39 119 162 260
  13 275 244 291  75 215 221
  17 191  15 234
 182  49 192 343  30  41 139 245
 103 264 359 115 213 255 344 388
 277 170 220 139 214 312 362
 351  87 203 269
  27  36 248 357  56 102 191
  65  23 170 235
 339  81 279   9   3 310 348
 101 244  49 190 100 253 261 282 378
 319 375 266 134
 137 209 118 381 140 274 370
 169   1 351 151 141
 353 160 111 183 161 246
 347 149 256 239 273 307
 355 132  62 163
   6  71 175 270
 185 192 107  43   7  24 365 379
 243 162  14 340
 202  12 336 145  67
 144 161 315 318
 176  59 219 224
  34 126 163 377
   1 269 215 151
 152 185 131 192  43 127 225 324 361
 166 155 296 169
 318 257  62 377 180 252
  29  28 318 379 331
 147 290 348 339   3
 130 207 162  40
 121 286 170 220 214
 254 203   9  81 326 351
 218  30 177  84 212
  24 107  66 365 180 302
 328 130 345  21  45 114 230
  95 175   2   6 116
  62 108 174 257  48 302 308 309 377
 327 238 292 199
  71 184   6 178 272
 247 222 229  20  19  31  55 143 332 335
 197 236  91 207 137 345 381
 325 118 226 114
 361 225 306 152  69
 264 381 226 359 118 323
 159 364 112 313  38 120 274
 238 199  76  42 319 374
  53 345 236 207  21  52 179 316
 106 153  36 260
 348 339 358  64 125
  29 212 309 366  16 146
 222 247 321  19
  30 104 109  57
 208 194 265 278
 321  31  18  94  55 143 272
 134 301  99 136 241
  36  97 191 148 373
  47 254 233 269 205
 290  81   9 279   4  44 125 203 310 330 356 358
 391 117  74 172 176 300 364
 173 360 137 382 141 146
  82  33 179  91
 177 284 362 182
 103 388 184 285
 207  91 322 130 128 179 209 226 316 328
 165 176  12 202 224
  65 239  23  22 149 273 296
 330 147 290   3 125 135 228 310
  67  63 265 121 205
 386 384  80  72
 294 287 159 313
 227 210  73 254 242 276 372
 111 295 260  93
 266 196  23  99   1
 132 297   0  62
 227  64 339 242
 288  64  56  27 211 231
  81  64  10 339 151 203 231 254 330
 264  91 381 115  68  82 128 195 213 285 325 389
 141 341 367 137
 324  69 225 306
 206 343  41 286 193
 281  50 153 102  39 105 111 373
 168 112 326 340  38 159 173 211 265
 299 107 185 315
 123  38 382 211 331
  61  87 169 390 360
 151 172 112 249  38 217
  79 244 100 378 124 138 235 256
 372 373 105 293
  56  21 210  53 373
 389 226 148 352 276 370
 371 337 363  36 370
  80 266 220 327 208
 251 220   5 386 292
 248  12  83 202  14  74
  48 257 318 304 157 164 308
  49 244 291 237  88 138 212 277 369
 299 185 177 218 180 309
 208   1 188  42
 197  68 322 359 118 137 293 325
 123 217 173 188 341 366
 113 236 210   9   4
 121 228 387 147  72  80 135 350
 259  18 122  54   0
 220 375  78  80 189 350
 384  72 147 135
 103 344 255 285
 195  91 372 359 166
 203  85  26  45 367
 172 117  12 340  59 176 267
