 122 172 385 327
 110 259   6  42
 222 373 196 276 138 150 183 262
 313  72 151 233 270
 326 375  14 243 232
 384 356 338 277  29 376
 259 317 298 370   1  16 106
 330 121 124  75
 263 167 299 265
 322 292  99 383 112 120 136 251 254 274 279 290
 383 322 118 279 179 302
 350 365  61 126 266 342
 152 375 374 357  17  38  66 198 210 334
 130 198 336  38 158 248 294
 375 232 326  64   4 102 220 313
  34 239  27 164  35  55  85 197 203
 370  23   6 116  25
 356  12 210 348 130 367
 229 199  20  69 314 385
 329 238 155 287 131 343
 204 160 229 231  18  73 335
 144 366 194 226
 161 378 237 390 284
 131  16  58 220 389
 135  83 390  35  94
 116 370  16 389 140 148 347
 191 122 218 153 194 275
 239  15 164  34 203
  86 250 169 297 244 249 266 309
 126   5  61 257 269
 100 178 325 218
  37 192 209  87 289
 147  87 242 168
 141 267 308 193  95 189
  15 239  85 228  27  55 215
  24 135  15 197
 303 368 329 260 285 295
 209 109 272  31
 286 374 334  12  13  51  66 294 391
 229  59 199 247
 206 253  88 124 121 132 201 236 282
 216 314  69 385 284
 145 288 188 172   1  50 153
 193 141 373 265  56 372
 230 328 287  51  45 107 215 304
 328 206  44 253 107 174
  59 165 229 314
  64 142 118 170 151 332 387
 318 181 174 241 163 236
  58  64 220 371  89 106 185 238 260 302
 123  89 319  42 100
 286 287  44  38 127 248
 355 119 320 316 255 366
 198  74 336 182 108 128 129 205 206 217 281
 216  69 186 175
  15  34 228  85
 265  43 193 308
 159 272  79 200 103 162 307 378
  49 302 185 371  23 131 252 317
 199 229 221 165  39  46  65  76 378
  97 280 290  99 350
  74  29 257 126  11 266
 257  99 243 207 126 210
 101 202 368 110
  47 142 283 118  14  49  68 170 220 313
  59 199 183 340 125 363 382
 214  38  12 358 294
 212 301 333 306 111 117 310 379
 260 371 134  64
 385 363  18 199  41  54 186 226 262 264 314
  84 297 250 156 191 309 342 351
 119  83 390 187 111 275
 326 322 339 313   3
 335  20 204 381
  53 206 182 257  61 156 205
 228   7 282 330
 378  59 208 340
  78 379 311 114
  77 379 311 114 275
 162  57 159 352 200 224
 152 367 336 128 139
 113 118 251 142 386
 146 333 306 256 192
 178  24 295 390  71
 253 156  70 124 158 177 191 380
  34 228 239  15  55 176
  28 249 169 250 244 269
 242 354 349 225  31  32 272
 108 128  40 206 132 201
  50 260  49 303 106
 370 157 321 122 143 175
 258 222 305 265  95 246 359
 179 214 377 283 115
 225 242 324 315 133 180 196 204 240 337 349 354 372
 135  24 161 390
 353 305  33  91 226 262
  97 350 129 365
  60 136 290  99  96 350 365
 304 174 253 318 177
   9 290 136 112  60  62  97 120 126 181 207 257 279 280
  30  50 288 110
 332 115 271 317  63 110
 345 334  14 232
 307 200 378  57
 331 215 295 187 176 227
 240 225 221 237 168 208 296 340 378
   6 312  49  89
  44  45 328 230 211
 156 174 128  53  88 132
  37 161 316 137
 259 123 317 101   1  63 100
 301  67 228  71 117
  99 292   9 290 136 280
  81 118 142 251 386
 379  77  78 119
 332  92 214 283 101 317
  25 370  16 148 157 175 343
 261  67 301 111
 142 322 339 383  10  47  64  81 113 251 357
  52 306  71 114
 279  99   9 292
 330 124   7  40 201 300
   0  90 172 370  26
 223 298 259  50 110 319
 330 253 121  84   7  40 158 219 228 248 282
 382  65 363 340
 257 254  99  62  11  29  61 181 387
 369 271  51 171 164
  53 129 336  80  88 108 205
 217 128  53 152  96
  13  17 348 328
  58  19 329  23 319
  40 206  88 108 201 236
 231 315  93 273
 251 292 274 383  68 386
  24  35  94 311
  99   9 279 112  97
 316 149 212 352 109 234 261 296 355
 196 305 373   2
 278 336  80 152
 270  25 144 298
 193  43 308 267  33 195
 118 339 322 251  47  64  81 113 220 283 338 348 356 357 375 377
 321 186 216  90
  21 140 347 270 163 194
 153 172  42 288 188 202 218
  82 256 306 192 268 289 301
 341 381  32 231
 116  25 171 319
 209 137 261 352 234 316
 183 222   2 353
  47 313 332 339   3 387
 336  12 374 217  80 129 139 198 207 278
 145 172  42 288  26 188
 167 184 263 235 300
 238 375 232 338  19 346
 253  74  84 205  70 108 174 250 282 297 380
  90 370 116 259 175
 253  13 124  84 342 347
  57 200 162 344  79 272 307
 165 341 231 276  20 204 229 247 344 381
 390 355  22 109  94
  79 159 240  57 224
 144  48 236 241
 239 171 187 127  15  27 197
 160 341  59 231  46 229 247 381
 262 299 204 335
 299 263 184 154   8 235
 221 242 105 231  32
  86  28 249 250 244 269
 356 277  64  47 271 371
 187 164 127 215 148 203
 153 145  42 218   0 122 327
 362 293 193 305 213 264 323
 253  45 108 156  48  98 249 250 318
  90 116 157  54
 227 295 104  85
 253  98 330  84
  83 368 295 218  30 327
  10  92 383 348 214 270
 213 354 320  93 349
 257  99 384 126  48 241
  53 336  74 281 206
 222  65   2 372 150
 235 167 362 299 154 263 361
  58 371  49 302 252
 143 216  69 363  54
 295 171 164 197  71 104 331
 288  42 145 153
 245 237 195  33 190
 340 234 208 189
  26  70 294  84 194
 146  31  82 256 289 311
 308 141  43 305  33  56 173 265 291
 144  21  26 191 275
 360 267 245 141 189
 138  93 373 276   2 323 337
 164 187  15 239  35
  53 336 152  12  13 365
  59 229  65 262  18  39  69 363 385
 159  57 272  79 103 307 344
  40 121  88 132
 145 327 285 368  63 218
  27  15 171 215 211
 335  20 160  93  73 166 299 344
  53 128  74 156 282
  74  45  53 182  40  88 132 236 241
 290 280  99 152  62 210
 225 105 354 340  76 190
  37 149 352 272  31 261
 207  17  62  12
 233 343 107 203
  67 316 137 333 261 268 301 306
 360 293 180 173 320
 377  66 179  92 115 358 365
  44 328  34 171 104 203
  41 321  54 186 143
 281 152 129  53 230 328
 145 172 178 202  26  30
 311 228 330 124
 326  14 142  64  23  49 358
 324 231 168 341  59 105 273 372
   2 258 308 388  91 150 183 246 323 353
 123 298 271 332 269 319
 296 162 291  79
  93 315 240 208  87 105 354
 264  69 262  95  21 359
 176 295 327 104
  85  75  34 124  55 111 219
 199  59 160 165  18  20  39  46 247
  44 328 243 217 107 233 304
 341 242 324 221  20 133 147 160 165 168 273
  14 375 243   4 102 155 238 287 334 384
   3 345 230 358 211
 352 149 137 190 291
 362 184 293 167 154 361
  40 132  48 206 163
 105 245 296 355  22 189
 155  49  19 232 303 329
  34  15 164  27  85 197
 315 225 105  93 162
 181 257 206 280  48 163
 231  93 315  87  32 168 354
 384 375 338 232   4  62 230
 169 269  86  28
 267 360 237 195 189
 353 258 222  91 359
 165 160  39 229
  51 330 124  13
  86 174  28 318 169 380
 297  28 156 174  70  86 169 266 309 351
   9 142 383 118  81 113 134 386
 302 386  58 185
 174  45 156  84  40  98 124 158 177 330 380
 339 292 383   9 126
 320 344 366  52
  82 146 192 333 300 310
 181 126  62  99  29  61  74 241 387
  91 222 388 308 246 353 359
 298 110 317 123   1   6 157
 346 371  49 303  36  68  89
 149 137 212 209 117
 199   2  95  69 166 226 264
 167 299 184   8 154
 226 262  69 173 284
  43  56 193 373   8  91
  61  28  11 250 347
 245 141 195  33 360
 212 289 306 146
  86 169  29 223 244
 140 312 179   3 144
 332 317 369 170 101 127 223 325
  57 159  87 209  37 200
 231 133 324 221
   9 292 290 134
  71  26  78 194
 341 324 196 160   2
 170 356 338 364   5 346 369 371 376
 139 336 374 152 376
 292 383  99   9  10 120 136 312
  60 207 112  99 241
 217  53 182 336
 156 205  40 124  75 309
 142  64 322 377  92 115 348 364
  41  22 264 382
 202  36 295 303 327 389
 287  38  51 345 369 391
 286 374  44 232  19  51 369
 188  42 145 153 100
 268 192 146  31
  99 292   9 274  60  97 112 207 357
 234 193 308 362 224
   9 339 290 279 112 120 134 254 274 312
 362 305 173 213 235
  66  13 358  38 191
 187 368 331  36  83 104 176 178 227 285
 237 316 137 105 224
 250  28  70 156 351
 259 123 223 332   6 140
 167 263 184 204   8 166 335
 309 121 256 154
  67 212 146 306 111 117 310
  58  49 185  10 252
 329 260  36 238  89 285 391
 318  44 230 328  98
 138 308 193 293  91  95 173 323 388
  82 333 146 212  67 119 268 301
 159  57 200 344 103
 193 305 141 222  33  56 258 291 388
 282  28 250  70 300
 333  67 256 301
  77  78 192 379 135 219
 377 279 292 339 106 270
 322  14  72  64   3 151
  46  41  69  18
 225 240  93 242 133 352
 137 212 355 149  52 109 296
 332 271  58 115   6 101 110 259
 304  48 174 249  98
 123  50 223 131 148
 180 213 344 355  52 255
 143  90 216 370
   9 383 118 339  10  72 142 283 313 326 377
 305 173 196 222 361
 221 231  93 372 273 276 341
 376 368 346 271  30
   4 375  14 322  72 220 367
 202 285 172 178   0 227
  44 230  45 217 107 130 215 304
  19 303 238 131  36 343
 124 121   7 253  75 177 219 248
 104 368 295 187
 271 151  47 364 101 115 223 298 317
  82 306 212  67 256 310
 358 375  12 232  38 102 345
 204  73 299  20 166
 152 374  53 198  13  80 128 139 182 278 281
 196  93 341 354
 243 375 384 142   5 155 277 374
 383 292 118 322  72 142 151 254 312 348 357
  65 208 105  76 125 190
 231 160 354 324 147 165 221 276 337
  11 350 158  70
 211  19 116 329
 159 200 160 204 255 307 320
 358 102 334 286 233
 371 260 277 155 325
 144  25 266 158 366
 364 339 142 283  17 130 179
 354  87  93 180
  96 365  97  60  11 342
 297  70 380 250
 234 315 209 149  79 137
 246  95 258 222 150
 341  93 225 242  87 180 208 337 349
 316 237 161 137  52 320
 375 170 142 277   5  17 364 376
 339 142 290 118  12 365
 345 334 220 214  66 233 294 391
  91 258 246 226
 195 245 213 267
 184 323 235 362
 293 235 173 184 291 361
 385 199  69  65 125 186 382
 348 356 283 277 332
 214  97 198 357  11  96 350
 255 347  21  52
  80 375  17 326
 331 295  36 178  63 202 325
 286 287 271 277 127
  90 157  16 116   6  25 122 321 389
 170 277 346  49  58  68 185 260
 324 221  93  43 183
  43 196 265   2 138
  12 336 152 338  38 278 287
  14 326 243 142   4  12 155 232 334 338 356 367 384
   5 277 356 278 325
 283 322 214 142  92 312
  76  57  59 105  22 103
  77  78 114  67 311
  84 249 253 156 351
 147 165  73 160
 125 385 363  65 284
 339 322   9  10 118 134 179 251 254 279
 243 338 375 232   5 181
 363 199  69  18   0  41 382
  81 134 251 113 252
 151  47 126 257
 258 222 308 305
  25  23 285 370
 161  24  83  22  71  94
  38 286 358 303
