  54 347 157 259   8  21 195 198 361
 364 110 178  62  74
 196 176 186 313  85 175
 329 231 367  63  83 168 182
 365 350 257 106
 357  64  45 170  49 223 264
 310  25 251  33 314
 114 212  63  35
 259 247   0  54  21 207 361
 118  99 112 380 353
 326  81 292 323  66  80 185 271 277 278 279 289 322
 371 290  81 292  92
 182 305  72  67  69 273 351
 174 311 120  80
 345 295  61 357
  58 266 384  19
 119  69 254  18
 220 260 225 211 294 342 377
 213 240 370  52  16
  72  61 384 357  15
 175 204  95  94  51 194
   8  54  31   0
  27 377 360 119
 283 358  45 323 152 233
 202 165 236 285 325
   6 129 122 167
 139 378 275 171  34  85 203 222 360
 343 111 233 377  22
  29  70 309 217  73 126 253 314
  28 126 250 309  38  70 217 244 249
 188 382 291 346  87 284
 247 109 148 373  21
 350  44 349 292  92
  58 251   6 134
 275 203  26 139  71 234 263 267 320
 316 117 114 296   7 124 156 235 239 368
  37 105 213 340
 105 333  36 149  93 195 270
 318 250 168  29 103 244
 362 376  47 303 248 274 298
 219 210  47 160
 212 338 114 382 146 242 286 320 390
 390  51 286  55
 328 211 344 215 144 191 209 343 352
  81 271 292 349  32  56 350
  23 233   5 271 264
 197 319 215 298  59  89 137 209 324 378
 197 311 174  80  39  40
 318 169 250 126  84 249
 371   5 166 279  68 151 264
 363 260 327 160 199 200 230 299 341 374
  20 175 209 216  42
 189 391 228 315  18  53 240 302
 252 228 391  52 121 195 332
 157 321 259   0   8  21 347 361
 340  60 218 359  42
  57  76  44 271 288
  56 193 311 328 106 288
  15 113 266 384  33 251
 215 197 185  46
 315 337 268 105  55
 279 371 357 290  14  19  92 173
 177 281 311 143   1  97  98 164 193 300 364
 329   3 237 316   7 236
 348 357 345   5 223 256 266 305
 153 172 109 337
 211 358 323  10 177 281 289 343
 305 351  12 223
 161  49 389 151 119
  12 182 285 103  16
  28 309 253  29 232 379
  91  34 320 359  75
 334  19 345 357  12 351
 309  28 253 217 273
 386 162 111   1 304
 115 184 226  71 207
 214 363 160 174  56 108 130 132 138 288 376
  78 105 337 149 198 332
  77 105 109 337 198 332
 239 131 235 125
  81 349 185  10  13  47 277 298 326
  80  10 292 349  11  44 271 277 323 326
 285 147 302 213
 130 214 128   3
 318  48 250 154
 360 196  26   2 115
 225 111 343 386 155 300
 308  30 117 178
 287 100 268 317 261 280 366
 171 186 139  46
 301 321 157 254 167
 123 125 162 359  71
  61  11 383  32
 121 310  37 333 314
 307 313 116 335  20 167
 175 183 335 196  20 148 263
 388 135 218 150
 328 177 330  62
 108 190 132  62 154 163 257 300 306
 118 136   9 380 113 246 272 293 339 353 375 383 389
 287 107 317 315  88 125 131 261 282 359
 188 238 374 230 227 386
 283 345 357 348 180 295
 206  38 284 304  69
 221 188 110 291
 333 149  37  77  36  60  78 109 159
 331 336  57 328   4 365
 315 100 317 276 213 285
 132 163  98  76 169
 153 172 184 105  31  65  78 373
 104 221   1 190 162 224 354
 343  86 225 377  27  74 275 386
   9 118 380 241 134 251
 383  58 384  99
 212 221  41 381   7  35
 307  85  75 385 245
 122 313 353 389  94 245
  35 212 296 382  87
   9  99 380 322 112 136 142 272 339 353 375 389
  22  68 304 227  16
 274 190 303 311  13 362
 310  93 147  53
 183 246 353 116  25 387
 125  91 287 296 131 135 158 218 388
 304 156 282  35 205 239 269
 123 131 100 287  79  91 135 158
  29  48  28 250 217
 354 340 237 242 192
 130 214 206 238  83
 247 293 353 148  25
 214 128  76 132  83 201 206
 125 123 100  79
 108 163  76 214  98 130 169
 346 178 382 212 308
 112 179 251 233  33
 123 296  96 125
  99 380 389 118 194 339
 319  46 338 324 312
 160 208 211  76
  26 171 176 197  34  89 203 275 360
 142 313 369 380 307 335
 200 341 230 221 145 231 288
 140 313 369 118
 190  62 349 311 364
  43 185 372 371 352
 141 327 178 221 308 352
 312 338 248  41
 121  82 213 310
  95 247  31 175 129
 337 317 105 268  37  77 159
 218 390 275 312  96 229 267 388
 322 279  49 166  68
 281  23 283 292
 172 109  65 184
 300 249 386  98  84
 372  86 299 377 297
 287  35 368 255 124 282
 321  54 259   0  90 167 247 301 361
 125 359 123 373
 149 317 105 333
 208 210  50 344  40  76 138 174 219 225 311
  68 233 322 166
  74  91 110 386 234
 132 108 169  98 206
 238 177 323  62 300
  24 285 202 276
 279 283 290 371  49 151 161 179 383
 254  90  94 157  25
 381 291 329   3  38 235 316 367
 163 132 108  48 318
   5 357 233 348 264 266 272 297
 139  89 378 197  26 187 222
 153 109  65 184 195
 256  61 371 180
 311 160  76 208  13  47 193 210 362 376
  95   2  20 183  51 148 204
 215 139   2 360 265
 281  62 311  66  97 164 294
 346 308 145 133   1  87
 166 345 357 233 134
 283 345 102 334 173
 336 199 291 237
  12 231   3 367  69 273 297
 246 122 293  95 175 263 335 355
 258 153 109 359  75 172
  80 330 349  10  59 144 191 215 278
 277 289 196  89   2 355 375
 222 364 171 378 234
 221 291 101 200  30 104 329 382
  52 228 333 315 240 391
 120 143 303 331  98 110 274 306 336
 185 330 378  43 209
 234 354 267 127
  57 311 174  62
 136  20 380 241
 172   0  37  53
   2 186 313 369  85  95
 378 215  46  47  59 139 171 265
  78  77 373   0 232 243
 362 303 327  50 181
 221 141 327  50 188 381
 236 130 214 336
  24 165 356 325 379
 360 275 139  26  34 226 245
  20 335 262 175 216 263 385
 282 124 318 306 243
 128 227 130 163 103
 361 320   8  75
 160 344 225 210 138 174
 191 298  46  43  51 390
 160 311 208 174  40 219
 220  66 238 358  17  43 138 225
  41 296 346 114   7 117 133 242 286 382
 285  18  36 107  82 147 370
 130  76 363 345  83 128 132 201
 197  46 185  43  59 176 265 378
 262 204 385 335  51
  28  73 126  29 310
 150 296 123  96  55
  40 210 311 160 257
 211 260 358  17 238 342 344 345 372
 200 188 104 381 110 114 141 145
 171  26 378 187
 256  64   5 357  67 351
 338 110 248 382 242 354
 208 211  17 160  86 111 327 342 343 377
  75 245 369 203 232
 374 341 206 101 119
 347 189 337  52  53 252 268 333
 390 324 242 150
 341 374 363  50 101 141 231 256
   3 230 141 341 182
 198 226 379  70
  45  23 348 358  27 134 161 170 179
 192 187 162  34
 239  35 316 168  79
  63 325 201 237  24 356
  63 181 336 382 127 236 242 354
 211 372 260 220 101 128 164
  79 235  35 124
 315 189  52 333  18 370
 380 112 322 313 194
 237 212 224  41 127 229 286
 198 280 379 205
 250 367  38  29 269
 203 115 226 116
 353  99 293 183 122 387
  31   8 148 157 129
 331 319  39 336 146 224 324
 154  29  48 318
 318  48 244 126  29  38  84
 134  58 266 112   6  33
  53 228 347 391
  70  28  73 309 302 379
  90 301 321 167  16
 366 368 316 156
 223 363 230  64 173
 365 350  98 219   4 306
 359 337 184 373
  54 157   0   8 301
  50 220 363  17 238 299 327 344 372 374
 287  88 100 359 340
 385 216 204 335
 183 204  95  34
   5  49  45 170
 215 378 197 176
  15  64 170 357  58 251
 388 150 354  34 192
 149 337 333 228  60  88 270 315
 244 124 302 304
 268 333  37 370
  81 358  44  10  45  56
 389 118 170  99
  73 182  12 391
 120 190 362  39
  26 139 111 319  34 150 203
 317 107 280 315 165
  10  81 279  80 186
 326 185  10 330
 290 166  10 292  49  61 151 277 371 383
 276 325  88 368 243
 177  62 311  66 152
 100 124 156 205
  23 358 348 102 152 166 180 294
  30 304 103 316
 107 165 315 213  24  69  82 302
 390  41 242 212  42
 366 100  88 123 125 156 261
  56  57  76 141
 322  66 323  10 186
 279  11 292 371  61 166 375
 188 329 168 104  30 181
  10  81 358 290  11  32  44 152 279
 246 353  99 183 129 387
 283 348 177  17
 357 348 345 102  14
 212 117  35 123 135 218
 374 182 155 170
  46 319  39  80 209
 260 327  50 362 155
  86 164  62  98 154 306
  90 321 157 259 254
 391  52 253 285  82 269
 330 190  39 120 199 331
 124 386  74 284 103 119 269
  67  12  64 348
  98 300 190 257 205
 140 313 385 335  94 115
 178 145 133 381  87
  28  70  73  29 253 379
 121  93 314 217   6 147
 174  62 210 160  13  47  57 120 143 177 193 219 281
 150 324 137 390 146
 140 380 335 142   2  94 116 196 241 307 369
 310   6  28  93
 107 100 268 240  52  60 189 276 285
  35  63 368 168 235 255 284
 276 149 107 100  88 159
 250  48  84 169  38 205 249
  46 137 248 298 275 324 338
 390  34  41 340  71 207
 157  54  90 301 254
 289  10 323 118 151 161 241
 358  81  66  10  23 164 289 322
 319  46 137 248 229 312
 236 280 368  24 202 356
  10  80  81 349 278
  50 260 299 225 145 199 200
  43 330  97  57 106 352
   3  63 291 188 168 367
 185 303 328 349  97 191 278
 248 336 190 303 106
  78 347  53  77
 105  37 228 268  93 159 189 240 270
 345  72 357 180
 313 140 183  95  94 204 216 262 307 385
 331 106 248 190 181 201 237
 149 347 228 268  60  65  77  78 258 373
 382 224  41 319 137 146
 136  99 389 118
 261  36  55 127 320
 374 230 141  50 227 231 381
  17 220 225 348
 225  66 377  43  27  86 111
 208 160 220 260  43
 357 358 102 220  14  64  72 179 180 214 295 334
 133 178 382 212  30
 228 337   0  54 252 332
  64 357 283 358 102 170 233 294 295 305 342 372
  80  81 185 326  32  44 143 330 350
 365  32 349  44   4 257
  67  12 223  72
 145  43 328 144
  99 246   9 118 116 122 129 293
 127 224 237 110 192 267
 183 186 389 375
 236 202 367 325
   5 345 348 102  14  19  61  64  72 170 179 223 266 295 334
 220  23 323 211  66 233 271 283 292 345 348
 258 100 373 184  55  71  91 158 261
 176 139  26  85  22 203
   0  54 157   8 207
  39 376 174 120 199 274 299
  50 260  76 230 214 256
   1 143  62 378 187
 257 350   4 106
 287 255 368  88
   3 329 182 168 244 356
 316  35 366 255 156 280 325
 140 142 196 313 226
 270 240 213  18
  11 290  49 279  61 144 166 173
 238 260 348 220 144 155
 359 109 337 258  31 158 198
 341 230  50 260 101 227 297
 118 186  99 290 355
  39 174  76 362
 343  17 111 225  22  27 155
 197 215  46 171  26 187 191 222 265 364
 253  70 202 309 232 243
 118 313  99   9 112 136 140 194 241 389
 221 168 341 200 114 308
 338 346 188 212  30  41 117 133 224 237
 279 113  99 166  92 387
 113  19  58  15
 262 307 204 335 115 216
  74  86 111 101 154 162 304
 293 383 122 246
 267 150  96 123
 118 136 380  99  68 116 272 339 355
 286  41 150 209  42 229 312 320
  52 302  53 189 252 273
