 183 186 321 271 115 247
 186 226 213 202
 320  77  78 222 229
 171 347  23  68
 243 180   9 158 383
 236 207 241 362
  95  93 144 245  92 332
 159 197 106  31 282
  71 271 103 248
 243 356 328 214   4  53 136 180 198 266 334 363
 130 342 137  75
 352 197 140  17  21  46 209
 223 182 322  17
  23 278 391 340
 283 348  76 327  64
 356 391 349 136 156
  19  69 371  89 135 311 373
  11  12  58 271
 385 175  20 204
 371  69 185  89  16  54 135 230 389
 204 222 175 216  18 229 385
 162 140  11 388
 351 218  31 195
 286 301 314 340   3  13  68 130 278
 295 286 105 374 305
 152 229 364  77
 375 181  60  81
 358 345 203 131  72 287 384
 244 149 318  79 126 163 221 294 296 354 378
 316 132 250 100 148 174
 315 296 289 149 139 379
  22 195 106 351   7
 128 263 107 169 210
  41  43 324 221 125
 293 203 154 112  56 127 254 274 313 323 345
  86 386 299 212 359
 153 172 218 288 282
 128 263 265  63  52
 123 152 360 309  99 168 199 239 280 366 381
  41 262 324  84 166 179 220
 369 156 322 323
  43  84 324 138  33  39 179 262
 329 267  76 288 165 182 348
 212 367 150  41  33 124 125 252
 374 281 312 328
  47 336 206 338
 197 343  11 303
 336 338  45 206 383
 316 291 169 318 108 120 148 289 331
 301 276 218 286
 301 137  75 288  67  68 104 266 267
 259 371 335 143 373
 265 263  37  63 111 139
 180 325 198   9 217
 371  19  69 185 230
  78  77 364  99 280
 112  34 242 167 201 254 372
 331 174 119 261 117 256
 188 162 382 388  17  97 170 225
 381 199 189 208 187
 181  26 361  61
 125 324 252 118  60
 250 163 249 174 117 121 141 304 319
 101  79 265 263  37  52 326
 348 283  14  74 134 142 205 251
 270 105 153 232 194 228 341
 390 134 110 173
 238 137 301  50 114 275
  50 267 218  23   3 303
  19 371 302  16  54 230
 253 101 297 244 326
 333   8 103 271 225
 357  27 345 287 134 251
 110 300 357 227 173
  64  99 239 142 205 290
 301  50 260 137  10 104
  42 288 348 329  14  83 145 165 327
  78  55 320 382   2  25 192
  77 382 320 162   2  55
  63 244 149  28 101 133 147 148 272
 203 131 154 293 201
 350 220  26 231
 322 156 146 384 313
 145 327 329  76 234
 107 354 138 253  39  41 150 212 252 324 361
 337 211 311 268 231 377
 386 126 250 269  35 184 257 360
 160 200 211 178 189 231 268
 154 227 112 167 201
 389 371  19 259  16
 122 259 276 161
 290 258 355 232
 365  93 377   6 240 255
  95 295   6 276  92 282 337 365 377
 155 374 105 238 312 328
 295 144 172 245   6  93 240
  98 368 128 147 310
 209  58 292 205 142 177 225 290
 368 169 291 263  96 147 210 379
 113 239  38 333  55  74 196 277 280
 190 132 249  29 193
  63  70  79 149 139 326
 302 260 374 238 155 185 281 342
 113  71 333 292   8
 171  75 267  50 355
 374  94  24 153  65 228
 192  31   7 305
 354  84 128 138  32 124 330
 261 289  48 174 151 306 372 380 382
 320 388 285 304 213 237 264 343
 300 241  73 117  66 119 227 292 390
  52 128 265 310 361
 154 167 203 368  34  56  88 201 242 254 293 358
  99 333 239 103 280
  67 158 214 340 275
 187   0 186 165
 161 224 276 218 321 335
 110  62 119  57 256
  61 225 142 173 275
  57 110 117 261 233
 132  48 284 193
 304 174 261  62 196 264 285
  90 259 286 276 143 157
 309 294 249 250  38 239 277 366
 330  43 138 107
 366  43  33 212  61
 250 354  28 244  86 221 236 269 299 319
 293 254  34 154
 263 107  37 169  32  96 111 138 310 330 362
 243 214 158 302
 389  10 342  23 279
 203  80 293 154  27 146 191 287 384
 100 318 163  29 120 174 193 304
 147 284 272  79 219
 251  64  72  66
  16  19 185 311 373
 180 356   9  15 198
 301  50 314  75  10  67 153
  84 107 330 128  41 124 179 252 361
 326  30  52 101
  11 209 192  21
 289 250 249  62 233 294 364
  74 258  64  97 118 275
 370 286 122 218  51
  95 245 172 295   6 240
 327  83  76 376
 274 388 384 131  82
 169  98 368  79  96 133
  79 318  29  48
 244  28 190 378  30  79 101 253 284 296 297
 212  84  43 354 184 236 359 367
 285 188 108 213 177
 199  38 215 309  25 262 344
 172 270 245 137  36  65 105 246
 203 112 293  88  34  80 127 131 167 176 227 242 300 357
 374 260  94 102
 369 322  15 349  40  82
 270 122 353 183 164 321
 214 340 243 342   4 114 129 279 317 370
 346   7 270 295
 200 211  87 189 178 208 307
 116 276 224 286  90 218 321 335
 188 382  58 320  21  78 388
 250 244 132  28  62 299 304
 298 183 157 347
 218 335  42  76 115
 179  39 310 350 220
 112 368 154 203  56  88
 344 381  38 360
 291 378  98 318  32  48 128 147 263 368
 292  58 376 333
 104   3 267 329 347
 153 270 245 276  36  95 144 224 246
 176 357 323  73  66 118
 304 132  62  29  57 108 121 261 320 331 382
 222  18 204 385  20
 242 154 293 357 173
 151  97 205 388
 211  87 160 200
 138 272  41  39 166 361
 198 136 356   9   4  53 217 325
 330 252  60  26
  12 329 223  42
   0 335 157 321 164
  86 360 367 150 235
  19 281 302 102  54 135
   1 226 213   0 115 273
 216  59 273 115
 162 382 261  58 151 306 380 388
 200 160  87 208  59 308
 100 149 244 249 193 284 309 364
 380 242 131 384 247 387
 106 140 197  77
 100 132 190 320 120 222 229
 346 245  65 341 258 307
 351  31 295 305  22
 277 121 304  99 235 256
 352  11 303   7  46 192
 180 136 334   9  53 217 234 325
 152 364 344  38  59
 160 189 211 208  87 178 232 258 308 365
  88  56  80 112
 384 226 271   1
 154  34 131 293  27  80 112 167 274 287 345 357 358
  20 222 175  18 216 385
  64  97  74 322 177
 336  47 312 363  45
   5 390 359 367
 200 332 160 189  59 255 307 308
 140  97 352  11 225
 263 379  98  32
 160 200  87 178  85 255 268
  43 367 150  84  35 125 359
 226 109 186 271   1 151 248
 340 243 158 260   9 114 129 279
 221 324 294 297 152
  20 204 229 273 187
  53 323 180 198
  49 286 116 161  22  36  68 143 165
 257 326 318 133
 350 166  81  39
 126  28 354 215  33 294 324
 204  20 175 193   2 229
  12 369 322 182
 116 276 161 172 346
  97  71  58 209 118
 213 271 186   1 202 248 273 376
 110 300 154 379  73  88
 232 312  65 105 231 282
 222 193   2  20  25 216 273
  54  69  19 302
  87  85 373 228  81
 228 258 200  65  91
 300 119 261 141
 363  83 198 356
 184 360 367 196
 241 362 126 150   5 339 390
 343 256 388 109
 102 260 302 374  67  94 288
  99 113  38 123  74 366
  92  95 335 144
 300 110 379 315   5 236 390
 176 112  56 154 191 372
 214 158   9 340   4 129
  28 318 149 250  70  79 126 163 190 249 253 284 291 296 297 378
 172 153 144 270   6  95 194 332 353
 353 172 153 270
 387 347   0 191
 226 213 376 271   8
 190 250 100 244  62 123 141 257 269 386
 244  62 163 126  29  86 123 141 249 269 291 299 316 319
 134  72  64 283
 367  43  84 138  61 181
  70 297 149 244  84 265 284 309
  34  56 293 112 127
 308  92 211 208
 117  57 196 237
 386  86 318 249 219 272
 232  91 200 194 142 290 341
 389  89 122 371  51  90 314
 102 340 302 374  75 155 214 238 288 342 363
 108 174 289 188  57 119 121 233 306 320 331 380
  39 344 152  41
 265 128  63 169  32  37  52  98 210 310 368
 109 285 385 121
  63 263 354 253  37  52 111 326
 391 356   9  50
  42  50 104 329  68 171 303 355
  85 377  87 211 350
 291 126 249 250  86 386
 172 153 295 245  65 157 159 246 346 353
 226 213 202  71   0   8  17 248 343
 179 257 133  79
 186 216 226 229 187
 146  34 203 345 313
 114 142  67 118
 286 161 172 224  49  90  93 116 122
 123 196  99 333
  13  23 329 347
 158 340 214 130
  99 113  38  55
 374 102 302 185  44 336
   7  93  36 228
  14 348 312  64 251
 190 149 244 253 120 133
 109 121 320 304 151 264
 276  23 371 161  24  49 122 143 218 314
 357  27 131 203  72
  50 238 260 374  36  42  76 363
 108 141 315  48  30 261
  91  97 258  74
 169 318 244 250  48  98 269 299
 170 304 110 103  97
  34 154 203 112  80 127 131 176 254 323
  28 141 296 221 123 215 364
  95 270 144  24  93 159 195 305 346
 149  30  28 244 294
 253  70 244 149 215 319
 164 370 347 349 317
 126 291 250 163  35
 241 110 315 154  73 227 233 357
  50 137  75 314  23  49  67
 102 260 374 371  69 129 185 230 238 281
 197 352 267  68  46
 174 132  62 163 109 121 196 285 292
 355 195  24 295 106 341
 261 320 108 188 372
 208 332 160 194
 200 208 381 189 255 365
 364 123 190 253  38 152
 128 330  96 263 111 166 362
 337  85  16 135 338
  94 228 283 374  44 206 334 363
 323  82  34 274
 301 137 259 286  23
  30 379 289 300 241
  48  29 250 318
 298 370 158 389
 244  28 169 291  48 132 148 219 257 316
  62 250 126 297
 109 261 174 162   2  77  78 193 285 306 331
 183 116 157 161   0
 156  82  12 223  40 205 369
 369 293  34 313  40 173 217 325
 215  84 221  41  33  39  61
  53 198 180 323
 101 265  70  63 139 219
 145  76 376  14  83
 374 342   9  94  44 334
  42  76 267 171  83 182 278 347
 138 128 107 310 124 181 362 375
 320 261 174  48  57
 208 307 245   6
 113  71  99 277 103 170
 328 312 198   9
 116 161 183 165  51 240
  47 281 338 206  45
 311  85 373  93 338
  47 336 337 311  45 383
 390 236 375 359
 214 260 158 342  13  23 114 243 279 370
 194 258 305  65
 260 102 340 374  10 130 158 328
 388 109  46 271 237
 168 152 381 199 262
 358  27 203  34  72 274
 295 159 224 270 194 351
   3 171 298 329 164 247 278 387
  14  76  42 283  64
 391  15 356 298 156 387
 220  81 166 268
 195  22  31 346
 197 355  11 303 209
 246 270 157 245
 107 126  28  84 150 221 265
 352 267 104 305  91
 391 266  15   9 136 180 234 349
 154 203 176 300  72  73 173 287
 345  27 203 112
 367 212 150  35 207 339
 184  86 364  38 168 235
 111 138 179  84  60
 310 236 330 128   5 375
   9 288 260 312 206 234
 309 190 294 141  25  55 199 360
  92 200  93 308
 125 123  38 239
 212  43 150 359 184 207 235 252
  98 169 263  96 112 147 167
 156 223 323 322  40
 143 389 340 158 298 317
  19 389  89 302  16  51  54  69 259 286
 306 242  56 108
 337  51  16 135 231 383
 102 281 302 260  24  44  94 105 155 238 288 312 328 342
 362 330  26 339
 145 327 226 248 170
  92 268  85  93
 149 169 244  28
 315 210  30  98 227 241
 188 261 384 108 191
 168 344  59  38 308
 188 162 108 174  58  77  78
 338  47   4 373
 131 380 202  27  82 146 191
  18 175 204  20 264
  86 257 249 269  35
 247 347 349 191
 109 162 343 188  21  58 146 177 237
  89 371 259  19 130 317 370
  66 110 241 236 207 339
 356 266 349  15  13
