 186 141 218 265 272 312
 291 261 149 123  21
 273 161  51  21
  93 308 281 337   7
  26 290 133  66 113 167
  27 329  46 348 130
 164 122  25 332  16  41 268
 311   3 219 169
 155  33 197 246
  74 279 322 390 118 177
 134 120 251 375  26  81  91 256 274 290
  75 313 109  70  80  98 211 280 331 338
 283 345  64 329  58 363 367 391
  97 304 142 254 281 311
 238 348  83  64  17  73 373
 155 176  34 131
 164 122   6  19  41
 220 288 348  14
  54  90 216 385 157 229
 371 343 286 178  16  62 161 380
 222 204 262 229
 291 246 147   1   2 106
 138 147 197  93 295
 246 358 147  57 106
  69 109 298 183  31 257
 143 259 286 116   6  95 161 216 321
   4 315  10 251 167 278 365
 194 348  64 329   5 242 314
 184  86 230  47 208 338
 145 309 206 119 185 199 260 313 360
 182 203 127 110  32
 190  24 116 321
 104 182 162  30 117
 197   8 237  82 166
 225 369 287 155  15 176
 346 162 104 213  79 239 331
 199  59 265 141 160 384
 347 102 101 329 171 352 366
 333  91 219 359 197 337
 376 327 220 226 165
 292 383 198 333 136 191 196 241
  16 164  95   6 268
 288 202 233 238 304
 284 123 149 221  77  78  93 169
 354 153 207 364
 112  48 163 250  60  88  96 234
 329  51 101  50   5 302 327
 128 126 253 328  28  48  84
 253 126  47  84  45  88 112 163 250 330 350
 306 391 269 168
 348 329 266  46
  46 161 302 245   2
 139 182 293  63 110 254
 319 151 382 352
  18  90 216 116 157 229 255 273
 345  72 358 223  57
 323 275 243 379
 246  55 123 369  23 170 276
 352 102 391  12 131
 348 285 199 373  36  83 194 245 353
 377 362  96  45 234
 180 275 167 125
 195  19 371 343
 101 213 220 329  52 139 171 248 312
 348  27  14 329  12  73 283
 328 244 224 230
 375 383  81   4
 203 156  97 127 142
 346 102 319 269 131
 298  24 183 178 249 257
 289 212 206 368  11 158 231 301
 200 239 272 111
 345 227  55 283 223 232 357
  64 283 348  14 254 384
   9 390 258 205 177 236 340 361
 331 378  11 304 200
 372 278 152 315
  78 284  43 243 169
  77 284  43 123 169
 190  35 104 261 277
 231 301 158  11 339
 251  99 375  10  66 135 205 219 241 279 390
 114 252 214 140  33 107 237 287 315 326 359 372
  14 265  59 238
 126 163  47 212  48 195 330
 179 129 144 230  92 189 192 215 262 282
 351 224 320 253  28  92 377 386
 132 318 168 250
 112 289  48  45
 313 388 298 109 129 158 179 180 387
  54  18 259 175 157 255
 333 256 334  10  38 219 294 337
 230  86 335  85 215 386
 170  43 237 359   3  22
 267 340 258 159
 335 116  25 321  41 273
  60 377 234  45 336 362
 304 108  67 127  13  98 254
 108  11  97 304 311 339
  81 251 267 133 113 308
 261 149 382 188 305
 329 285 248  63  37  46 213 347
 347  37 168 283  58  68 269 319 352 363 366
 264 260 285 286 202
  35 124 162 331  32  79 277
 264 190 213 202 151
 243 291  21  23
 252  82 256 134 365
 296 378 304 318  97  98 182
 360  24 298 183  11  89 129
 227 127  30  52 188
 154 293 202 296  71 151
  45  48  88 330 323
 235  99 267   4 236
  82 214 252 326 170 237 287 349 372
 295 270 294 138
 216  25 259  54  31  95 335
 277 203 364  32
 241 322   9 142 125
 145  29 260 309 206 212 303
 134 274 334  10 146 256 325
 159 211 172 361
 164   6 286 143  16 150 321 370
 246  43 284 291   1  57  78 147 276
 271 353 213 194 104
 118 191 339 167  61
  84  47 297 253  48 163 195 249 330 381
 139 203 110  30  67  97 156 357
  47 253 297 247 201 328
 179 109  89 183  85 144 230 257
 350 157 380   5
 276  15  58  68
 318  87 304 346 221 344
 137 256 292  99   4 148 196 267
 120  10 251 256 107 274 290 375
 207 364  81 315
 292 137 375  40
 133 136 292 267
 197 187  22 337 115 294 295
  52 293  63 127 226 254
 187 334  82 252 299 326 359
   0 218 265 143  36 199 312
  67 357 254  13 118
 218 178 298  25 122 141 193 224 247 320 332 351
 179 129 229 216  85 189
  29 206 309 119 260 297 374
 290 325 120 256 167 294
 246 358  23 123  21  22
 240 235 192 133 270
 284  43 261 100   1 291
 186 265 122 259
 111 293 105 202  53
 344 165  76 262
 354 364 172 277  44
 111 293 285 213
   8  34  15 225
  67 127 203 181
  90  18  54 161 130 273 306
 231  70  89 247  80 173 180 280
 235 121 340 361  94
 272  36 171 199
 245  51  25  19   2 157
 227 391 248 316  32  35 104 168 263
  84 126  48 316  45 174 250
 122   6  16 175  41 380
 226  39 344 152 305
 333 349  33 291
  26 146 192   4  61 125
 269 102 162 391  49  87 356 367
  78  77  43 341   7
  93 359  57 114
 160  37 271  63 226
 211 331 184 153 121
 301 328 180 158
 163 232 250 346
 385 259 389 178  90 164 186
 225  34  15 369
 384  74 281   9
 218 143 286 370  19  69 175 332 355 385
 129 257 144  89  85 230
 173 158 247  89  61 282
 156 304 378 346 311
  52  30 108 296  32
 298 218  69 388  24 109 129
  28 208 230 338 172
 313 260 317  29 339
   0 259 150 175 385 389
 140 334 299 252 138
 261 382 284 110 100
 282 240  85 144 215 228
 105  31  79 353
 310 334 299  40 125
 235 240 148  85 167
 247 143 224 320 255
  27 285 348  59 124 242 314 355
 324 381  84 126  62
 292 333 133  40
  33 138 299  38   8  22 295
  40 300 292 241 336
 218  29  59 141  36 160 384
 272 280  75 309  71 211
 317 297 247 128 362
  42 288 103 260 105 111 151 304
  67 127  30 156 117
  20 222 270 273
 390 372  74  81 315
 309  29 145 119  70 289 297 313
 364 354 135  44
 184 211  28 280
 217 341 359 326 300
 369 379 225 223
 172 208  11 200 121 280
 264 368 271 119  70  84 303
 248 285 271 101  35  63 105 124 154
 114  82 252 287 237 310 349
  85 230  92 189
 116  54  18  25 144 229 255
 307 209 299 243 336
 143 178 183 199   0 141 224 249 264 272 286 351 370 374
 333  81  91 383   7  38 308 337 342
 327  63 329 348  17  39 226 376
  43 269 284 132 344
  20 229 204 262
 345  55  72 379 210
 247 320 143 218  65  86 193 328
  34 369 210 176 155
 165 139 220 171  39
 162 391  72 110
 240 262 361 189
 216  54  18 321  20 144 222
 257 179 129  92  28  65  85 184 215 386
 257  70 301 158  80
 318  72 357 174
 288 285  42 266
  60  96 377  45
 192 159 113 148 240 278
 279  74 258 113
  82 114 214  33  93 308
 288 266  14 316  42  83
  35 296 312 293  71
 148 189 282 235 192 228
  81  40 198 322 118 267
 194 314  27 285 275 306
 300 379  77 356  56 106 217 307 336
 324 320 355 332  65 350
 161 348  59 314  51
  57 123  23 147   8  21 358
 298 224 193 143 128 158 180 201 328
 101 213 285  63 162 319
  69 218 264 126
 367 330 163  48  45  87 174
  81  10 134 375  26  99 279 390
  82 107 114 334 140 187 214 326 372
  48 128  47 126  86 350 377
  52 139  73  97  13 142
  54 216  90 193 386
 134  91  10 120 107 133 146 325 365
 129  69  24 179 230 231
 340  74 322 279  94 236 311
 175 385  25 186  90 116 150 321
 374 119 145  29 103 185 202 317
 188 284   1 100  79 149 382
 222  20 361  85 152 228
 391 296 162 368 275
 212 103 218 303 105 249 353 371
   0 141 150 286  36  83
 238 285 288 233  50
  99 133 137 241  94 113
 321 324   6  41
 168 102 352 221  49  68
 204 115 148 294
 368 212 213 316 124 171 296 343 346 355
 374   0 370 218  71 160 200 312
  95 335  54 157   2 204
 120 134  10 334
 323 242 380 263  56  61
 352 123  57 131
 117 104 153  79
  26  76 365 235
 322 390  81 251   9 236 258 340
 200 158  11 211 208 338
  13 311 177   3
 189 240 180  85
  12  64 316 345  72  73 102 363
 188  43 261 149  77  78 123 221 382
 101 213  59 194 103 154 233 242 248 266 316 329
 370 178 122 218  19  25 103 265 302 353 371
 214  34  82 114 341
 238  42 233 266  17 202
  70 368 206 313  88
 146 325  10 134   4
   1 123 149 341  21 106 166 307
  40 383 136 333 133 137 196 198 342
 139 111 154  52 151 239
 337 138 146  91 115 270
 115 138 197  22 305
 108 378 368 271 111 182 239 263
 128 126 206 145 201
 183  69 143 247  24  89 109 388
 140 187 359 334 191 197 217
 243 198 209 379
 173  70 231 328  80
 286  51  46 371
 212 264 368 119
 108 378 202  42  13  75  97  98 132 181
 165 295 384 100
  49 157 242 323
 341 217 291 243
  99 333 219 237   3
  29 206 313 145 119 200 317 360
 334 214 191 375
 181 258  13  98   7 281
 272 141  63   0 239
 309 206  89  29  11 185 289 317 388
 194 245  27 355 242 350
 372  26  82 205  76 135
 271 238 285 368 162 163 283 330 346
 313 185 309 260 201 339
 132 108 378 232  87
 248  68 102 352  53
 224 193 143 244  86 324
 389  25 122 259  31  95 229 268
 279 383 390 241   9 118 258
 275 112 356  56 306
 195 244 320 381 268
 290 256 146 120
 252 114  82 140 209
 220 376  46 329  39
  47 128 224 247  65 173 301
 348 101  46 285   5  12  27  37  50  63  64 220 327
 316  84 126  48 112 250
  75 378  11  35 104 172
 380 143 178   6 244
  91 219  38 292  40 166 196 308
 120 252 140 187  91 191 274 299 310
  95 273  92 116
 217 198  96 243
  91  38 219 138   3 294
 184  11 280  28
  80 317  98 185 125
 258 159  74 279  94
 307 349 291 287 169 209
 219 383 349 292
 371  19 271 370  62
 152 165 132 221
  12 283  55 376  72 223 363
 378 316  35 271  68 132 174 181
  37 373 101 102 366
 329  64  59  27   5  14  17  50  73 194 220 245 373
 341 114 214 383 166 342
 244 253  48 314 130
 360 143 218 374  86
 269 102 276  37  53  58 319
 264  59 286 124 190
 364 153 207  44
 368 178 271 194 244 314 380
 357 379 391 168 243 323
 356  72 379 127 142 232
  55  23 147 246
 299  38 140  82  93 170 209
 351 109  29 309
 159 121 262  74 228
  60 377 201  96
 102  12 283 345 367
 354 207 153 135  44 117
  26 278 256 107
  37 102 347 376
 250 168 363  12
 271 212 303 355  70 263 289 296 316
 210  34 225  57 176
 286 178 218 122 272 343 371 387
  19 286 370 264  62 302 343 387
 315  82 252 114  76 205
 347  59  14 348 381
 260 218 145 272 351
  10  66 134 251  81 136 310 383
 327  39 345 220 366
  60  86 362 253  96 234
 108 346 296 304  75 181 318 331
 357 356 223 210  56 243 300
 332 355  19 164 130 275
 195 126 373 324
 188 261 100 284  53
 292  40 219 375  66 322 342 349
  36  73 177 199 305
 175 259 178 186  18 389
 230  92 255  86
 389  89 370 371
 298 183  89 313
 175 321 186 385 387
 205 279  81 251   9  74 322
 162 263  12 168  49  58 227 356
