 347 228  54 157  53  77  78 195 247 332 333
 291 104 110 221  74 187
 196 176 186  59  94 175 335
 231 329 141 288  63 356 367
 365 350 106 219
 357 290  49 102 112 134 170 223 266 272
 310 121  93  25 129 232
 145 390 212  41
 259 347 228  54 232
 118  99 112 170 151 322 353 380
 326 292  81 323 136 277 278
 371 290  81 292
 182 305  67  72  38  69 273 351
 174 311 185 326
 345  61 130 295  72
  58 266 126  19 217 384
 254  25 167 165
 220 260 211  50 233 294 342 377
 366 107 285 255  82
 126 383  72  61  15 134 384
 175 218 158 204
 159 317 149 189
  27 377  87 111 119
 283 358  45  81  64 152 342
 236 325 202 285 280
   6 167 310  16 129
 319 139  46 338 203 360
 111  86 233 343  22
  29 309 217  70  73 251 253 314
  28 126 266 134 251 309
 188 291 382 308 135 194 284
 109 373  78  77 148 198
 350 132  44 376
 217 384 351  72 147
 123 354 275 340  71
 212 296  41 316 162 235 368
  37 105 149 340
 333  36 105  93 195 213 270
 206 318 103  12
 362  80 303 185  89 298 376
 219 210 160 349
 212 114  35 338   7 286 390
 273  51 356 280
  50 374 260 363 101 144 155 191
  76  81 292 376  32 350
  23  64 233 271 264
 319 197 215  47  26  89 137 139 171 274 298
 197 311  46 225 215 289 378
 334 250 318 169  84
 371   5 102 279  68
 260 363 160 327  17  43  56 210 230 299
  96 150 218 312  42
 189 228 391 347  65 240 302
 301   0 252 228  90 121 195 391
 157 321 228 347   0   8 252 259
  60 261 123 320
  57 160 363  50
  56 160 174 311
  15 384 266 113
 215 185 171 186   2
  55 337 261 359 361
 290 279 371 169  14  19  92 173 250
 281 143 174 311  97  98 163 177
 329 141 237   3 236 316 325
 348 357  23 283  45 179 223 233 305
 153 172 109  52
 211 289 177 225  86 161 164 238 281 294 343
 182  12 305 223 273 351
 389 112  49 151 272
  12 351 103 285
  28 309 126 217 232 314
  34 287 359 156
 334  19 345  14  12  33
 251 309 253  28 165 202 217 273
 187   1 386  85 119 162
  91  85 361 245  82 115 207 226 263
 214 363  44 132 108 130 288 376
  78   0 105 347  31 198
  77   0 109 105  31 198 247
 239 135 218 123
  81 174 349 185  39 277 278 326
  80  10 292 323  11  23  44  97 271 277 326
 147 205  75  18
 130 182 250 214 202
 257 318 154  48
  74 117 275 324  75 115 245 263
 343 225 111  66  27 249 386
 265 308 377 117  22
 317 287 100 276 280 366
 171 186  39  46 146 203
 301 321 157  53 216 254
 123 156 235 131  75 282 320
  61 173 383 257
 310 270 121 259   6  37 167 379
 307   2 335 313
 196 175 369 140 148 226
  51 135 125 388 267
 108  81 349  62
 143 190  62 108 154 306 365
 118 279   9 290 151 246 293 322 339 353 375
 287 359 317 107  88
 238  43 188 329 111 364
 345 290 279 166   5  49 180 383
 206 284  38 227  69
 110 378 328 221   1
 149 317 109  77  36  37  78 159
 336 331 328 349   4 201
 315 100 317 276  18 285
 132 163 143  76  97  98
 172 153 149  31  65  78 105 373
 104 221   1 378 237
  86 343 101  27  22
   9 170 380   5  68
 384 383 152  58 293
 308  41 212 200 352
 385  85 245  75
 122 151 313 389
 275 346 382 296  85  87 150 320
 380  99   9 322 142 170 264 313 375
 227  74  22 386
 274 190 349 303
 310  93   6  53 129
 246 116 355 151 387
 125  91 296 388  34  55  79 131 135 218 340
 304 162 284 386
 123 388 131 359  96 135 158
  19 334  29 266  15  70 217
 354 340 237 242 267
 130 214 206 163
 121   6  25 247
 214  76 345 128  14  83 206
 125 123 388  91
 108 163  76 174  32 169 288 318
 346 382 178 308 239
 266   5 251  19  29
 123 296 125  30  79  96
  10 279 322 292 339
 338 319  46 209 146 312
 160 208 211 271
  26 171 197  46 176 203 275 354 360
 142 196 369 307  95 226 335 385
 200 341 329 230   3  63 145 231 367
 313 369 140 118
  62  98 190 108 163 364
  43 372 363 185 155
 141 327 178 209   7
 312 319 137  89
  82 263 243  33
  31  95 198 247
 317 105 337 109  21  36 159 172 268
 296 117 218 275  51 312 388
  99 389   9 322  68 116 122 339 353 355 375
 290 292  23 283 113
 172  65 109 184
 249  84 318  98
 372 144  43 176
  91 261 320 235  71 234 282
 321  54 332 301   0  90 216 247 259 347
 359 125 373  20
  21 149 105 317
 208 210  50 138  40  56  57 211 311 344
 233 289  66 186 241
  35 187  74 386 124 234
 132 108  62 143 128 169 206 318
 177 238 289  66 241 300
 253 202 285  73  16
 279 283 357 371 102
 254  25 259  93  16 267
 381 308 341 188 227
 132 163 318 250  48  61
   9 118   5 357 112 272 297 389
 139  46 197  89  59
 153 109  65 149 195
 256  92  61 371 244
 349 185  80 311  13  57  62 132 326 362 376
   2  95  20 196 204
 215 139   2 360 155 196
 281  66 311  62 164 289 294 300
 346 308 209 145 133
 233 220  64 357
 102 345 334 371
 336 328 330 199 222 237
  12  67 305 256  83 223 351
 246 277 355 196
 258 359 337 153
 174  80 191 349  13  39  59 144 362
  59 196 289 215   2  89 161
  74 222   1 275 162 192 205 234
 221 200 327 291  30 101 168 209 364
  52 228 333 347  21 240 315
 120 303 349 331  98 143 274 306 336
 303 199  43 327 185 330 362
 234 354 263 187
 311 328 221 344 306
 284  30 364 304
 172   0  53  37
   2 186 176 360  95 140 175 183 335 369
 378 215  47  46 139 171 222 265 324 330
 373  78  77  31 148 243
 303 191 327 330 181
 221 141 188 327 114 328 381
 236 336 106 237
 165  24  73  83
 360  26 139  89
 175 335  20 385 262
 282 187 263 306  82 243
 128 163 130 329  38 103 304
 361 320  75 258
 160 220 138 211 210 323
 178 327 145 188 137
 160 311 208  50  40 219 271
  66 220 238 160  17 138 208 225 344
  35  41 346 296   7 114 242 286 316 368 390
 285 370 240  37
  76 130 363 345  83 128 288
 197  46 378  47  59 176 186 265
 262  90 157 321
  28  15  73 126  33  70
 150 123 296 388  20  51  79
 311 349 210  40   4
 211  17 260 358 179 208 233 238 342 344 363
 200 188 328 104   1 110 193 291 352 382
 378 197 181 275 187 354
 256   5  64 182  67 351
 338 324 382 328 352 354
 343 344 211  66  47  86 289 299 300 377 386
  95 245 140  75
 168 341 329 230 103 119
 347  54   0 189   8  52  53 252 268 333
 242 390 261 354
 341  50 260 374 141 227 329 367
   3 329 288 141 356
 387   8   6  70
  64  45  17 220  27 161 179 342
 192 162 156 187
 308  35  91 239 156
 325 201  63 288  24 356
  63 336 110 181 127 201 242 325
 211  66 101 220 164 294
 235 133  79 296
 315 333  52 189 213 370
 289 300 164 161
 237 229 212 286 127 325
 263 198 261 205 147
 297 250 272 173 269
  85  75 115 385 226
 277 183  99 293 122 387
 332   0  78 157 129 148
 331 319 330 298
 154 300  86 386
  48 334 169  61  83 244
 134  73  29  28
  53 301 228  54
  28  73 310 165 314 379
 391 167  90 301  16 269 302
 366 316 368 287  18 280
 223 182 345 357 173 356
 350 365  84 376  92
 337 359 184 373 207
  54   8 157 347  93 167 270
  50 363 220 230  17  43 299 372 374
  55 320 156 229  60 243 282 340
 216 385 204 335
 205 306  85  75 147 192 243
 380 313 118  45
 215 197 378  87
 134  15   5  58  29 126 297
 167  96 127 278
 149 317 337 228 315
 254 272 244 297
  93 333 259  37
 138  81 358 210  45
 170  68   5 357 244 269 297
  67 351  73  12  42
 120 190  46 362
 117 139 382 338  34  85 150 187 222
 317  88 107 315 280
  10  81  80 279 183 246 278
 326  10 277  80 267
 290 371 166  99  49  61 102 136 277 383
  88 276  24 255  42
 177  62 311  66
  91 205 156 261
  23 358 348 292  64 152 166 290 357
 194  30 103 304 124
 213 107 315  24  18  69 165
 390  41 212 242
 366 100  88 359  71 255
 329 132  76 214   3 231 236
  66 225  47 177 161 164 186 241 300
 371 279  99 283   5  11  61 102 152 375
   1 188 328 221  30 364
  10  81 358 323  11  44 136 152 283
 246  99 383 113 387
 177  17  66 238
 357 348 345 372  14
 212  35 117 150 123 135 218 239 368 390
 244 170 266 272 269
  46  39 319 362 248
 327 260  50 225
 164 289 225 177 241 249 306
  90 321 157  53 252 254 302 391
 391  52 301 254
 191 199 190 330  39 120 331
 124 386 284 206 194
  12 182  64  67
  98 300 190 193 205 263
 140 313 369 385  94
 168 114 178 381  30  87 133 235
  28  70  73  29
 121   6  93 314  25 253 379
 349 210 160 174  13  47  57  62 177 193 219 281
 150 146 137 390  51
 142 380 369 118  94 116 264 307
 310  28 253  70
 107 240 268 189 276 285 370
  35 212  63 368 255
 149  88 105 276  21 100 107 159 268
 169 163  48 132  38  84 154
 338  46  26 137 146 248 298 324
 261 156 117  91  55 207
 157  54 301  90 216 332 391
  99 118 136   9 151 339 380 389
 358  81  10 208 292
 224 319 338 197  85
 236 242 237  63  24
  10  80 174  81  13 278
  50 299 188 191 145 199 200 209 377
 330 104 221 200 106 181 193 224 291 352
 288 141 230   3  63 101 206 227 231
 328 303 191 197 181 199 248
 248 336 190 303 106
 157   0 247 321
  37 228 189   0 240 270 370 379
  48 345 250  72 126 180
 196 369 140   2  94 204 262
 331 106 181 190 201 237
 149 258 184 359  60 268 361 373
 319 137 382 224  26  41 275 324
 151 136  99 322
 261  34 123 388  36 127
 230 141 374 381 168 227 367
  17 220 233  23
  86 225 377  66  27 111 386
 225 160 211 220 193
 357 214 348 130  14  72 102 180 256 295 334
 133 382 178 212 117
 228   0  54 157   8  52  77 189 259
  64 283 357 345 295 372
 174 311  80 190  40  97 106 120 185 219
 365  32 257  44   4
  12  67 182 223  33  69 273
 221 328 114 224
 151   9 383  99
 222 139  34 224 127 192 229
 183 122 151 389
 236 231   3 256  42
  64 348 345 283   5 166 170 179 256 272 295 371
 220  23 323 292 271 283
 258 100 184 287  60  71 125 158 337 373
 139 176  26 378 196 203
 207  75  60 337
  39 185 174 191 274 298
 260  50  76 220  43  56 144 214 372
 101 291 188 143 194
 350   4 257  98
 287 255 368  88  18
 141   3 230 341
 316  35 212 296 255 366
 313 142 196 140  95 307 335
 240 213 333 315
 290  11 279 357  49  61 166 173 180
 260 348 144 363 155 295
 359 337 258 109  31 158 198
  43 230 341 260
 118  99 151 290
  76  39  44 174  32 257
 343 225 327  17  22  87
 197 104 215  47 110 222 265 360
 310  93 333 253
 118 322   9 313 112 264
 168 341 200 308
 338 346 221 133  30 117 224 275
  19 279 113 102  92 293 353 387
 113  58  19  15  33
 115 262 307 140 204 245
  86 343  74 225 119 124 162 249 304
 293 383 122 246 232
 125 123 150 131  96 218 340
  68 151 170 322 116 355
 212 286  41 296   7 229 312
  52 301  53 321 254 302
