 245 314 349 371  49 246
 172 314 335 183
 122 229 185 157 298 332 356
 260 346 162   8  15 114
 280 228 227  12 311 337
 251 139 201 219  60 220
 377 322 226 317
  46 121  93  57 243 328 372
 260 343 281 162   3
  11 140 209 355  73 352
 343 156 346 352
 355   9  24 140 197
 346 391 162 193   4 106 148 214 306
  56 262 166 350
  64 376  73 202 380
   3 286 260 301
 347 187  18 214
 303  58  64 194  25
 204  20 175 222  16 115 216
 157 247 302 185  92 229
 204  18 216 222  51 385
 306 357 277 177 243
 266 223  50 329 131 303
 286 371 340 353  49
 171 355  11 343 102 191 351 374
 384  67  17 334
 310 181 330 179
 315 364 109  58 233
 163 309 244  48  30  70 126 205 250 269 297
 382 108  48 174
 110  46  58  28 119 239 312 363
  68 171 295 343 137 183 270
 210  41 241 339
  84 150 324 210  41 236 362
 131 240  56  44
 390 291 110 249  86 212 361
 329  59 199 109  93 202 248
 253 168 263 126  39 207
 149 215 316 211 315
  52 112 373  37 167
 374 281  54 334
  88  63  84  33  32 231 362
 327 238  76  65 192
  88  84 138 150 338
 307 205 289 180  34 154
 359 367  98 203
 109   7  58  30 160 363
  66 386 339 134 125 150
 163 132 108 100  28  29  70 205 244 296 304 309 382
  23   0 245 246 155
 202 223 329 301  22 129 266
 186 164 182  20 135
  39 236 111  85 231
 256  57 124 211 217
 353 370 371 286  40
 364 290 162 316 142 233
 127 350  13  81  34
 121 277 357 196   7  53  72 133 235 299 337 378
 109  46 343 348  17  27  30 160 189 303
 199  36 329 376 165 202
 219   5 251 362 220
 293 367 359 318 252
 123 309 163 100  91 174 200 308 318
 101 152  79 199  41 168 265 324
  99  14 312 384  17  73  80 117
 238  76 288 384  42 192 234
 386 299  47 239 107 117 147 206 210 241 339
 288 238 384 202  25 234 271 278
  31 295 171 102 270
 143  95 146 320
  28 297 309  48 253
  94 174 308 261 103 264 388
 284 306 198  57
 348 142  64   9  14 136
 170 289 348 121 190 198 228 386
 208 185 267 353
 327 199 288 238  42  65  83 145 165 376
  78 305 105 271  80 158 178 342
  77 105 305 160 178 271 342
 190 101 152 277  63 133 272 326
  77 352  64 136
 350 127 231 330  56
  94 323  91 230 264
 145  76 327 176 192
 263 147  33 126  41  43  88 354
 128 236 310 207  52 111 330
 126 390  35 253 207 212 354 366 379
 344 366 103 184 221
  43 138  41  84 154
 306 114 120 274
 371 259 216 245 116 122 161 164 332
 258 211 209  62  82 313 359
 178 229  19 146
 391  36   7 347 266 273 337 372
 261  71 230 294  82 137 264 323
 267 351 320 157  69 158 218 342
 181 262 254 377 383
 162 280 228 121
 367 390 308 318  45 252 257
 117  64 206 312 136 336
  48 108 123 316  62 132 151 294 381
 190 152 170  79  63 284
 295  24  68 172 208
  71 308 255 341  87 285 344
 171 343 295 355 109 223 266 303 351
 160  78  77 374
 319 177 120  12 187 292 311
 241 150 210  66 125 375
 382 174 140  48  29 100 123 132 188 197 209 294 304 381
 343 121 104 159  27  36  46  58 191 225 281
  30 239 296 291  35 113
 179  52  85 330 310 383
 373  39 327 145
 249 304 365 110 173 178 232 333
  89   3 306 346
 175 204 222  18
  90 161 314 218
  99 206  66  64 336
 255 323 197 381
 334 239  30 312 180 232
 274 211 331 106  89 293 311
 196 109 357  57   7  74  97 159 235 277 282 290
   2  90 332 321
  62 296 309 108 100 250 294
  53 217 177 133
 107 241 300  47
 250 297  28 269  37  84  86 253 263 368
 350  81  56 373
  85 236 207 221
 349 266  50 391
 389 279 340 247
 248  22 288 214  34 155
  48 108 100 292
 306 364  57  79 124 272 326
 280 170 283 228  47 142 219 300 386
  51 201 220 240
  80  99  73 352 336
 270  31 195  94 341 345 388
 212 368  88  43 167
 240   5 201 251
 209 108   9 258  11 197 352
 360 381 365 294
 290  73  55 134
  69 321 157 229 298
 302 270 155 273
  83  76 327 165 112 240
  69 226 320 285  92 275
  84 265 210  66 354
 364 225 277  12
 291  38 316 315 211 292
 386  47 210 339  33  43 107 338
 363 100 294 296
 190 101  79 289  63 324
 172 353 288 246 176 245 273 278
  44 155 307  88
  49 144 302 131 154
 191  10 346 343
 302 247  19 353   2  95 143 185 229 270
 218 342  77  95
 109 237 357 121 287 369
 105  58  46  78 178 333
 218 116  90 245 224 356
 346 277 280 228   3   8  12  55  97 189 193 281
  28 244  48 296  62 205 250
 186  90  51 371
 199 329  59  76 145 182 186 248
 262 268 350 377  13 254
  39 179 272 138
 354  37 265  63 324
 184 257 366 308 325 379
  74 190 134 348 101 198 283 284 289
 295  24 104 343  31  68 301 351
 153 223 295 301   1 102 183 273 314 349 353
 366 232 113 381
 108 304 382  62  29  71 255 308 341 388
  18 222 204 115 385
 246  83 327 153
 306 106 319  21 124 187
 113 160  78  77  92
 268 111 167  26
 203 249 209 119  44 338
  96 377 262 254  26 322 383
 165 248 286 329  51 186
 172 295 301  31   1 186 273 276 335 370
 169 257 344 366  87 221 325
  19 157  75 302   2 242 356
 182 183 286 165  51 164
 106 177  16 319
 382 304 249 108 305 380
 348 283 162  58
 152 170 101  74  79 265 284
 156  24 343 109
  65 238  42  83
 346  12 162 194
 343 260 348 301  17 193 374
 137 355 352 351 345
 121 256 290 291  57 282 292 378
 209 140  11 108 118 200 320 341 345
  74 283 170 228  72 243 337
  59  36 376 329  63  76 165
 380 197  62 232
 139   5 251 240 135 220
  50 329  36  59  14  67
 261 230 258 318  45 180 307 331
  20  18 222 175 115 216 385
  28 309 163  48  44
 117  99 312  66 241 336
 212  86  37 390  85 128 236 361 379
  75 353 267 102
 140 108 197 258   9  91 180 287 352 365
 339  66 386 150  32  33 107 147 362 375
 258  38 149 256  53  91 120 215 227 274 313 359
  86 138  35 368 207 361
 285 226 344 298
 347 391 281  12  16 131 369 387
  38 364 211 316
  18  20  90 204 332 385
 124  53 313 359
 245 161  95 302 116 158 224 358
 134 251  60 284   5 220
  60 201   5 219 135
  87 344 184 325 128
 204  18 175  20 115
 104  50 329 343  22 172 271 295 301 349
 242 161 356 218
 148 277 109 343
 146 213 298 344   6 275
 280 228   4 211
 280 162 346  74   4  97 134 198 227 281 300
 157 270  19   2  92 143 298
 261 331 203 258  82  94 237 328
  81  52 330  41
 119 113 200 380 173 333
 315  55  27 316
  65 334 384  67
 378  57 121 357
  85 354  33 207  52 128 379
 287 159 230 331 307
  67  76 288  42  65 192
 299 119  30 386  66 110 334
 139 201 251 145  34 135
 300  66 107 206  32 125 251
 224 340 356 185
 198 281  21   7
 163  28 296  48 253 269
   0 246 153 314  49  90 161 218 302
 245 153 176   0  49
 389 371 321 157  19 130 259 279 335 370
 288 329  36 165 131 182
 188 113 309 304  35 180 366
 309  28 123 163 126 263 297
   5 219 139 241  60 201 240
 367  98 359  61
  70 297 126 244  37  86 361
 377 181 166  96
 103 341 118 174 285 325
 196 258 211 291  53 282 313
 169 184  98 308
  91 211 256 261 140 203 209 230 313 331
 321 247 371 335  90 279
 346 301 329 194   3   8  15 283 391
 230 203 331 258  71  94 287 294 307 318 328
 166 268 377 181  13  96
 368 126  84 250  37
  94  71 293  82
 147 284 190  63 168
  50 104  22  93 129
 320  95 351 355  75 208
 166 262 179 350
  28 244 126 309 368 390
 137 157  31  68 144 229
  77  78 223  67
 326 133  79 284 167 373
 172 183 153  93 144 326
 120 211 293 331  89 311
 358 226 317 146
 183 353 314 370
 357 364 162 121  21  57  79 148 225 319
 153 353  67 286
 130 389 259 247
 228 134 162 346   4  97 227 300
 162 109 346 228   8  40 214 243 328 374
 196 256 357 121
 134 170 348 260 189 198
  72 190 170 101 219 265 272
 103 213 344 255 146 325
 301 349 353  23  15  54 182 186 278 340
 237 159 209 261
  67 329 384  76  65 131 153 238 248
  74 170 357 152  44
 196 315 121  55 142
 149 256 378 196  35 110 299
 132 196 149 106
 274 331  61 120 264
 123 261 100 108  94 141 151 308
 171 104 223 343  31  68 102 172 183 347
 123  48 163 244 110 151 297 365
  70 296 250  28 126 253
 229 143 213   2 226
 239  66 291  57
 280 134 386 228 125 241
 260  50 223 171  15 172 183 194 286 349 353
 157 353  19 245 144 155 185 218
  17  58  22 104
 174 108  48 188 113 249
  77 352  78 188 342
  21 177  12 364  72  89 114 133
 237 203 318 261  44 154
  62  71 174 294  98 103 169 257 366
  28 250  62  48  70 123 205 249 269 381 382
 330  85  26 111
 274 120 106   4
 384  64  30 206  99 119 334 363
 256  91 211 258 217 323
 371 353 172   0   1 116 245 276 340
 149  27  38 316 233 290 319
  38 149 100 315  55 215 233
 358 322   6 275
 203 261 331  62  61  98 307
 106 277 315 177 187
 197 267 380  95  69 146
 259 247 335 389 122 143
   6 377 181 317 383
  82 313 359  94 118
  33 152  63 168
 285 255 184 169 221
  79 272 133 273
  76 376 145  42  83 112 176
 230 261   7 281 372
  36 260 223  50  22  59 165 182 199 202 248 288 384
 310  85 111  26  81 231
 230 261 258 203 120 237 274 293 318
 122   2  90 216
 160 232 380 113
 119 312 239 384  25  40 234
 259 321 247 183   1
  99 206 117 136 358
  57  93 198   4 372
  43 150 180 339
 210  47  66 386  32 150 338 375
 353  23 286 314 130 242
 388 137 174 197 103 255
  95  77  78 305 158
 109 171  24 104   8  10  31  58 156 191 194 223 225 295 374
  87 184 103 285 213 221 226
 195 197 137 352
 162  12 260 193   3  10 114 156 228 280 281
 214 391  93 295  16 369 387
  74 170 194 283  58  73 189
 301 286 172 223   0 129
  81 127 166 268  13  56
 355 104 171  24  95 195 267
 355 209   9 140  10  80 136 195 305 345 365
 172 153 371 301  23  54  75 157 208 276 278 286 302 314 340 370
 168  84  86 147 236
  11  24 104 352   9 195 267 351
 185 224 161   2 242
 277 121 364  57  21 159 235 282 289
 317 336 275 218
 367 211  45  91  61 217 252 323 360
 141 381 359 367
 207 212  35 253
 375  41  33 210  60
  46  30 312 384 151
 357 277 215  55  27 133 148 306
 113 296 209 352 141
  87 308 249  86 169 173 184
 359  98  45 390  61 252 360
 263 378 126 269 138 212
 347 387 159 214
 353 183 389 247  54 276
 314 353 247 389   0  23  54  90 164 259
   7 337  93 328 373
 112  39 272 372 127
  24 194 281 343  40 105
 362 210 107 339
 199  59  76 327  14
 254 181   6 262  96 166 322
 291 235  57 196 368
 236 207  86 169
 320  14 382 188 200 232 333
 309 382 108 100 118 141 173 360
 108  29  48 309 174 188 380 381
 322  96 181 111
 288 312 329  67  25  64  65 234 334 363
 216 204  20 175
  66 134  74 300  47 150 210 239 339
 369 214 391 347
 174 341  71 137
 247 371 370 321 130 279
  98 269  35 367  86 207
  12  93 347 260 129 214 387
