 186 141 143 178  83 183 265 272 312
 291 261 188 149
  51 161 157 306
 308  93   7 337
  26  66 325  10
  27 329 348  51  58 130 367
 332 164 122  25  16  41 130 268
  99 113   3 219
 155 246 197 123 170
 322 118 279 258  74 177
 134 120 251  91   4  26 219 256 274 290 325 375
  70 231 289 109  45  80 158 331 338 339 361
 283 376 345 391
 142 304  97 108 339
 348  59  64  83  17 238
 156 131 176  34
 321 164 122   6  41
 283  14 347 348
  90 385 175 157
 371 286 178 343  51
 222 204 273 335 215 262
 147 306 246 291
 138  33 295 197
 147 246  57  55 106
  69 224 109 218  31 190 257
 143 332 259 218   6  95 116 161 245 321
 256   4  10  81
 348  64 266 329   5 242 380
 184 257 338 230 172
 145 309 206 119 126 199 313 317
 182  67 263 227  32 117 203
  24 116 190 321
 182  30 117 104
 123 197  43  22  93 307
 369 176 287 209  15 131
 346 104 171 331  79 239
 199 373 160 245
 347 329 391 363  71 319 352
 219 337 359 307 336
 376 327 220 363 165 366
 292 198 383 134 136 241 333 375
  16 164   6  51 130 305
 288 233 202 238 304
 221 149 269 284  33  93 106
 153 354 239 207 364
  70 378  11 108  80 117 174
 220  51 285  50 302 327
 128 253 126 388  70  84 324 328
 126 330 163  84  62
 306 269  68 168
 266 348 220 329  46
  46 353  19 329   2   5  41
 139  63 293  73 162 242
 319 352 382 139
 229 216  90 255 116 157 222 273
 345  72 363 358  23  57
 191 323 310 167
 246  55 363 123  23 276
 276 352 102   5  61
 285 348 373 199  14  83 265 272 353
  89 109 298 247 180 362 387
 362 275 180  58
  68  48 343 371
 101 329 213 348  52 202 220 226
 348  27  14 316 283
 224  86 244 328
 383 375   4 322
  30  97  72 357 142
 102 346 168 343  49  62 269
  24 224 388 218 129 193
  47 289 206 126  11  45 231 301 303
 111 293  37 226
 110  55 345 227  67 142 182 254
 154  52 283 139 254 384
 258 340   9 177 278
 200 360 374 109 239
 372 390 237 114 278
  78 284 123 169 237
  77 284 237 169
  35 104 261 162
 231 158  11  45 339
 251 219  99 375  26 135 205 241
 114 252 372 140 170 209 214 237 287 315 349 359
 265  14   0  59 312
 126  47 163 212  48 195 253
 377 129  92  86 189 208 282 386
 129 351 360 116  65  85  92 144 377
 381 132 211 250
 112  98 156 181
 247 298 109 388  60 158
  18  54 321 216 157
 256 134  10 333 107
 377  85  86 230 270 386
 337  43 365  33   3 295
 267  96 159 340
 116  25 273 161 335
  94 159 267 277
 108 304 296  67  13  98 151 181
  88  97 108 181
  81 219 267 258   7 113 133 308 340 342
 261 382 149 284 135
 329  63 213 348 226 248 316 347
 168 171 269 373  58  68 221 366
 285 264 266 213 151 202 233
  35 162 124 331  32  79 277 306
 264 190 212 213 151
 367  23  43 243
 252 326  91 359
 296 304 378 316  13  45  97  98 318
 224 360  89  24  11  60  75
 227 357  72 127 182
 293 154 202 296  71
  88 182 263 323
  99 267 236 235   7
  82 209 214 252  76 170 287 315 326 349 372
 120 274 187 138
  25 216  54  95  31  86 229 255
  32 169  30  45
   9 241 322 279
 145  29 206 309 238 303 313
 274 134 334  10 115 256 325
 159 361 280 211
 164 143 286 186   6  16 150 272 321 370 389
 284 149 246 261   8  33  57  77 147 276 291
 353 314 213 271 104 248
 311 339 177 282
  84 253  47  29  48  70 163 249 297 330
 203 357 110 156 131 181 254
  47 297 253 247 328
 179 224  69 360  85  86 144 208 211 230 377
  41   6 350   5
  15  34 369 127
 346 318 304 378  87 221 232 250
 196  99 137 219 267 294 308 365
 120  10 334  91  40 251 274 375
 207  81 364 100 342
 292  40 383 375
 292 267 133 196
 197  22 187 359 115
 293  52 227 154  53  73 254
 187 334 299  82 359
   0 186 218 309 199 272 312
  13  72  67 357
 298 186 178  25   0 122 183 286 320 351 389
 179 129 377  86 189 208 282
  29 206 309 119 260 297
 290 294 325 256
 246  21 123  23
 240 235 192 294
 284 261 123 188   1  43 100
 186 259 122 265
 105  97 213 103
 344 208 311 160 228 281
 354 364 277 172  44 207
 293 111  73 139
   8 372 237 225
 203 127 357  15  88 181
  18  90  54 175   2 204
 231  89  11 247  80 173 180 280
 340 121 235 258  94  96 234
  36 373 381 374 152 344
 245  25 259 321   2  95
 227 391 271  52  79 104 168 263 318
  84 126  48 316 174 250
 122  16   6 321  41 370 389
 226  39 327 220 305
 333 349 291 169
 191  56 310 198
 269 102 162 250  49  68 367
  78  77 166 341 117
 114  82 358   8
 271 316 213 346  35 102 343
 211 153 184  28 277
 180 328 158 247
 163 250 378  45
 259 385 389 186  18 157 362
  34 209 369  15
  74   9 281 384 125
 286 186 143 218   0  19 298 332 355 385
 129 230 144 257 184 386
 173 158 247  60  61
 156 203 127  97  88  98
 227 110  30  72  32 112 242 263
 298 247 143   0
  28 338 179 230 172 192 280
 360 260 224 374
   0 141 143 178 122 150 175 259 265 385
 299 140 334 252 115 138
 261 382 284 149   1
 282  85 377 144 192 228 270
 105  31 353  24
 310 198  56 209 167
 235 282 189 184 148 215 240
 216 229  69 224
 285 245 314 286
 324  84 351 381
 133 137 256 333 336
 217  33 138 299   8  22
  40 310 300 292 167 191
 218  59 141  29  36 373
 360 351 309 374  75 211 280
 313 317 384 202
 288  42  63 103 111 201 304
 127 156 357  30 181
 273  20 222 157 270 295
 390 315  81 258
 309  29 145 119  70 289 297 313
 364 354 135 153  44
  85 211 129 144 152 311 344
 114 310 287  82  34 176 191 214 217 300 349
 379 357 369 225 223 243 356
 172 200 208 129  87 121 280 344
 264 303 218  84 105 249 346
 285 248 271 101  63 103 105 124 151 171 316
 114 252  82 209 237 383
 192 230  20 377
 193  54 116 229  90 222 255
 299 197 287 209
 178 199 374 224  24  25  69 141 212 245 249 260 286 351
  81  99  10 333   7  38 133 308 342
 327 226 348  63  39  46  50 165
 269  43 132 102
 229  20 216  54 204 262 335
 369 210 345 357 225 356 358 379
 360  69 388 218  24  65 109 129 185 193 374
 210 369 223 357 155 341
 220  63 347 101  71 165 384
 110 139 162 182  30  72 352 391
 262 189 377 152
  54 193 216 116 222 255 273
 179 257 129  92  28 184 215
 257  11  70 158  80 301
 318 132 378 277
 288  42 266 103 330
 340 361 364 159
 192 159 240 148 113 365
 279 278 390 113
  78  77  82 214  76 155
 288 260 119  14  42
 312 346  35  75  44
 148 282 192 235
 251 279  81  40 118
 391  27  52 182 275
 300 210 291 379 106
 350 324 320 332  65 268
 286  25 161 218  36 194 302
 147 123  57 358   8  21  23
 298 183 388  89  60 128 158 173 180
 213 285 101 124
 126 218 212 297
 163 330 132 367  87 168 174
  81  10 134 241 279 390
 326  82 114 334 107 187 214 359
  47 126 128  84
  73  72 139 127 384
  54 116 229 216
  91  10  26 120 146 196 290 325 333
 179 230  24 231  28
 340  74  99 159   9 205
 175 186 385  25 150 161
 374 145 218 309 185 238 317
 188 100 149 284   1  79 123 291 382
 222 377  20 228
 391 368 182 162  30 112 275
 212 103 303 353 105 370 371
  83   0 186  59 150
 288 103  50 233  27
  99 137  94 133  96 113
 350 244   6 324
 168 221 102  68  43  49 276 366 367
 204 189 295  92
 316 213 171 355 124 162 296 368
   0 141 122  59 312
  95 204  54 229  20
 120 134  10 334 115
 242 263 380 391  61
 352 269 123  57  58
 153 232 172 104  96
 236  74 340  76
 322 390 241 251   9 118 236
 200 158 211 184 121 338 361
 311 152 344 177
 189 192  85 144 125 240
  12 329 316  64  17  73 345
 149 188 261 123  43  77  78 100 382
 213  59 103 248  46 194 353
 178  19 143 218 122 194 245 302 332 343 371
 209  82 299 114  34 217 341 349
  42 238 233 266 202
  70 378 313 206  11 296
 146 325  10 256
   1 261 123 341  21 166 243
  40 383 136 333 137 198
 139 154 111  52  71
 146 133 337 336 148
  22  93 270 204 305
 108 271 289 368  97 111
 128 206 145 126 249
 247 183 143 178  60  89 320 388
 187 140 217 334 197 287
 198 243 310 209
 388  70 231 328
 286 245 374  46
 212 264 119  70 314 328
 108 378  42 202  13  97 132
 366 165  41 295
  49  21 104   2
  38 341 336  33
  99   3 219 133
 206  29 145 260 119 141 200 317
 209 191 198 300  56 167
 208 152 281 344 125
 272  83 141   0 239
 206 119  29 289 201 317
 124 355 194 303
 372  82 205 114
 271 171 101 213  64 108 163 283 318 330 368
 309 260 313  29 201 339
 108 132 162 316 232
 363 352  37  53
 143 324 298 244 387
  16  25 122 164  31  90 161 335
 279 390 383   9  66 118
  56 112 356 379
 195 320 244  47 268 350 381
 120 256 290  10   4 146
 252 107 372 114
 220 376  39  46 165
  47 128 388 303  65 173 301
 101 348  63 347   5  27  37  50  51 283 376
 316 233  48 126 250
  35 378 346  11 104
  25   6 178 286 244 350
  91 292 256  40 166 196 219
 120 140 134 187 252 274 299
  20  95 222 321
 307 196 294  38
  38 365  93 294   3
  28 184 280  11
  80 317  13  11 125
 258 159  74  99  94 234 278 361
 287 291 349 225 169 307
 219  99 135 383
  19 371 171 286  62  68
 152 160 208 211 281 311
  55  12  72 283 223 358
 378 171 132 212  35  68 239 331
  37 101 329 226  17 363
  64 329  59  14   5  17  27  50  63 101 220
 209 114  82 287 166 341
 244 268 332 324 130
 360 218 143 374  86 195 200
 363  37 319 227  53  58 276
  59 264 124 285  51 190
 364 153 207  44
 271 370 178 314 380
 357 369 210 223 323 379
 127 210 110 356  67 142 156 203 223 225 369 379
  55 246 223 345 170
  82 252 140 107  38 138
 224 351 109 388  75  86 129 185 200
 121 280 340  11 234
 389  60 387 175  61
 376 347  39  37  55  57 319 352
 354 207 153  44 135 234
 337  93 133 235
 102  39 373 269 305
 250 168 269   5 106
 271 296 316 263
  34 210 225 357 131 176 223 356
 122 355 264 164 380
  19 286 343 264  62 387
  82 114 315 326  76 155
  59  36 199 160 102 366
 218 260 351 224  75 160 185 200 302 381
 383  10  40 134  66  81 136
 363  12 329  39 327
  85 129  86  92 144 189 215 228 262 386
 346 289 304 108  45 132 174 232 331
 210 356 357 223 243 323
 370 385  27 355 275
 195 160 324 374  87
 188 261 100 284  53
 292 375  40 214  66 136 322 342
  73 201 226 254 177
 175 259 186 178  18 380
  92 179 377  85
 389 320 371  60 362
 224 247 360 298  47  69  89 301 328
 175 164 122 143 362 387
 279 322 205 251  76 236
 263 162  12 227  37 242 275
