 259 361 247 172 229 258 312 320
  97  44  46  14
 196 307 246 167 122 139 186 262 355 385
 221 329  38 168  35  69 114 200 231 316 367
 212 349 125 275 106 232
 283  27  23 177 220
  89  85 335  94  31 216 226 301
 165 114 296 202 239 391
  51 361 293  26 148 207 387
 118 279 112  99 142 166 241 277 322
 279  58 383 292 241 326 339
  58 290 371  99  68 289
 363 188  50 230 133 178 214 352
 164 143 295  86
  97 177 220   1  59 306 364
 357 170  66 151 197 311 342 377
 150 330 349  67 212
 345  64 348 327 111 145 217 220 223 233
  52 286  24 255 265 370
 294 371 155 372  49  86 119 295
 216 247 183 204 229 263
  34 127 337 257
 185 191  43  90
  44 358 283  45   5  47 271 323
 253 248  69 285  18  96 146
 335 116  89  94
  32  94 293  85   8  33  51 191 194 209 330
 283   5 166  46  59 161 384
 250 253 117 126  84 162 205 257 269 318
 169  48 132 250 219 244 249 338
  73 297 214 162 133 274 319
 263  94 361   6  65 172 320
  26  94 275 330 125 173 194
 191 349  94  26 150 234
 147 337 373  21
  38 316 285   3  70
 340  37  93 261 218
  93 340 149 333  36
 221 168 329   3  35  69  70  79 244 316 318
 376  86  47 323 302
 223 152  64  45
  91 288 125  88
 258  71  91  88
 343 294 328 185  22  56  67 119
 323  23  46 358   1  45  47 138 143
  23  44 138 323  40 378
 323  44 171 185   1  27 187
  86  44 323  23  39 300 376
 132 163  29 108 249 386
 371 343  19 294  68 155 161
  76 260  12 363  72 101 334
   8  26 390 194  55 207 361
 356 117 285 131  18 121 158 337
 228 347 252 198 240
 157 184 321 312
  51 390 194 350 258
 305 328  57  43 298 308 341
  56 141 305 341
  10 290  11 292  99 113 289
  27 177 283  14
 100  71 156 282 243
 197 215 295 211
 238 177 348 281 143 152 190 364
 114 329 165 296  82
 348  17 345 233  40 111 190 223 364
 150 195  31 172 153 192 218
 357 292  15 281
 209 191 330  43  16
 371  49  11 294
 221 168   3  38  24 265
 318 244  38  35
  60  42  92 319
 260  76 266  50 102 128 179 206 210
 133  30 182 356 100 309 391
 126 102 363 214
 142 313 375 198
 334  50 260  72 101 102 128 206
  78 105 109 184 347
  77 109 184 105
 235  38 316 367 135
  81 281 322 292
  80 322 279 292 134 281
 284 101  63 352
 227 381 128 141
 250  28 126 124
  94 293  26   6 226 264 360 361
  47  39 155  19  13 164 376
 208 160 200 386 235
 261 333 258 236  41  42  91
   6 116 353 293  25 115 355
 301 216 360 122  22 226 262 321
 145  41 236  88  42
 324 278 111 350  71
  37 340 270 333  36 370 373
  26  85 293 330   6  25  31  32  33 191 234 349
 183 175 293 353 122 148 387
 267 332  24 104 388
  14 177   1 220
 169 163 108 132 120 154 249 314 365
   9 136  58 113  11 142 339
 156 282 123  73  60 310 379
  76 214  50 102  82 190 206 319
  74 266  76  72 101 179 319
 284 206 110 291
 248 386 199 168  96 265 267 332
 109 261  77  78 276
 212 349   4 276
 368 285 325 316 189 240
 163 132 169  48  98 174 331
 184 105  78 195  77 153
 181 201 206 103
 345  64 348  17  92 266
 118 279   9 322 134 142 251 277 369
  99 380  58 171
 329  63 168   3   7 165 202 231 316
 116 387 183  89 203
 353 293 122  89  25 115 140 167 176 335
 253 356  28  52 158 224
   9 112 290 279 142 186 277
 294  19  43 372
 274  98 311 174 365
 224  52 131 158 127 354
 307 116   2  95  90 175 301 360
 366 156 315 296 100
 329 318 168 253  84 244 248
 390 173  32 361   4  41
 250  28  74 188  84 219
 147 121 354 205  21
 304 130  76  72  83 206 291 303
 148 247 175 183
 304 374 128 163 227
 224  52 285 356 121
 163 108  48 169  29  98 174 200 304 374 386
  73  30  12 182
 251 112 279  81
 231 178 366  79
 383  99 339 389 187
 346 231 178 286
  45  44 358 323 303
   2 196 171 167
 307 380 353 116 196 360 387
 341  57 381 308  83
 118   9 112  99  75 203 369
 323  44  13  62
 357 238 254 345 352
 327  91  17 217 352
 159 158  24 149 332
 127 213 255 280  34 340 354
   8 247  95 387 129
 159  37 317 337 146 198 268 270 373
  65  16 390  33 218
  15 197 375 170
 281 177 283  62  40
 172 192 109  65 218
 314  98 249 208
  19  86 294  49 302
 100 123 282 310  60 379 391
 321 301 259 247  54
 117 253  52 337 121 146 159 245
 280 149 158 253 146 379
 208 344 225 174  87 249 256
 166  49  27 289
  30 214  28 297
 132 108  48 169  98 130 174 199 304
  13 323  86 185
  63 202 114   7
 283  27   9 290 161 186 272 289
 171 116   2 176 139 272 307 389
 221 329  38   3  69 104 114 124 178 182 199 248 346 367
 163 132  98  29 108 174 219
  15 357 377 348 151 384
 380 167 335  46 113 139 185 187 222 389
 153 192  31   0  65 229
 275 193 180  32 125 350
 132 163 169 108 120 160 311
  95 183 122 204 129 247 324 385
 167 272 360 116 203 389
 283   5  97  14  59  62 152
  12 182 168 231 135 137
 102 297 266  72 254 313
 193 275 362 299 173 288
 110 201 291 217
 221 363 168 356  73 133 178 188 269 297
  95 175 335 353  20 115 129 204
 109  78 361  54  77 195 232 320
  46  43 191 171  22 164 222
 166 118 290   2 384
 171 136 326  46 278
 363  12 230 182 126 219 239 250 291 382
 317 107 325 276
 101 206  62  64
  33  26 330  94  22  67 185 222 349
 172 153 234  65
 180 288 362 275 173 299 306 350
 350  32  51  26  55 209 324
 109  65 263 184 232 388
   2 246 140 307 139
  61  15 215 151
 373 149  53 243  75
 104 163 329 168 227 346
 231 374   3 132  87
 110 181 236 206
 165 325 317 114   7
 115 176 387 142
 175  20 262 183 247
 309  28 253 250 127 274
 128 101  76  72 103 110 190 201 284
 361  51   8 387 324
 160 225  87 211 154
  67 288 194  26
 266 311 344  72 342
 225 372 295 294  61 208 303 305
 106  16 276   4 388
 147 368 285 242 354
 363  12  74  30 101 162
 295 371  61 372 197 378
 301   6  20 335  90
 223  17 220 345 145 181 306
 150  65  36 153
  29 169 126 188
 283 345  17   5  14  97 217 299
 168   3 329 182  38  69 367 374
 171 191 185 335
 217  17 345  64  40 298
 131 255 117 356 121 257
 211 160 208 357
  85   6  90 259 232
 130  83 304 199
 268 347 333 359  53 252
 172   0  20 320
 374 188  12 363
 200 381   3 114 135 137 178 256 346
 226 195 184   4
 348  17  64 345 271
 330  94  33 263 192
 381  79  87 302 273
 315 201 382 368  88  91
 331 316 368 285 365
 345 348  62 327 144 303
 188 309 382   7 338 391
 242 388  53 107
 383 279   9  10 251 326
 315 240 366 368 213 370
 198  60 333 261
 367 124  38  29  70
 269 265 297 158
 353   2 196 307
  20 175 148 204   0 129 157 263
 104 318 124 168  24 267 346
  48  29 160  98 154
 126  28 329 188  29  84 205 309
 134 241 279 112
 228  53 379 268
 117 356  28 124  24 158 159 205 257 318
 144 179 377 313
 296 356 280 285  18 147 224 286 287
 351 344 160 231
  28 274 253 224  21
   0  42  55 390  88 347
   0 157 301 321 226 312
 344  76  50 334  72 327 342 351
 105  88  36 333 243
 385 204   2  90
  31 234 247  20 195
 360  85 330 380
 386  69 104  18 245 314
 210 102  72 111 179 319
  96 332 104 248 314
 287 280 317 149 228 252 270 286 333 359
 297 182 363  28 245
 287  93 268 149 370
 358 357 233  23
 389 176 167 166
 308 381 235 302
 120 257  30 205
 330 180 173  32   4 193 350 362
 212 189 106 105
 322 118   9 112 375
  92 187 326 369
  10 241 322   9  81 112 118 134 251 326 383
 287 255 159 356 147 268 286 325
  80 292 322  81  62  66 152 300
 100 156 310 309  60
   5  27 177  23  59 152 166 220 358
 331 336 103 206  82
 296 255  35  52  24 107 131 213 237
 287 255 268 280  18 137
 280 268 255 356 270 286
 193 209 180 362  41
 166  58  11 290 161
  58 118  11 292 166 186 289
 382 188 128 336 103 181
  66  10  58 290  80  81 281
  85  26  94 353   8  89  95 116 387
  19 371 343  43  49  68 119 155 211 372
 372  19 215 371  13  61 211 378
 255 285  63 123   7 368
 269 182 363  30 162 179 245
  56 377 223 305
 180 193 362 220
 362  47 281 376
 216 122  90   6 157 259 321
 381 155  39 341 235 273
 211 128 238 138
 130 128 163 132 227
  56 341 328 211  57 298 308
 350 217 193  14
 122   2 140 167 196 246 385
 328  56 141 305 273
  73 382 205 250 239 282 310 336
 282 156 100 309
 210 174  15 357 120
 347  54 259   0
 375 254 369 179  75
 154 267 265  98
 366 368 123 242 236
  35 114   3  38  79 107 237 338 368
 325 149 268 202 189 379
 124  38 253  28  70 248
  30 101 102 266  71
  31   0 184 361 229
 157 301  90 259  54
  81 279   9 112  80 277 281 375
  44  46  23 358  39  45  47 138 143 164
  92 175 207 194
 317 202 107 280 189
 279  10 241 383 187 278
  17 345 260 348 145 238
  43  56 305 308
 168 221 124   3  38  63 114 199 250
  94 275  26  32  16  67 191 234 264 349
 108 237 284 336 365
  96 267 104 146
 359  37  93 268  88 228 243 261
  76 260  50 344
 183   6 171 116  25 216 222 355 380
 284 331 291 309
 149 158 373  52  21  34 359
 382  29 316 239
 383  10  99 136
  93  37  36 147
 381 141 305  56  57 302
 344 210 260  15
  43 294  49 371 378
 260 160 357 210 256 334 342 351 377
  17 348 238 220  64 111 144 217 223 233 327
 199 231 248 168 137
 312 228  77 258  53
  64 345  17 238  62 111 170 233 327 357 364 384
  33  94 330 191   4  16 106
 194 193 173 275  55  92 306
 256 344 377 260
 144 145  82  12
 246 116 380 293  89  95 140 183
 121 127 213 147
 335  89 380   2
 117 253 255 182  52  73 131 224 280 287
  15  66 170 348 144 225 271 311 344 377
  23 283  44 323 138 271
 333 268 337 373 228
  85 176 140 122  90 264
   8 207  51  85   0  31 125 184 320 390
 193 180 299 275 288 300 376
 214  12 182 188  50  74 230 269 297
  62 348  14  64
  98 120 331 237
 315 123 242 368 135
 221   3 168 244  79
 315 107 316 296 213 236 237 242 366
 112 313 142 278
 270  18  93 242
  49 294  19  11  68 215 295 343 372
 295  19 294 371 119 211 215
 337  93 149 198  34 359
 230 130 132 221 200 386
 313 151 277 322  75
  39  47  86 362 300
 357 170 344  15 254 298 351
 215 295  45 343
 317 159 100 156 252
 353 171 140 335 113 264 355
 341 231 141 235  83 273 302
 309 291 188 239 236 338
 241 339 136 279  10 326
 170 186  27 348
 262 307 175   2
  48 132 104 374  87 265
  95 140 293   8 115 148 203 207
 240 195 212  96
 272 167 171 176 136
  51 125  55 361 150 258
 156   7  73 239
