 122 385 172 202 327
   6 110 259 144
 324 222  65  59 183 199
 313 151  72  14
 326  14 375 338 232
 257 126 376 357  17  29  61  62  74 130 181 182
 270 370 317 259   1  16 106
 330 121  75 124 282
 352 225 234 149
 322 251  99 383 112 136 274 292
 118 113 383 322  49  81
  29 126  61 376 266 342
 277 356 152 375  66  96 170 334 374
 130 376 158 336 294 369
 375 326   4 232   3  72 220 313 334
  34 239 219  27  35  55 187 197 203
  89 370  23   6 106 116 140
 356   5 364 348 210
 229 199 385  20  41  69 166 314
 329 238 260 287  36 303 343 389
 204  46 229 160  18  73 335
 144 194 359 226
 360 161 245 237 284
 131  49 260  58  16  89 252
 135  83 390  35  94 178
 116 319 123 298
 194 191 122 218
 239 164  15  34 203
  86 250 169 297 249 266 269 300 309
  61 126  74   5  11  48 266 269 342
 119  52 255 351 366
  37 192 209 272 289
 337 147  87 242
 141 267 308 195  95 189
  15 239 219  85  27 228 331
  24 135 197  15
 303 329  19 285 202 343
 209 109 272  31
 286 374 358 334  66 294 391
 229 199  59 341
 206 253  98 201 132 236 282 304
  69 216  54  18 264 284 314
 145 370 288 259  90 153 172 188
 141 193 308 373  56 265 372
 328 230  45 287  51 107 215 304
  44 328 206 128  51 304
  59 165 199 229  20 314
  64 118 142 339 151 170 387
 318  29 304 174 163 236
 220  58  64  10  23  89 185 260 270 302 371
 123 319 116 131
  44 287 286  45 127 248
 119 355 255 320  30
 336 198  74 182 128 205 206 281
 216  41 175  69 166 186
 219 311 228  15
 193 308 265  43
 159 272 344  79 162 180 200 307 320
  49 260 185 302  23 131 252 317
 199 324 221 341   2  39  46 165 229
 290  97 280  99
  29  74 126   5  11 266
 257 243 384   5 126 210
 101 368 202 285 100
 322  47 283 118  49  72 220 313 377
   2 183 199 267 125 150 340
 214 170  38  12  96 294 391
 212  77 301 333  78 117 268 310 379
 274 134 120 302
 385 363  18  41  54 186 226 262 314
  84 297 380 250 191 309 342 351
 119  77  78 379 275
 326  14  64 322   3 102 313
 204 335 381  20
  53 206 182   5  29  61 156 205
 228   7 282 121
 208 378 173 245
  78 379  67 212  71 111 114 275 301 390
  77 379  67 212  71 111 275
 162 159  57 180 224
 129 367 139 152  88 128 201
 113 118  10 136 120 386
 146 333 306 256
 390  24 178 355  94 114
 253 156 124 158  70 347 380
  34 228 219 239 176
  28 249 169 250 244 269
 242 168 354 349  32
 128 108  80 281 132
  16  23 131  49
 370 157  42 321 122 175
 308 258 222 193 359 388
 364 179 348 283 101 115 346
 225 242 231 315 105 133 168 196 221 324 341 354 372
 135  24 390  83
 382 353  33 308
  97  12  66 290 350
 290  60  99 136  96 210 350 365
 174  40 253 304 177
 290 112   9 136  60  97 207 241 254 280
  63 148 366 197 284
 115  92 332 271  63
 345 358 334  72 233
 307 200 344 159
 331 215 171 187 227
 240  93 225 168 208 237 296
   6 312 270  16
  44 287 232 230
 156 174 128  88 132
  37 209 161 272
 259 317 115 332   1
  77  78 301 379
  99 292 290   9 254 357
  81  10 118 383 136 179 279
 379  77  83 119
 332 364  92 283 101 110 317
  25 370 319  16  50 175 343
 261 255 379  67
 322  10 383 142  47  64  81 113 279 339
  52  71 306 178  30 114
 279 292 274  81  68
 330 124 282 156   7  75
 172 153 145  90   0  26
 223 298  50 319  25 148
 330 121 253  84   7 248
 353 246 382  65
 257   5 254  62  11  29  61 181 387
 325 158 171  51 148
  53 129 336  80  45  88 108 205
 152 217  80 336 128 278
  13 364 376   5 158 325
  23  58 303 329  50  89
 108 206  40  88 236
 231 315  93 196 273
 292 274 251 322  68 386
  24 311  35  94
  99  81   9 113  97
 149 316 209 212 261
 196 305 373 273
 278  80 336 152 294
 270 298 144  16
  43 193 308 267  33 195 340
 383 118 322 339  47 179 220 283 326 357
 321 186 216 188
 140 298 223  21   1
 153 172  42 370 122 202 218 288
  82 256 306 333 192 268
 337  32 341 381
 127 319 123 171 100 218
 137 209 352   8 154 234 261 316
 183 222  65 353
  47 332 313 339   3 387
 129 217 336  12  80 139 198 278 374
 145 172  42 122 188 288
 149 167 184 235 261
 238 375 232 334 346
 253  84 108  74 121 174 282
  90 370 259 298 175
  13  84 253 130 127 248 325 347
  57 162 344  79 103 200 272 307
 165 341 231 276  20 204 229 247 381
 272 355 390 180  22 109
 159 240  79  57 224
  48 269 318 236
  27 171 239 187 197 368
 160 341  59 168  46 247 381
  54 262  18 175
 263 299 184 225 154 235
 221  93 242 231  87 105 165 349 354
  86  28 250 249 244 269
 277  47  12 214  66 271 358 371
 164 187 127 215 104 148 203 211 295
 122 153 145  42   0
 362 293  76 305 213 264 323
 253 249 156 108  48  98 250 318 380
 116  54  90 157 166
 227  85 295 311
 219 330  98 236
  83  24 119 295 218 327 366
 142 348 113 283  92 271 332
 354  57 213  79 161 320
 257 384   5 126 241
 336  53  74   5 201 206 367
 222   2  65 150 246
 235 167 362 263 154 299 361
 302  58 371  49
 143 216  54  69
 295 171 164  15 104 197 368
 288  42 321 153 143
 245 195  33 296 190 226
 234 208 340 189
  26 194  70 294
 311 146  31 256 289
  43 265 308 305  56  91 141 291 373
  26 191 347  21 275
 360 267 245 141  33 189 299
 138  93 373 324 133 273
  15 239 187 164  35 100
  53 376 336 152 205
  59 229 262   2  18  39  46  65 363 385
 159 344  57 272 103
  40 182  80 206
 285  36 145 389   0  63 327
  27 171  15 215 211
  20 160 231  73 247 335
  53 128 198  74
  74  53 182  45  40 132 201
 280 290  99 274 210
 225  76 105 354 190 340
  37 352 149 316  31 109 137 212 234 272
 207  97  17  62
 233 325 171 203 343
  67 316 137 209  77  78 261 268 301 333
 378 360 180 173 320
 377 356 170 277  66 365
 104 331  44 171 203
  54  41 321 186 143
 152 336 281 129 230 374
 347 178 145 148  26
  34 239  15  85  55 177 228
  64  14  49 142 238 260 371
 324 168  93 231  59 276 372
 388   2 308 258  91 150 183
 123 271 298 332 144 347
 162  79 352 296
  93 315 240 105   8 167 208 354
  69 264 262 189  21 359
 176 295 104 327
  85  75  34 219  55
 199  59 276 160  18  20  39  46 335
  44 328 217 374 107 233
 341  93 242 221 133 160 168 204 273 324 337
 375  14 243   4 107 155 238 287
 102 230 286 345 211
   8 352 149 209 190
 362 184 293 167 154 291 361
  40 132  48 250 163 177
 296 105 245 360  22 355
 155 232  19 220 389
  34  15 219  27  85 164 197
 315 105 225 162
 181 386  99 384
  93 231 168 315  32  87 272 337
 384 338 375 277  62 232
 169  86 351 269 300
 360 267 237  76  22 189 195 296 340
 353 125 183 388
 160 344 204 165
 330 124  51 158
  86 174 250  28 169 297 318 380
 297  28  86 174  70 169 236 249 309 351
   9 383 292 322 134 386
 302  23 386  58
 174  84 156 124  40  98 158 330
 112 339  99 383 126
  52 366 320 316  30 117
  82 146 333 192 310
   5 126 181  62 387
 388  91 308 222 359
 298 110 370 317   1   6  42 157
  58 371  49 220  19  23 303
 137 149 212 154 117
 199 363 385  69 166 226 264
 167 184 265 315
 226  41 262 173 284
 193  43  56 373 263
  61  28  11  29
 245 141 195  33  65
 212 306 146  67 289
  86 169  28  29 163 244
 312 298  49 332   6 106 140
 332 369 170 179 101 223
  57 159 209 242  31  37 109 161 200
 373 196 231 133 138 323
 292 134   9 290  68 120 207
  71  78 194  77
 341 324 221 160 229
  12 170 283 338 214 243 286 346 356 364
 139 336 152 129
 292 118 113 120 312 350
 207 290  60  99
 217 336 384  53  88
 121 156  40   7  75 300 309
 322  64 142 377  92 115 179 277
 264  41 100  22
 389 202  36 303  63 327
 287  38 358 277  51 233 329 369
 286 374  44 232  19  51 107 369
 188  42 145 153
 311 192 268  31
  99 112 292  97  60  96 207 274 280 357
 305 293 193 235
 112   9 290 279 120 134 251 274 312
 362 378 173 305 235 291
 139  38  66  13 191 391
 187 368 331 171 176 178 227
 237 105 245 355 189 224
 250  28 249  70 342 351
 259 270 123 223  25 140 144 157
 167 195 360 184
  28 309 282 244
  67 212 379  77 111 310
 185  58  49  68 252
 329 131  19 260  36 285 389
 318  45  44  40  48  98
 193 308 138 293 173 291 323
  82 333 146 316 119 268
 344 159  57 103
 193 305  91 141  33  43  56  95 222 258 323 388
 282  28  70 250 300
 256  67 333 301
 192 135 289  55 176
 270 350 279 292 106
  14 322  64  72   3 151
  46  69  18  41
  93 240 225 242 133 263 352
 137 212 209 149 255 306 333 355
  58 332 110 115   6 259
  48 304 174 249 163
  50 123 148 116  25
 180  57 355 213  52 255
 143  90 216 188
 118   9 142 383  10  64  72 134 251 283 313 339 377
 305 173 273 308 361
 221  93 231 372   2  59 196 276
 130 127 158 328 211
  14   4 375 142  72
 202 285 178   0 227
  44 230  45 374 325
  19 303 286 131  36
 124 121   7 253 177 248
 104 215 368  34 295
 115 271 179 151 101 110 223 270 317
  82 306 212 316  67 146 256 310
 358 375  12  14  38 102 155 345
 204  73 229  20
  53 182 217 152  13 128 129 139 198 278 281 374 376
 341 231 354 242  32 147
 243 375 277 384   4
 383 142 118 322  47 151 254 357
 208 141  65 245 190 349
 231 160 354  93  39  59 147 165 276 337
  11  70 297  29
 116 211  36  19
 159  57 200 307 103 247
 102 358 334 377 233
  92 371 155 277
 218 223 158  84 194
 364 179  92 356  17
 168  87 354 340
 365  97  96 279 312
 380 297  70 250  30 244 366
   8 209 315 149 224 234
 246  95 125 382 150
 341  93 225 168  87 180 208 337 349
 316 296 161 237  52  83 320
 375  12 214 277  17 348 358 364 367 376
 142 339 290 112   5 365
 334 345 170 356  38 102 286 391
  91 258  21 226
 245 195 213 237  22 299
 323 184 235 362
 235 293 173 184 361 378
 385 199  69 262
 348  92 356 277  17 115 130
 214 350  97 357
 255 178  30 351 100
  80 182 356 375
 331 295 187 164  63
 286 287  13 271
  90 259  42 157   6  16 116 145
 260 170 220  49 185 346
 324 221  43  93
 193 273 196  43 138 265
 152 217 336  12  38 230 287 328
  14 326 356 243   4  12 155 232 334 338 367
 198   5 336 356  11  13 130
 283 214 322  64 345
 213 293  76 362
  77  78  67 114  71 111 117 301
  84  70 249 174 351
 160 165 147  73
  95 353 385 125
 339 118 142   9  10 113 251 254 322
 243 338 281 181  62 241
 363  69 199 262   0  18 382
 241  81 251 134 252
 151 257  47 126
 258 222 308  91 246
 285 303  19 238 202
  83 161  24  77  94
  38 358 294  66
