 183 324 309 247 145 355
 291 100 382 188  37 261
 107 190  79  77 138
 237 171  96 347 278
 339   9 180 243
 170 197 359 327
 268 144 228 208  36  61 122 130 164
 303 257  99 104
 197 352 372 299
 243  53 136   4 180 339
 334  91 375 120
 109 212 257 303  80 145 267 313
 345 329 223  27  17
 383 279  72 322
 288 283 348  64  81
 323 127 356 391
  19 228 302 389
  12 329 347 226  83 171
 148 175 385  20 146
  16 374 185 371 135 336 342 389
 204 222  18 273
 358 261 299 147  23 256 372
 138  33  39 165  51
 252  21 359 140 106
 178 211  69  89  65 105 286
 321 229 152 273
 105 238 137  65
 345 203  12 300 241
 244  29 126 128 141 193 320
 126 244 128  28  70  71 265 296
  52 316 108 318  97
 179 116 229 218
 263 169  98  79
 197  46 237 123  22 276
 176 369 310 293  58  82 131 358
 318 271 316 233  42  68 171 264 277
 268 350   6 381
 226 291   1 188 166 319 333
  39 152 344 307
 246  38 221 341  22  41 366
 254 322 156 323
 335 295 305  39
 266  35  68 233  83
 168 367 106  49 276 341 366
 286 373 346 374
 206 328  47 105 370
  57 237  33 256 219
 338 158 206  89  45  94 129 231 328 340 370
 174 169 263 250  62  98 128 289 368
  43 276 366 341
 114 327 220  76  91 155
 165  76  22 327
  30 139 210 263 111
 243 198   9 363
 255 259 377  85 282 290
 284  78 123  77 246
 310 112 191 380 306
 287 237 345 358  46  58  82 256
  57 131  34 269
 168 199 355 344 346
  89 178 280 317
  90 389 137   6 275
 250  79 174  48 343
 101 149 169  79  77  78 250 263 354
 283 205 348 390  14 177
 172 224 189  24  26 137
 292 383  72 182 136 375
  81 181 288 232 118 275
  35 103  42 264
  85 178  24  89  75 230 350
  29  84 126 253
 265 296 297  29
 227 110 223 322  13  66 251 266 356 383
 210 182 227 176
  75 200 158 258 125
 374 238  69 260  74 105 371
 327 329 114 376  50  51 165 220 363
  78 284 149  63   2  55 107 124
  77 284 149  63  55 107
 101 250  63 149   2  32  62 107 132 169 190
  11 303 267 313 173
  67 232 207  14
  34 358 345  57 256 349 384
  17 171  42 343 278
 253  70 297 186 199 324
  69 377 311 185  54  92 228
 386 141 257 109 133
 160 258 211 153 105 238
 323 154 156 293 201 313
  60 178  24  69  47  94 143 231 301 317
 270 255 259  95  61 130 157 262
  50 252 155 246  10
 377 116  85  95 230 365
 161 295 365 337
 206  47 260  89 370
 259 160  92  90 161 295 365
  98 368 331 289   3 119 387
 271  30 108 316 181 239
 368 112  48 169  32  96
 199 113 314 360   7 353
 382   1 291 149 123 219
  63 149  79 250 263 326
 373 312 288 238
 264 213 271 304  68
 212 346 168 277   7 181
  75  24 178  87  26  45 232 371
  43 124 367  23 196
   2  78  77  79 138
 318 316 162 304  30  97 117 151 330 331
 388 141  11 257  86 247
 227 357 300 210  72 139 182 223 292 379
 166 333 139  52
 154 310  56 368  98 167 191 241 380
 215 183 179 199  99
 209 217 252 372  50  76 140 214 334
 120 325 187 274
 262  92 208 255  31 161 216 270 332
 108 331 202 318 119
 142  67 275 173
 331 202  96 117 278 313 387
 140 274 187 252  10 115
 289 264 378 304 385 387 388
   6 195 144 389 164
 284 100 226 299  33  55 246 352
 330 106 364  77
 275 301 177  74
  29 163 244 132  28  70 128 265 272
 391 356 227 369  15 266 390
  29 244 126  48  28 249 265 320 385 388
 230 338 350  47 180
  90 157 295   6
  34 154 293 167  58 362
 250 126  79 163 174 190 221 249 296 354
 386  86 193 249
 334 217 358 223
 281 185 312  19 342
 198   9 266  66 234
 185 259  65 258  26  61
 107  22   2 294
 210 110 225  52 111 319
 252 114 299 120  23 187 274 334 359
 320 109 388  28  86 247
 292 383 375 182 118
 200 240  89 184 361
 240 377 189 332   6 122 200 268 280 282
 267   0 212  11
 362 167  18 256 325
 306 382 269 291  21
 175 193 186  18 385 386
 101  63 382 100  77  78  79 284
 229 216 321 273
 285 213 108 304 177
 199  25 344 321  38 215 353
 172 160 258  87 194 232 245 314
 293 203 112 176  88 131 241 323
 276 214  50 363  91
 323 203 293 322  40  88 233
  90 270 255 216 130
  47 338 206 231  74 173 180 298 328
 184 212 360 309
  87 211 153 172  95 194 245 307
 245  95 116 295  93
 188 261 318 169 108
 354 126 132 174 364 378
 122 321 286   6
 327 333  76 166  22  51
 333  37 319 376 111 165
 380 112 310 191 131 146 236 362 384
 220  43  59 367 104 239
  63 269  48  79  32  98 162 263 285 368
 376 358   5 329
  35 347 316  17   3  83 239
 153 211 224 258  65 160 194 208 245
  80 158 317 361 118
  48 304 163 132  62 289 331 343
 148 193 294 186  18 222
 310 300  34 293  73 154 242 315
 205 366  64 151 125
 211  89  69  24  60 105 200
 351 218 184 192  31 113
 158 129   4   9 339
  67 104  97 283
 110 227 210 300  66  73 142 292
   0 184 113 309
 351 360 179 224 143 159 183 192 218 235 298 309
 311  85 281  19 135 137 228 389
 193 148 253 175  84 215 297
 252 299 140 246 115 120
 291 261 162   1  37 269
 377 259 144 282  65 240 262 290
 249 244  79 132   2 364
 310  56 112 380 167 306
 235 216 184 224 179
 148 175 186  28 133 222 294
 258 153 160 172 307
 351 308 381 200 122 324 335 344
 277 106 264 331
 359  33   8 252   5
 136  53 356 266 234 243 279
 324  99  84 152  59 113 353
 280 178 211 144  74 143 195 286 381
 313  88 370 385
 203 233 368 293 117 119
 293 154 357  27 156 202 233 322
  20 222 294 273
  64 348 391 356 177
  47 158  94  45 361 370
 238  81 350 288
 332 224 116 172   6 286
 369 114 372 315 217 225
 379 110 300 357  52  73 139 182 225 242 315
 178 172 160 258  24  87 200
  11 346 104 159 145
 304 318 316 378 103 151 221 248 271 277 285 330
 243 217 383 114 155 375
 113 152 229 186
 229 192 116 150 157
 114 334 209 372 134 214
 179 351 360 184  31
  46 100 376 382
 168 327 283  76  50 341 367
 132 213 250 248  39
  20 204 175 193 294 321
 345  12 110 369  72 134 251 287
 332 208 172 280  65 184 192 235
 139 210 376 209 341
 347 329 237  37  17 123 352
 110 357 369 127  72  73 182 322 329 349 391
  85  16 259 185   6 337
 216 150 321  25  31 215 273
  69 377  92 338 129 235
 158  47 314  89 301
 314 105 153 258  67  81 346
 202 203 293 156  35  42 236
 279 136 198 278
 192 184 224 230
 266 233 167 362
 226  57 347 261   3  33  46
  75 260 312  87  26 102 207
 168 346  97 171
 144 282 189 377 143
  27 300 154 112
 300 210 254 176 292
  53 214   9 198   4
  29  28 126 128 190 249 265 294 297 320
 161 160 153 172 305 353
  39 187  55 123  91
 109 141 388 257   0
 277 213 221 318
 190 244 132 128 133
 132  79 101  63  48  62 221
  72 283 223 279
 140 114 197 359  23  91 120 187 334
 297  84 186  70
 322 357 242 369  40 349
  54 270  90 116 157
  21  46  82  57 146
 109  11 247  86   7 303 386
 211 153 172  87  74 137 194 232 301 314
  95 189  54  90 137 228 389
 312 374  75 340  94 238 373
 188 291 162   1  21 237
 116 270 189  90
  63 169  48 101  32  52 296
 121  35 304 271  68 103 196 272 277
  29 244 126 128  71
 356 127 391  72  42 136 198 236 363
 361 303 145  11  80
   6  36 350 144
 169 291 188 382  58 147 306
  90 255 262 116 157 290 295
 316 304 318 213  35  97 103 264
 320 264 343 126
 229  20 204  25 150 335
 120 140 358 384 115
 118  61 125  67
  49 155  43  33
 248 264  35 213 104 196
  83 234   3 119
  13 356 322 198 234 251
 200 224 144  60 309
 311 185 336 302 135 337 342
 189  54 377 144 240 290
  64 390 348 220  14 181 251
  78 382 149  77  55 123
 213 169 304 318 151 343
 200 308  24 208  44 164
 223 369 345  57
  14 102  67 207
 378  48 174 304  96 121 387
 270  54 282 189
   1 382 188 100  37 147 261 269 326
 182  66 110 242 142
 203 154 357 176  34  88 131 156 202 233 323
 175 222 244 193 138 204
 161  93  95 270  41 130 305
 263  29 132 378  71 364
 253 244  84 186  71
 317 158 328 184
 315 358  21 123   8 140 187
 176 110 357 210  27 182 241 242 379
 314 258  89 231 125
 374 336 311  16 281 337
  11  80 267 257   7
 213 271 316 174 103 108 121 151 264 285 289 318 331 343 378
 295  41 353 245
 147 191 269  56
 194  38 344 160
 195 381 344 286
 360   0 280 184 159 183
 176  56 191 112  34 167 380 384
 281 185  85 302 337 374
 260 238 374 340 102 135 342 373
  88 119  11  80 201
 258 301 153 231  99 232
 210 358 176 299 209 372
 318 271 304 213  30  35  97 108 171 330
 298  60 328  89 173
 316 213 304 108  30  35 117 162 248 271 285
 333  37 139 352 166
 141 128  28 244 272
 150  25 229 222 152 164
 254 227 156 203  13  40  72 279
  15 156 154 293  40  88
 199   0  84 195 355
 362 334 115 146
 291 101 333 382
 376  76 165 220   5  50  51 367
 338 158  47 298  45 317 339
  12 227 345 226  17  76 170 347 349 352
 213 378 316 108 124
 108 304 174 117  96 119 196
 208 224 144 116
 166 319  37 376 111 165 326
 217 114 140 252  10 134 325
 351 273  41 195
 281 302 374  19
 302 228 311 281  93 365
  47 328 158 374 129 230 340
   4   9 180 328
 260 338 312  47
 225  43 220 366  39  49
 135 281 312  19
 285 304 174  62  83 272
 308 381 195 152  38  59 307
  27 358  12 223  57  82 287 329
 212 104  59 232  44 239
 226 237 329 352   3  17 171
  64 283 363 391  14 205
 227 329 254  82
 268  36  69 374 129 207 373
 184 195 360 179 218 335
 329 226 369 123   8 319 347
 152 199  99 245 305
 163 132 364  63
 361  59 324   0
 391 127  15  72 198 205 266 279 363 390
 110 293 300 227 203 210 254 369 379
 345  34 315  82  21  57 134 170 274 299
 197 252 140 372   5  23
 184 351 309 218  99 159
 267 355 143 206 173
 167 236 131 384 146 325
  76 348 356 266  53 155
 354 163 190 296 124
  92 377  95 337  93
 341  49  43  39 177
  43 168 220 327 106
  98 112  48 169  96 202
 357  34 227 223 127 209 254 287 352 391
  94 206  47  45 201
  19 374 105  75
 209 315 114  21   8 217 359
 102 312 350 260  44
  19  75 302 311  44 260 312 336 338 350 371
 383  66 214 142  10
 333 327 225 170  76 166 219
  92 189  85 144  54 230 240 282 365
 304 289 163 213 121 296 330
 210 300 357 110
 167 112 310 191  56 384
 195 200 308 344  36
 291 100 149   1 147 219 269 284 326
 375  66  72 214  13 142
 167  82 380 310 274 362
  18 128 121 148 201
  86 133 257 148
 121  96 289 119
 109 121 141 128 247
 259  16 185  19  61 122
 127 283 356 391  64
 356 127 369 227  15 205 266 348 390
