 335  89 216 185 142
  74  91 261  85  55 190 221 281
 175 178 315 268 137
 244 250 209 174  45 158 191 228
 113 301 169 147
  14 182 357 130
  93  37 293 295  44 345
  30  17 123 346
 371 353  25 167  96 267
 277  92 305 339  11  23 142
 372 136 118 380  80 297 313 322 351
 309 339  23   9  42 217
 169 113 283 383 363 387
 138 175 347 370
   5 223 182 202 348
 122  90 154  54 173 252 295 358
  25 116 353 167  68 155 180 216
 230 197 249 119   7 210
 385 349 330 114 189
 180  25 353  93  83 214 223 256 379
 204 203  31  22  94 161
 373  88  96  26
  20  94 204 203  88 284
 339 309   9 279  11
 208  90 321 122
 353 167  16  19   8  68  93 180 213
 101  89 362 303  21
 238 386 158  47 364
 126 130 253  29 272 310 384
 253 250 113 244  28  48 130
 123  66 230 340   7
 204 160  90 122  20 186 211
 334 387 391 266 325
 291 108  45 294  53 170
 222 127 311 323  46  63 245 299 329 388
 212 382 275 377 100 109 125 307 368
 388  46 218 369
 259   6 370 247 165 202 345
 350 272 325  97
 199 148 154 161  59 288 323 329 358
 265 331  78 156  77
 377 212 366 368 104
 142  11 202 339
 208 157 247 389 143 155
   6  93 293 213 223 246 376
 249  33 250   3
 388 218  34 222  36 227 274 298
  66 230 119 238  27 159 209 237 265 386
 132 113 169  29 318
  83 371 270 214
 120 146 260 274
 197  60 219 198
 285  78  77 361 179
 384  33 357 170
 122 157 247  90  15 152 194 204 232 259 262 314
  85 320  74   1
 314 349 185 194
 361 255 366 328 285 302
 288 344 323 358  72
 329 199  39 203
  75 230  66 119  51 105 207 289
 334  73 310  92 121 182 272
 237 304 196 156
 218 110 188  34
 201 367 170 280 271
  95 274 360 229
 230  47 291 300  30  60  75 159
 102  73  92 151 144 183 325
 167  16  25 116 155
 361 280 317 367 179
 236 292 253 169
 115 378 346 255
 357 273  58 246
 334 310 102  61  67 387
   1  85 275  91  55 104 263
  66  60 230 300 205 207 289
 259 202 345 165
  78 248 317  40  52 144
  77 248 317 163  40  52 144
 284 127 268 200
 339  10 118 313
 380 333 136 372 128 181 301
 219 263 328 320 243
  49  93  19 353 256 270 371
 375 169 292 301
  74 224 320   1  55 221 234 352
 330 114 360 349
 200 287 308 343 137 145 178 324
  22 262 347  94  21
 335   0 142  26
 122  54  31 157  15  24 138 154 173 252
 359   1 117 378  74 107 115 190 275 281 316
   9 277 254 270  61  67
  25 353  19   6  44  83 165 202 256
 186  22  20 204  88 175 284
 360  65 330 222
   8 362 231 267  21
 207 198 280 170  38
 301 236 177 147
 118 251 383 375 112 129 279 292 309 322 391
 109 382 212  35 124 260 307
 107 316 327 135  26
  73  67 290 334
 172 153 255 124 285 302
 224  74  41 368 153 226 234
 209 265  60 289 276
 341 381 332 200
 327 359 354  91 101 303
 132 250 356 304  33 280 318
 100 382 212  35 124 260
 168  63 162 200 145 227
 242 112 375 290
 375 322 372  99 111 305
 169   4 132 356  12  29  48 236
 349 222  18 330  86 229
 117 378 261  91  71 255 282 342
  16 167 353  68 355
 123 133 378 115  91 139 289 359
  99 136  10 375  80 242 313 351
 238 300 177  47  17  60 201 207 241 249 294
 146 274 303  50 176
 256  61 166 365 217 350
  54  90 157 247  15  24  31 173 208 252 293 295 321 370
 340  30 117 230   7 133 139 197 354
 109 103 308 100
 315 212 368  35 176
  28 130 253 292 310 384
  34 203 211 343  79 284
 380  81 333 301 147 174 181 206 280 283 356
  99 292 391 309
 126  28  29 253   5
 344 235 187 337 188 234 369
 356 108 269 206  48 113 163 318 367
 117 123 354 340 239 289 346 359
 251 383 266 279
 215 258 313 207 101
  81 118  10 372 297 313
 312  87   2 212
 306  90 311 332  13
 296 117 378 123 327 338 359
 261 197 282 149 198 205 219
 343 229 222 193
  89   9  42   0
 262  43 247 208 240
  77  78  67 248
 162 110 287  87
 120  50 303 176
 181 177 128   4  98
 358  39 199 330 189
 320 328 261 140 220 281 342
 275 296 378 346
 266 322 254 290  67
 232 314  54 240
 172 104 377 382 103 226
 323  15  90 160  39 332
 167  68  16  43
 159 196 237 361  40  62 331
  54 122 247 208  43  90 173 203 355 370 389
 209 191   3 237  27 228
 304 156  66  47 196 280 317
  31 204 332 154 252 323
 199  39 232  20
 110 168 287 145
 206 132 356 257  78
 306 235 225 200 233
 353 345  93  37  76
 365 214 379 371 121 183
  25  16  68 353   8 116 155 213
 110 188 222 388 162 193 227
 113 301 292 236   4  12  48  70  84 257
 249  33 280 326  53  64  97 271
 315 188 287 175
 153 103 328 255 226
  15 122 157  90 288 332
 269 326 128 380   3 280 317 367
   2  94 268 315  13 171
 274 120 125 146
 119 181 238 147  98 201 241 249 258
 286   2 287  87 373 390
  52  69 285 361 273
 353  19  25  16 214
 380 177  81 128 147 265
   5  61  14 273 348
  67 246 166 278 325
 377 346 275 378 255 366
 216 194 262 240   0  56 347
  31  94 204 208 268
 235 131 337 225 226 306
 218 287 131  63 168 171 233 311 337
 314 148  18 323
 346 378   1  91
 209   3 158 317 228 265
 306 235 225 287
 343 385 306 168 141 324
 247 204 321  54  56 185
 384 252 243 281
 237 156 340 159  62
  17 230 140 123  51 198
 140 197 205 261  51  97 219
  39 161 148 204  59 299 330
 381 341 343  87  79 106 110 164 225 298
 294 249 119 177  64 271
 345  37  93  76  14  42 217
 204  20 157  22  59 127 329
  20  31  54 203  22  94 160 186 194 199 385
 282 140 300  75 198
 269 132 380 128 163
  75 289 119  60  97 135
  43 157 247 122  24 143 186 321
  47   3 230 191 105 158 228 265
 271 241 249  17
 341  31 268 381 127 286 299 343
  35  41 382 377 100 109 125 137 366
  44 167 223  25 246
 223  19 180 270  49 166 365
 258 135 336 359
 262 185  16 240   0 347
 202  11 121 256
  46 388  63 188  36 274 315
  82 140 261 198  51
 149 291 328 367
 316   1  85 338
 360 385 114 229  34  46  95 141 168 284 299 388
 214 379  44  19  14 213 365
 368  85 352 377 104 263
 235 337 200 164 187 192 308 324
 153 172 187 104
 168 110 388  46
 158 191   3 209
 222 349 360 114  65 141 335
  66 291  47  17  30  60  75 123 197 209
 277 362  96 267 335
 152 314  54 161
 298 164 188 299
 243  85 104 131
 337 225 131 344 164 187 192 287 298 306 369
  70 253 169 113  98
 196 317 304  47  62 156 158 331 354
 119 241 300 177  27  47 258 386
 354 319 340 133 276 303
 216 143 185 262 152 347
 238 119 300 177 210
 375 313 118 372 111
 263 281  82 234 195
   3 269 250 326  29
 311 385  34 344
 264  44 213 389  72 183 273
  54 122 321 157  37  43 143 194 208 259
  77  78 317 380 144
  17 119 177 294  45 170 201 210
  29 244 108   3  45 318 367
 134 383  99 279 266 290
 160  15  90 122 195
  29 236  70 292  28 126 130
 151 290 305 266  92 277
 328 366 184 115  57  71 103 172
  19  93  83 379 121 217
 163 290 301 169
 336 300 177 238 135 215
  37 247  54 370  76
  50 100 109 303 348
 320 140 378   1 115 149 198 219 282 328 346
 216 143 370  54  88 185 240
  82 224  74 243
 246 278 268 308
  47 209 181 191  40 105
 383 279 151 251  32 134 254 305 334
 376 270  96   8 231 362
 211 341 186 343   2  79 175 264 286
 380 174 244 132 206 304 317 326 363
 214 371  83 353  49  92 267 376
 210  64 170 201
  38  61 310  28
 278  72 246 179 182 325
  65 120 218  46  50 176
 296 150  35  91  74 184 327 338
 239 105 303 319
   9  92 254 305 231
 264 273 183 285
 251  99 383 266  23 134 305 309 339 391
 128 159 174 108  64  69  97 170
 243   1  91 149 195 342
 205 140 115 261
 333 128 356 301  12
 222  94 127  22  79
  52 302  57 103 179 278
 178 268 343 211 373
 188  87 315 235 145 162 171 178 192
  39 173 323 358  58
  75 133 117  60 105 207
 383 251 257 151 102 111 254
 230  66 294  33 220 361
 169  70  99 253  84 126 129
 321 295 122   6  44
 304 201 291 119  33 249
 293 321 122  15   6
 275 139 150 346 327 338
 326  10 136 380
 235 233  46 200 369
 222 199 211  34 233
 119 238  66 241  75 205 258 336 386
 380   4 128  81  84  98 169 257 283 351 375
 285 103 318  57
 327 120 107 239  26 146 260 276
 159 294 237 269  62 108 386
 279 266 112 254   9 277
 164 235 187 192 138 193
 312 338  35 100
  87 225 377 366 124 264 324 374 390
 391 279 129  99  11  23
  73  28 126  61 272
 245  34 188 344 138
 137 319 390 366 307 374
 136 118  10 242  80 135
 232 152  56  54 189
 287 125 171 218   2 175
 221 338  91 359 101
 237 159 174 269  69  77  78 191 248
 108  48 132 250 302
 354 364 239 327 276 312
 261 149 328 378  55  82  85 342
 247 122 293 208  24 194 295
 112 372  10  99 151 363
 154 332 160  39  34  58 189 288 358
  87 193 308 225
  67  32 183 273  38
 174 269 380 244 170 297 333
 107 296 139 275 101 303 319
 149 320 261 378  57  82 172 220 255 352
  59 203  34  39
 199  95 349 360  18  86 114 148
 156 354  40 237 364
 323 160 154 173 106 138 344
  81 380 128 326 283
  73  61 391 266  32 102 387
  89   0 229 231
 258 300 386 359 215
 235 131 225 188 187
 139 275 296 316 221 307
 279   9  23  80  11  42
 123 133  30 354 196 239
 381 106 211 343 200 268
 281 149 320 115
 381 341 211 200  87 127 141 193 268 286
 131 235 311 332  58 245 369
 202 165  37   6  76
 378 133 296 261   7  71 150 184 190
  88 240 185 216  13
 363 260  14 182
  18 114 385 330  56  86 229
 121 371 365  38
 118 380  10 301
 224 328  85 368
  25 180  16  19   8  83  93 116 165 167 270 376
 133 340 123 237 107 239 319 331 364
 389 370 116 157
 132 108 128 113 163 283
  72 384  53   5
 148  39 323  15  58 288
  91 117 133 139 107 215 316 336
  95 222 330 229  65  86
 156 367  69 291  52  57 179
 231  96  26 267
  12 348 269 322
 354 319  27 331
 166 379 214 223 121 350
 377  41 184 212  57 255 308 312 374
 361 174 132 250  64  69 220
 224  35  41 382 104 125 352
 131 344 298 235  36
 389 157 122 355  13  37 259 262
   8  49 270  83 166 350
  81  10 136 380 112 242 322
 178  21 390 286
 308 312 390 366
  99 118 112 301  84 111 242
 267 353  44 270
  41 366 212 382  35 153 184 224 308
 346 261 117 115  71  91 139 150 184 190 320 328
 365 223  19 166 256
 181 128  81 269  10 174 206 248 297 301 326 333 351 372
 341 343 200 106 211
 212  35 377 368 100 109 153
 251  99 266 391  12 134 279 290
  53 357  28 126 195
  18 349 222 204 193 245
  47 304 300 238  27 336
 334 391  12  73  32
  46 218  34 222  36 168 227
 370 355  43 157 246
 312 308 373 178 374
 383 279 309  99  32 129 334 387
