 301 229  26 183
 173 261 366 125 193
 262 196 264 140
 367 130 304 124
 328 232 242 294 347
 223  64  14 177 273
  22 242  89  46 192
 236 299  21 241  91 359
 353 263 150  33 226 246 299 323
 322 292 339 383  10  72  80 128 254 279 290 313
 383   9 339 322 345
 121 300 235 365 265
  73  64 348 152  92 170 233 379 391
 302 106 276 372
 283 326  64 238   5  55 220 243 272 336 387
 197 127 203  34 147 159 200 277 329
 349 276 321  31  77  78  85  94 106 119 212 228 302
 348 177  64  73  92 156 210 282
 370 332  93 312
 155  49 231 371 232 242 343
 247 216 229 286 204
 167 144 351 154   7 149
 172   6  46 153 378 380
  44 358 328 115
 289 199  69 332 160 225
 116 335 157  54  45 148 270
  67 361 390   0 105 191 209 261 301
 283 364 348 220
 126  29 269 117  84 169 244 266 342
  98  28 169 126  84 244 249
 111 224 100 188  66 269 296 363 369
 349 150 321 157  16  54  93 195 264 330 355
  57 288 368  55  42 272 273
 353 388   8 226  43 189 222 305 308 323
 147 127  15 197 186
  38 131 252 230
 103  57  89 381 113 164 187 314 378
 119 228 189 315 316
 374 160 230  35  87
 202 346 161 317  87
  60 280  74 128
  46  83 172 202
 327 288  32 268  59 324
 323 353  33 305 138 308
  23 243 220  47 115 192
  25 116 335 270 204
 172 390 109 242   6  22  41 380
 338 381 155  44 192
 132 124 174 114  70 318
  68 343 371  19 218 286
  76 101 260 239  63  73 133 284 363
 259 390 171 242 115 320
 179 182 257 214 245 337
 211  77 270  78  61 347
  31 157  93 370  25  96 107 116 248 312
 272  32  14 103
 258  91 193 305 265
 178 123 110  32  36 164 368 378
 131 287 203 303 187 200
  42 327 202 364
 201  40  97 241  88
 365 121 270  53
 233 206 217 345
  76 284  50 101 165
 348 283  17 238   5  12  14 102 152 278 336 391
 355 185 349  85
 159  73  30 198
  26 390 361 105 191 209 261
  49 371 218 343 139
 289  24 174 318
 132 250 124  48 149
 111 223 145 369 103 110 278
   9 128 345 233  74
  12  50  17 348  66 156 170 210 282 379
 280 205 128  72  40
 129 241 121 270  99 365
  50 101 100 188  63 133 190 239 284 363
  78 276  16 349  53 302
  77 276  16 349  53 264 302 330
 368 227 340 331
 339 375   9 292 254 322
 142 251 319 118 113 134 198
 299 256 353 323
  89 161 303 368  41 202 316 341
 126  29 205  28
 321  94  16 116  65 122
 125 273 275 249
 160  38 332  39
 201  60 207 217
 303  36 155 381   6  83
 259 247 171 143 175
 359 258  56   7
 283  12 348  17 136 206
  54 370  31  96  18 196 199 262 267
  85  16 321 216 320
 305 293 138 222 258
 226 256  93  54 107 267 312 372
 350 241 201 236  60
 386 314  29 325 249
 129  75 347 270
 101 223  76 296  30 190 291 306 382
  76  50 190 100  63 133 363
 274 152 170  64 120
  71 145 110 127  36  55 176 178 187 331
 371 285 295 155
  67 109 390  26
 372  16 349 212  13
 130 211  54  96 114 270
 318 253 146 219 250
  46 390 105 242
 137 223  71 188  57 103 123 145 360
  30  71 369 223 224 237 360
 279 292 134 118 281
  81 123  36 298
  48 132 107 163 304
  23 175  51  44
  25 157 321  54  45  85 135 148 264 370
 269 363  28 126
 142 134 326  81 112 251 322 375
 228 302  16  37 294
 274 210 102 151
  75  61 365 144  11 300
  85 370 213 321 229 307
 238 319 239 110  57 113 298
 132  48 174 367   3  70 158 250
 173 288 268   1  86 333
  28 182  29 117  84 205 297
 319 238 260  15  34 103 147 178 277
 181  72   9  74  40 280
 270  75  99 241
 107 211 367 304   3 248
  58 287 303 147  35 354
 163 124  48 154  70 114 158
  76  50 101 296
 251 326 118  81 112 136 142
 148 116 286 370 215
 251 134  92 279
 110 188 376 296 340 360
  95 293 305  43
  68 247 384 271 380
 335 183 216 157   2 204 307
 193 333 291 288 352
 118  81 134 319 198
  90 259 346 295 320 354
 255 241 121  21 359
  71 382 110 103 268 284 306
 318 253 174 108
  34 127 238  15 131 272 298
 135  25 370 116
  70 388  21 250
  31 330 349   8 184 195 222 263 388
 375 274 313 356 120 377
 336 102  64 243  12 274 281
 172 176 268  22 192
 256 163 263 226  21 132 166 167 351
  19 232 161  89  47 104 231
 282  17 177  73 266 310 379
 335  31 216  54  25 116 140 213 262 321 370
 174 132 257 124 311 373
  15  66 363 329
 374  38  24 332  87 289
 303 231 155  83  39 202 346
 221 285 168 331 245
 256 132 154 226 114
 381 368  36  57 325 341
 329  63 285 391
 263 167 256 154 241 299
 263 166 154 256  21 235
 221 329 386 162 245
 269 244  29  28
 102 260  12  73 186
  90 229 247 259  51 242
  22  46 153 185  41 218
   1 288 193 125 180 366
 158 318  48 124  69 146 257
  90 364 115 324 385
 268 153 227 103
  17 348 283 223   5 156 306
 197  57 127 103 378
  52 182 214 357
 306 173 193 366
 128 383 339 217 207
 357 253  52 126 179 219
 140   0 301 307 389
 263 330 235 150
 295 172  65 218 346
  34 271 170 197 354 384
  58 103 327  36 271 324
 296  76  30 382 110 137 224 227 237 284 340 376
 308 276 349  33  37 208 225 234
 101 100  76 296 306
 361  26 301  67
  44   6 153  47
 141 173 288   1  56 180 333
 209 350 361 258
 349 212 150  31 235 240 388
   2 262 267  93 373
  15 178 277  34 186
  81 142 281 369  66
  93  24 208 332 225 248 267
 285  58 331  15 341 354
  60  97  88 241
 161 317 231  83  39  41  59
 287 238  15  58 338
 307  20  45 140
  74 280 266 126  84 250 297 309
 233 279  92  62
 181 387  88 220 389
 225 199 189 267
  26  67 194 390
 120  73  17 322
 107 130 367 270  53 294 332
 195 349  16 276 106 228 240
 122 370 262 157
 357 334 179 230  52 337 344
 343 371 289 135
 157 335 321 229  20  94 140 301
 181 220 345  62  88
  68 185  49 172 380
 253 344 182 108 311
 345 243  14 336  27  44 207 217
 168 162 329 285 245
 353 150  33 246  95
  71 100 111   5 110 177
  30 188 296 111 269 291 310
 208 199 189  24 316
 256  33 263   8  96 154 163 246 267 312 388
 340 331 188 237  79 176
 119 212  16 302  37
 216 259   0 122  20 171 307
 334 377 356 344  35  38 214 374
 161  19 155 343 202 295 317
 155  19   4 242
 345  12  62 206  72
 308 293 315 189
 184 263 167 195  11
 299  97 350   7 300
 111 376 188 296 227 360
 283 319 127 123  14  64 147 203 243 260
  50 123  76 283
 195 212 349 355
  97  75 129 166   7  60 144 201
   6 247  19 171   4  46  51 109 232
  14 345 152 238  44 220 298 338
 169  29  28 269
  52 168 221 162
 263   8 353 226 222 373
 259  90 242 171  20 139 286
 332 130 199  54
 386  29  98 252  86
 309 205 108 124  70 149 342
 134  81 326 118 136
 277 329 386 375  35 249
 182 257 108 219 146 297
 292 290   9  80
 144 337 359 344
 154 163 226  96  82 166 167 351
 253 174 158 311  52 297
  91  95 359 194  56
  90 229 247  51 143 171
  50 127 319 238 170 329
 361   1  26  67
 157  93 335 370   2 196 213
 167   8 150 154 166 184 226 235 246
 330  31  78 116   2
 342  56  11 359
 205  28 282 156 309
  93  96 199 226 196 208
 176 288 145 273  42 125 153
 169 224  30 117  28 244
 129 211  25 107  45  53  61  75  99 365
 186 187 303 277 139 385
  55  32 147  14 366 389
 376 275  32   5  86 268
 102 120 152 292 151
 273 360 366 387  86
 349  77  78  16  13 189 212 302 372
 197  15 127 375 252 271
 369 319  64  71
 112 292 383   9 136 206 281
  74 205  40 128
 198 279 112 152 379
 156 310  17  73 266
 348  64 238  14  27  92 177 239 391
  76 188  50 145  63 327 331 340
 331 221 329 200 104 162 165
 343 247 135  49  20 358
 203 338  58 131 314
  32  42 173 268 125 141 193 333
  24  69 332 160 215
 292 254   9 339
 310 382 224 100 141 352
 290   9 254 279  80 112 274 339
 308 321 353  95 138 234 315 362
 328 211   4 119
 346 185 371 231 104 143
 382 188 100  30 133 137 190 224 237 376
 257 205 253 126 342
 147 123 313 243 113
 236 330 166   8   7  82 350 362
 350 309 236 121  11
   0 216  26 183 191
  16 276  78  77  13 119 228
  58  89 131 161  83 271
 130 367 114   3 317
  43 353  95  33  56 138 373
 145 190 100 177 180
 229 204 122 140 183 385
  33 293  43 189 234 315 362
 250 300 205 266
 291 282 224 156
 257 158 337 219 344
  54 226 330  96  18 372
 375   9 322 151 298 377
 338  98 287  36 325
 362 234 293 308  37
 341  83  37 225
 202  39 304 231
 146 174  48 108  69
 127 369 238  81 123 142 260 278
  94 143 390  51
  31  85 157 349  16  94 116 122 216 293 335 355
   9 375  80 118  10 210 313
 353   8  43  33  82
  42 175 187 364 385 389
  98 314 164 368
 383 339 134 118  14 251 336 387
  42 368 284 331  59 187
   4 343 294 358  23 347
  15 221 159 260 165 168 252 285
 150  31 312  78 184 264 299 350
 284 285 227 103  79 162 200 327
 199  24 211 289  18  87 160 248
 141 125 193 288 352
 356 230 214 357
 157 216  25 321  45 140 262 355
 152  14  64 326 220
 255 311  52 214
 287 203 243 381  47 314
 383 326   9 292  10  80 181 290 387
 227 137 284 188  79 352
 164 200 381  83 316
 265 297 250  28
  49  19 328 286  68 215 231 358
 230 219 214 311 255
 220 243  10 383  62  72 217 233
 295 371 185 161  39 143
  99   4  53 328
  64 283  17  73  12  27  92 177 391
 276  31 195  16  65  77  78 106 150 189 212 240 321 355
  97 236 299 330 194 300
 154 256 388  21
 141 333 340 291
  33   8 323 222  43  82 246 293 305
 131 200 186 143
  31 349 321 335  65 240
 151 334 357 230 374 377 384
 182 214 356 334 179
  23 328 343 286
  91 258 144   7 255 265
 137 110 111 237 275 366
  26  67 261 191 194
 315 308 299 293
  76  50 101  30 117 159
  27 175 324  59
  61 121 270  75  11
 173 272 360   1 180 275
 130 211   3 304 124
 164  32 327  57  79  83 325
 319 111  30  71 198 278
  93  54 157 116  18 122 135 148 213 262
  49  19  68 295 104 215 346
 106  96 312 276  13
 246 196 158 305
  38 160 230 356
 322 313  80 118 151 252 277
 237 188 296 137 273
 313 151 230 356 384
 178  22  36  57
  12  73 281 156
  46 218 139  22
 164 338  36  47  89 341
 296 188 100 145 291
 339 326  10   9 181 279 345 387
 139 186 356 377
 307 271 175 324
  98 249 252 168
 339  14 326 383 207 275
  33 226 195 150 149 351
 324 272 183 207
  67  26  46  51 105 109 209 320
  64 348  12 283 165
