 154 122 101 286 105 110
 275 358  92 350
 273 246 124  90 106 295 306
 310 214  38 236 258 342
 282  66  81 113
  27   6 348 380
 164   5 391  25  41  58 352 380
 300 243 377  93 349
  57  58 122 321
 375 258 251  76 279 339
 290 134 251 375 120 219 252 274
 132 304 108  67
 329 266 245  64  16 143 255 363 376
 179  76 152 344 311
 283  59 373 223
  34  75 127 131
 143 329  12  83  53 157 170 246 273 276 358
  36 199  59 288 111
 259 385 216 116
 371 343 314 224
 222 204 262 315
 197 387 149 204
 217 157 130  49
 147 242 161 244
 298 296 110 303 105 154
 164 286  51 298   6  90 194
 214 315 365 146 148
 348   5 391  50 249 380
 232 250 253  47  45 169 184
 202 309 139 271 257
 109 296 378 360 211 257
 353 175 186 389 190 321
 104 261 291 257
 204 166 222 344 138
 171  15 272 226
 239  79 123 180  43 104 261
  17  59 220 199 384
 272 335 160 366  39  69 171 271
 310   3 214 166 197 305 337 342
 265 335  37 139
 292 198 196 282 191 333
   6 164 324 302
 145 202 260 288 181 185 309
  87 324  35 239 104 341
 287 207 121 276  82
 232 379  28 356 174
  51 348  50  59
 163 195 253 356  28 168 232
 128 250 112 350  62  88
 157 314 332 244  22  56 130 323
  59 220  46  95  27 327
  46  25 286 194  54  95 147 164 242
 213 183 264 139 103 141 190 226 388
 358  78  16 143  93 170
  90  95 175  51
 345 285 213 103
 291 323 379  49 307
 374 150 321 164   8 131
 352 164   6 369   8
 218 348 199 347  14  17  36  46  50  64 223 248 283 288 373
 377  96  78  77 201 209 234
 155 225 204 208 138
 275 263  48 350
 353 260 218 183 141 186 202 265 293
 223 347 329  59  12 233 376
 173 328 379 230
 282 113   4  81 125 383
 203 304 121 108  11 184
 369 352 391 168 324
 182  37 116 213 271 313
 210  84 316 126  89 231
 237 344 200 149 382
 357 246 124 263  93
 348 220 183 265
  81 121 282 207
 109 211 127 296  15
 214 176 372 152   9  13
  78 377 357  60
  77  96  60 377  53  88  94 357
 382 180 331  35 100 123 171 229 239
 158 231  98 257
 282 113  99 267   4  66  74 240 333
 287 207 121  44
 347 223 363 329  16 102 238
 316 297 126  70 210 244
 361 189 262 192
 330 380 249 271 158
  43 324 341 381 211
 112  48 128  78  94 300 318 386
 111 360 309  70
  54  25 175 164   2 295
 334 256 325 148 337
 301 112 243 350   1 244
  72 170  53 377   7
  96  78 203  88 207 294
  50 122 329  51  54
 377  60 243  78  94 209 217 234
 200 378 144 151  98
 313 158  97 339  80 231 281
  81 279 113 136 241
 382  79 149 305
 119 329 248   0
 347 223  83 206 195 369
 213 285  52 116  55
  32  35  43 109 306
   0 186 110  24 312
 192 306 166   2
 290 134 252 120
 304 309 360 206  11  67 185
 296 212 264 360  30  75 104 378
   0 368  24 303 105
 309  17 316 288  89
 243  48 128  88  92 230 234 300 301 336 350 386
  81 282  66 383   4  99 136 267 279 322
 390 372 278 152 311
 270 334 187 197 299
 103  69 302 213  18
 203 169 301 318
 241 326 386 294
 238 101 316 126 132
 274 134 290  10 107 125 140
  67  44 203 207  74  82 184
 286 370 154   0   8  95 175
 261  35 239  79
 143 246 154 162   2  72 273
 274 219 120  66 349
 297 253  84 250  70 119 210 269
 296 360 369 374  15  75
  48 112 250 350  88 328 357
 301 132 318 143 203
 350 255  22  49
 276 369  57 268  15
 129 304 203 119  11
 256 137 148 267 219
 290  10 120 251 107 252 274 375
 236 167 310 214
 292  99 113 241 191 270 349
 235 133 256 166 189 192
 299  61 341  33
 272  52 213 335  29  39 271
 274 270 120 295
 178  63 353  52
 230 185 210 232 281
  16 368 329  12  53 124 129 263 358 371
 200 344 179 160  97
 212 360 288 218  42 181 374
 256 325  26 334
 161 242  51 314  23
 133 256 159  26  91 240
 387 305 364 160  21  71 100 197 204 221 277 351
 265 285 186 353  57 302
 200 165 272 160  97
 344 372 262  76  13 114 278
 172 180 182 354
   0 122 124  24
  61 208 236 160
 280 331 200 179 172 211 311
  49 161 275  16  22 273
 231  98  80  86
 340 364 361 235 148 338 354 390
 351 221 200 335  37 144 149 151 155 171 225 254 313 366 387
 245 332 329 147  23 157 358
 355 368 247 227 124 173 303 343
  47 232 328 253
  25   6 352  51  41  57  58  90
 335 226 151 222 254
 137  38  33 364 106
 135 365 278 214
 320 391  47 355  68 323 356 367 379
 301  28 250 269 117
 358  16  53 377  93
 272  79 160  37  34 229
 153 280 180 156
 303 355 379 162  65
 378 181 330  45
 370 353 389 122  31  54  90 321 385
  76 372 237 262 228
 384 201 386 281
 194 353 285 298 141
 200 344 331 225  13 144 156 182
 331 182  79 387  35 153 172
 145 174 289  42
 180  69 387 179 153
 264  63 298  52  73 353 388
 121 289  28  67
 202  42 317 108 142
 216  63 353 293  31 105 150 370 389
 325 299 334 115 270
 284 261 193 190
 235 192 365 137  85
 261  52 188  31
 270 292 136  40
 189 235 308 137  85 106
 224 227 320 247 188 284 306 362
 178 353  25 247  51
  47 102 269 250 356
  40 267 333 292
  38 149 305  21 115
  40 383 322 241
  59  36  17 220 317 384
 344 179 225 160  71  97 144 151 156 280
 363  60 238 234 177
  42 309  63  29 185 226
 318 263 132 129  67  94 117 121 207
  20 222  33 149  21  61
 390 237 361 340 228 258
 347 233 102 218 108 346 369
  94  44 203 318  74  82 121
 225 341 280 387  61 155
  60  96 377 217 294 359
  70 126 238  84 142 301
 280  30  87 156  75
 264 360 298 145 109 285 289 296 374 388
  52 264 285 103  55  69 116 139 271 378
  26  76 310   3  38 135 167
 277 364 310 387
 385 186 353 259  18
 243 336 350  96  22 209 294
  59 248 348 298  63 145 206 260 286 360
 125 133 256  10
  36 327 199 288  50  73 312 317 384
 351 160 149 387
  20 204 262 315  33 165 229
  64  83  59 347  14 102 233 238 245 283 316 363
 247 193  19 227 320 362
 344 200 305 160  61 179 208 366 382
 165  52 202 293  34
 162 355 248 224 193 247 284 303
 205 176 237 372
 335 222  79 171
 328 232 357 112  65 142
 257 158  98  70  80
 163  47 328 230  28  45 142
 206 223  64 288
  60 377  96 112 201 326
 137 159 365 278 189 192 308
 135 310   3 155 342
 344 364 205 372  71 176 228 305 354 361
 266 119  83 223 201 210 297
  35  79 382  43 123
 251 148 267  81 308
 333 118 292  99 136 198
 314 147 245  51  23
 112  96 217 377   7  92 300 336
 269  49  92  84  23
 329 161  12 223 242 255 314 332
 273 124  16 275   2  72 268
 224 162 355 227 193 194 303
 218 286  59 303 101 227
  27 330 380 391  86
  48 128 253 126  28 169 195 269
  10 375 290 134   9 240 279
 290 134 325  10 107
  47 250 126 356  28 163 367
 313 160 351 165 339
 332 245  12 314 130
 325 146 133 148  91 137 219 334
 231 388  30  29  32  80
 340 205   3   9 322
 216 385 265  18
  63 374 286 218  42 317 369
 123 190 188  35  32 291
 315 372 361 152  20  85 176 222
  62 275 143 368  72 203 268 318
 212 183 213 285  52 109 293 319 374
 285 150  63 348  39  73 259
 329  12 238 376 363
 133  81 240 113 196 338
 273 287 246 263 131 295
 195 244 250 126 169
 115 187 136 191 140 349
 213 139  37  69  29  86 378
 139 171 335  37  34 151
 246 157  16 124   2 268 287 295
 120 134  10 290 125 140
  62 350 263   1 157 246 318
 389 343 131  16  44 287
 387 364 149 354 215 331
 365 235 372 152 114 167
  99   9 113 251 322 338
 156 200 208 211 172
 177 142  98 384
  81 113   4  66  40  74
 316  14 223  59
 296 188 193 227
 264 213 178 212  55 103 150 265
 248 370 122 218   0  25  51 260 298
 273 268  44 276  82
 220 327 233  59  17  42 111 145
 346 296 360 212 181 184
 134  10 120 251 107 252 274 375
  56 261 307  32 306
 136 333 241  40 191 196
 374 186 264  63 226 312
 209 318 217  94 118 326
   2  90 273 268 140
 109 360 212  24  30  75 127 284 289
 126 316  84 238
 212 218 286 178  24  25 183 370
 138 187 306 115
 336 112 243  88   7 386
  92 129 112 210 117 169 386
 319 345 116 150  41
 248 247 227 162  24 110 173 368
 108 132 317 309  11  67
 149 225 237  38 100 197
 104 193   2 291 106 299
 291  56 323 341
 192 240 235 390
 360 202 111  42  29  89 108 304
   3  38 214 236 135 215 342
  13 114 156 390
 293 352 105 220
 351 160 254  69  98
 332 245  19 355  49 147 242 255
 372 262 365  26  20 222 364
 283 297  84 223  70 111 119
 304 260 199 220 185
 203 263 275  88 117 129 207 294
 302 345 264 352
 168 224 193 355 323 352 362 379
 389 175  31 370   8  57
 383 113 279 258 198
 379 320 168  49  56 307 362
 381  43  68  87  41
 256 334 146  91 187 252 337
 386 294 118 234 359
 220 288 348  50
 230 163 232 128  65
 245 376 266  12  16  64  83  95 101 143 161 332 347
 367  86 249 391 174 345 381
 180 179  79 277 156
 314 255 245 329  49 161 371
 241 292  40  81 196
 325 146  91 256 115 187 337
 272  37 160 139  39 165 229
 300 217 243 112 359
  91 334 325  38
 279 340 159 267
   9  98 375 254
 159 258 390 205 338
 208  87 366  43 138 307
 310 236  38   3
  19 371 355 162 276
 152 225 200 237  13  33  71 144 179
  55 319 330 302 381
 368 289 206 369
  83  59 102 329  64 206 223 373
  59 218  46 373   5  27  73 265 327
   7 136 125 270
 128  48 112 275   1  62  92 130 217
 160 221 313 149 254
 164  58   6 320  68 312 319
 178  63 183 186  31 141 150 175 194 216 385
 237 277 159 364 153
 162 247 227 314 168 173 320 343 391
  47 253 168 195  45 367
  77  72  78 128 230
 170  16 161 143   1  53
 362 209 326 336
 212 296 145 218  30  89 108 109 127 289 309
 159 372 262 237  85 205 390
 193 320 224 323 359
  83  12 223 266 201
 237 159 277 315 149 166 215 354
 315 278  26 235 167 189
  37 160 225 381 341
 356 330 168 253
 162 143 346 303 110 263
 346 206 260 102  58  68 127 131
 286 122 298 186 175 321 388 389
  19 343 143 332
 315 262  76 237 114 152 176 228 278 361
  59  14 347 348
 293 264 212 145  57 127 260
 251  10 134 290   9 339 383
 329 266  12  64
  60  96  78  77   7  93 170 209 234 243
 109  30 213 271  97 174
 323 173 320 168  45  56  65
  27 391   6   5  86 249
 324 345  87 330 366
  79 100  71 225 239
 375 113 322  66 198
 199  36 220 177 281
 216 259 353 175  18
  88 112 301 300 118 177 326
 149 277 180 160  21 182 208 215 221
 212 183 370  52 257
 321 175 186 370  31 276
 205 340 361 159 114 308 311
 168  27   6 355  68 249 330 380
