 385 335 178 122
 354 380 151 294 296 305
 270 222 332 167  95
 348 228 135 330   4
 300 162   3  97 311
 139 251 220 201
 317  92 226 255 146 298
  43 284 299 225  41 268
 362 319 193  24 187 370
 279  81  10 142  11 290 313 339
 142   9  81 279  11  40 254 265
  10   9 142  81 217 364
 391 301 346  74  97 191 208 227 233 357
  51  78 121 291  96 221 275 282
 117 376 340 112 224 267 336
 162 283 300  17
 331 187 256 124 252 370
 283 329 234 303  15  73
 335 216 385 259  31  54
 247 229 321 222 143 178 216
 204 222 247 321 175 186 216 332
  53 281 371 328 114 183 230 316
  65 223 199  23  57 104 165
  22 289 170  79 196 235 239 347
 177 315 362  57   8 107
 224 176 303 194
  44 181 197 130
 288 248 391 172  64 357
 126 250 163 263  34  70  84  86 185 304 309
 318 309  48 163 331
  57  84  58 314 333
 335  18  55 122 276
 131 152 192  43  34  90
  82 115  68 345 342
  28 126  32 185 304
  86 305  80 200 212 268 365 379
 329 153 391 288 172 243 303 337 340
 236 113 249 197 111 207
 357 211 155  61 203 367 371
 105 363 353  93
  10 311 210 279
 206 362 284   7 214
  76 202  59 327  46  67
 225 306 350 152   7  32  84 127 314
  26  81 339 290  85 390
 367 166 307 316  85
 165  59 199  42 148
 278 145  83 233 338
 163 304 318 257  29  66 132 164 309 377
  88 291 378 101 198 284 312 387
 363 281 260 210 119 130 352
 121  13 220 348 125 134 135 156 228
 209 111 381  68  93 154 302
  21 328 371 102 258 316
 385 259 186  18
  31 355 372 122 280
 119  64 288 363
 223 104  22 347  24  30  58 109 149 315
 104 223  57 315  30 149
  76  42  65 376  46  83 110 145 165 176 303 334
 152 131 225  90 240
 367  38 211 331 307
 318 108 174 257 157 252 297 355
  74 248 376  76 241 349
 288  27 117  56 356
  22 327  59 199 194 238 380
 164  84  48 355
  99  42  76 265 147 232 238 349 354
 359 381 209 328  33  52 154 230
 361  98 250 282
 126 163  28 131  86 132 297
 143 298 321 222 184 320 388
 284 343 277 170
 234  17 283 242
 391  63  12 248
 386 190 282 101 107
 145  42  59 202  63  67  83 199 327 376
  78 129  96  99 221 365
  77 129  96  13  99
 239  23 196 386 124 235 245 256 273 369
 266 220 384 275  35 365 379
   9 279  10 339  11  44 136 168 265 290
 345  91 359 179  33 128 342
 145  76  59 376  47 110 278
  28  43 163  30  66 314
 390  44  45 310
  35  28 126  70 212 218 268 379
 366 169 146 184
 127  49 378 291 324
 193 331 211 124
 131 152  60  32 164 272 361
 359 345  82 115 144 179 209 258 328
 262 167 226  95   6 317
 183 353  52 295  39 105 160 246
 122 174 335 259 157 320 385
 226   2  92 332 116 246 317
  78  77  13 275 129 221
  12 346 227 233   4 114 148
 261  69 250 253 308
  67 354  78  77 232 241
 369 244 261 237 203 294 296
 291 190  49 182  75 121 206 282 350
 191  53 281 357 106
 285 213 344 255 184 388
  57 223  58  22 109 124 333
  39 353  93 363 161 373
 191 187 300 102
  75  24 386 177
 174  62 318 257
 315 104  57 223 333
 172 153  59  83
  52 363 345  37 352
 142 279 136 168  14 210 243 254 326 358 368 383
 383 236  37 197 173 181 322
 162 227  97  21
 359 144  91 264  33 179 389
 247 175  95 321 302 372
 376 231 248 288  14  64 176 224 271 278
 381 325 197 293 323
 130  56  50 281
 274 326 293 313
  51 101 190 220  13 196 215 228 289 384
  94 335 259 174   0  31  55 157
 217 382 368 294 151 188 269 351
 133  79 104 239  16  89 171 211 287 331
 135  51 228 150
  28  70 163 263  34  86 250 304
  88  43 152 306
 213 345 381  82 322
  77  78 196  96
 119 197 345  50  26
 152  32 263 225  60  70  90
 297  48  70 163
 273 155 124 159
 251  51 196 265 156 189 241
 228 348  51 330   3 125
 279  81 168 142 112 173 336 358
 293 381 209 359 341
 369 378 269 212
   5 220 251 286 170 201 312 375
 180 211 148 166
 360 341 294 173
  10   9 279 265  11 112 136 334
  71 298 321  19 320
 195 115 359  91 302 389
  83  76 202  59  47 278 303
  87 184   6 169
 330 348 384  67 232 310 356
 171  97 211  46 140
  57 347 315  58 380
 198 306 324 152 125
 368   1 123 248 188 269
 225 306 131  32  43  60  90 127 150 185 240 263 324
  36 172 288 329 110 337
  52  68 295 209 230 323
 133  38 371 273 269 287 307
 189  51 134 348
  62 122  94 174 377
 161 218 373 271
 364 265 326 217 133 351
 295  93 183 372 161 246
 160 158 105 373 246 372
 283 311  15   4 114 234 243 300
  70 126  28  48  29  84 132 164 297 308
  66  48  90 163 355
 223  22  59 199  46 176
 307  45 389 273 140
 270 262  92   2
 136 265 112  81 173
  87 188 382 269 146
 220 286  23 139  72 219 289 292 301 319 374
 314 148 343 124
 391 248 153  36  27 110 231 368 371
 383 113 168 136 141 341
 108  62  94 318 122 157
 204  20 116 247 389
 303 165 117  59  25 271
  24 277 343 362 107 268 319
  19 321   0 216
  82  91 345 115 342
 140 366 211 351 323
  26 113 383 358
 284 350 192 101 198 306
  93 295 353  21 160 280 389
 344 103  71 298  87 146
  28 192 350 152  34 361
 280  20  54 216 370
  16 106 370   8
 351 123 151 382 169
 156 386 251 134
 386 277 101 286  75 121 193 239 299
 102 300 227  12 106
 350 182  32 185 206
 362 343 319 190   8  89
 315 334 208  65  25
 144 213 285 359
  79 134 121  23 129 235 349
 381 113  37 130  26 118 236 249
 240  49 150 182
 327 238  22  76  46  65 165
 237 250 263 291  35
 139   5 251 327
  76 145  42 376 267
 313 326  38 100 367 390
  20 222 175 247
 250 338 253 349
  41 192 101 350
 345  37 249 236 322
 374 266 334  12 194 338 380
  52 381  91  68 137 154 293 345
 281 363 352 112  40  50 311
  38 357 124 364  61  89 140 148 180
 218  86  35 379 138
 285 128 103 264 195 325 344
 362 343 387  41
 256 261 282 121
  18  19  20 229 178 186 276 385
 123 159 364  11 258 382
 212 333 158  86
 170 346 251 301
 374 139 170 251   5  51  80 121 266 277 286 375 384 386
 275  96  13  77
 332 321  20 247   2  19  71 204 229 270 276
  22  57 104 165  58 109 315
  14 271 117  25 242
 152  43 306 324   7  60 131 240
 325  95 262 285   6  92 317
 346 191  12  97 114
 135 348 121  51   3 125
  19 321 247 222 216 320
 316 154  68  21
 391 117 334 172 271
  67 147 265  99
 346  12 278 374  47  97
 340  17 283 162  73 242
  23  79 196 266 287
 113  37 383 197 207
 200 250 378 244 100 253 261
 327 199  65  67
  79 190  23 347 124 245 386
 198 152  60 225
 251 134  63  99 292
  73 224 234 356
 340 162  36 112
 291 237 100 282 250 253 261 275 369 378
 299 350 239  79
  93  95 160 161
  19 321 229 222  20 116 175 204 332
 376  27 172 391  63  74 117 151 267 288 340
  37 363 197 207 366
  28 237 244 126  69  98 200 205 253
 220 241 375 139   5 134 189 201 219 330
  62 318  16 331
 244 250 291 237  98 205 296
 368 112  10 313 366
 285 103 270   6
 215  79 347 369  16
 108 377  48  62
 328  53 217  91
 385 335  18 122  54  94
 353 329 281  50 280
 100 237 215 244  98
  92 167 226 270
  28 131 126 152 200 308
 359 213 115 381
 142  81  10 159  67 134 168 232 290 334 364
 220  80 384 374 208 235 289 354
 376 248 202  14
 177  86  35   7
 296 123 151 155 138 169 338
 167   2 222 262 255 298 388
 176 224 117 231 158
 385 355 297  90
 133 155 347  79 166
 120 293 326 313
 291  96  13 244  80 221
  31 216 280 222
 190 286 220 299  72 177 319 347 374
 117 334 145  83  47 233
   9  81 136 142  10  40 112 339
 186 183 260  55 276
  21  50 210 353 102 119 260
 291 101 244  13  69  75 215
  17 162 329 234  15  73
 182 299 286  49   7  41  72 312 343
 103 213 255 325 195 226 344
 277 170 220 284 139 190 343 362
 351 124 235 155
  27  36 248 153  56  64 117
  23 170 121 266 387
 339  81   9 265  44 310 349
 282 101 244  49  13  88 200 253 275 378
 375 369 170 241
 137 274 120 209 118 341
 123   1 351 100 141 360
 183 353 160 154  93 302
 269   1 100 253 305
 132 163  70  62 272 355
 143 321   6 270  71 184
 284 350 277 190   7 245 314
 191   4 303 162  15 106
  12 391 219 170 340
  52 116 144 295
 176  36  59 145  17  25 300
  48  34 126  28 308 377
  35 296 354   1 365
 152 225  43 182 127 150 324
 166 155  45  61
 304 263  98 163
  29 318  48  28
 339 290 147 348  85 356 390
 162  40   4 210
 384  49 139 284
 326   9 203 364 120 254 274
 299  43  30  84 171
  57  24 194 223  58 109 149
  53 328  21 230  45
  95   6  92 226
  62  29 108  48 174 252 309
 170 177 277 343   8 193
 143  94  71 229
 247 222  19 229  20  71 116 143 178 298 332
 345 128 113 207
 154 325 118 180
 306 225 152  88 150 361
 226 213 285 381 118 323
 313 159 364 112 120 203 274
 238 199  65  76  42 201
  53  68  91 316  21 258
  36 153 260  17 283 337
 348 251 375 135   3 147
  16  61 124  29  89 252 367
 222 247 321  20   2  95
 218 104 109  30
 142 278  59 265 194 208 231
  18 122 259  31   0  94
 358 136  14 376
  36 329 153 373
 349 208  47 269 205
 290  81   9 279  44 310
 391  36 248 301  14 234 243
 137 382 173 293 141 360
  82  33 345 179
 362 284 177 286  72 171 193 214 319
 103 184 285 213 388
 381  91  82 209  33 111 128 130 179 207 322 342
  12 219 233 227  97
  57  23 239 277 149 256 273
 330   3 135  51 147 156 228 310
 290  63  67 196 205 338
 299 182 192 101  43 185 206 245
 294 188 123 159 180 287
 210  50 363 111
 260 281 363 295  39  93 105 183 373
  99  67 266   1 305
 297  62  66 164  55 272
 242 310  64 147
  27 391  38  12 102 211
 336 136 112 181
 264  91 115  68  82 137 144 195 381
 141 341 367 294
  69 185  90 324
 343 177 193 286   8  24  41 214
  50 210 353 111  39  56 105 249 352 373
 159 326  11 265 211 217 313
  80  35 305  77
  87 254 249 368 180
  61 203  38 331  45 360
 151 172 254 112 123 366 382
 100 244  79 378 138 256 292
 187  16   8 186
  53  21  38 172 155
 160 116  55 161
 353 337 363 105 158 161
 220 170 277 266 208 233
 251 220 330 139 292
 248  76 202  59  14  63  83 117 267 336
 257 304 157  48
  49 237 244 291  88 138 369
  35  86 212  80
   1 208  65 149
 345 197 209 359  52  68 118 128 137 264 325
 123 368 217 188 169 341
 113 112 236 173 181
 312 266 220 121  80 147 387
 259  18  94 216   0  54 272
 190  75 220 239  79 107 189
 384 214 289  49
 103  71 344 270
 144 115 175 183 166
 203 310  85  44
 172  12 248  36  27  74 231 301 340 357
