 122  37 161 189
 366 288 291 306
  93 196 222 246
 367 130  75 124 219
 232 328  47  44 304
  64  14 348 283  17 156 282 376
 298 164  83 153
 236 250  97 350 342
 226 263 166 154 163
 383 322 292  10  72 120 128 151 181 274 279 281 290 313
 322 383   9 279 243 281
 365 342  75 121
 152 348  64 170  92 179 206
  85 146 302 332
  64 283 326 348   5  55 102 177 220 238 278 376
  34 127 203 238  58 131 197 329 331
  77  78 276 349  94 106
 348  64 283   5  92 156 177 282
  69  93 199 216  20  52 204 307
  49 155 171 371 317
 204 160  18 229 247 307 344
 144 167 166 154 194 255 351
 161 378 168  46  90 109 314 316
 131 358  44 115
 370 216 332 157 289
 116 157  54 114 119 135 140 148 211 370
  67 316 109 153 191 261
 239 283 238  64 391
 282 205 126  29 169 266
 336 126 387 207  28  86  98 169 249 380
 100 111  71 369 117 224 269
 349 276 157 321
 103 147 381 319
 353 226 150 195 149 189 388
  15 127 170 238
 131 115  51 303
 331 329 197  89 164 176 178 227 325 368
 189 225   0 122
  51 374 155 286 130 294
 143 354 229 160  87
 280  88 181  60 201 241
  46  59 161 165
 327 288 178 284 153 268
 305 323 353 293  95 149 308 372 373
 287 243  47 338   4  23  58 155 192
 130 328 253 304 108 219
  41 161  59 168  22 109 314
 338  44 243 336   4 155 232 249 380 384
 107 132 330 318 174 302
 371  19  68 185 171 215 343 346
 100 101 223 319  63  73 103
  38 230 115 155  35 286
 385 213 245  18
 108 129  75  97  61
 335 157 216 321  25 370
  14 243  81 113 252
 265 258  91  95
 284 159 272 137 378 381
 287  15 277  44 131
 324  41  46 165 354
 280  74 205 126  40  84  88  97 182 297
 253  75 146  53 121 365
 126 207 120 217
 101  50 239 110
  14 283 348  17   5  12  27 102 170 177 239 278
 225 208 267 199 105
 251 142 134 369 389
  26 109 390 316 261 347
  49 374 232 371
  93 199 267  18 213 229 240
 312 330 351 124 347
 145  30 111 223 188 224 319
 274   9 345 151 182 230
 319  50 223 100 379 389
  60 128 280  99  84 182 205
 129 253  97  53   3  11  61 241 257 297 365 367
 284 190 296 363 133 272 382
  78  16 276 349  94 114 212
  77  16 276 349 114 140
 340 125 288 284
 339 375 383 292 151
 142 251 118 134  55 113 136 198
 174 158 256  85
 153 172 202 218   6 259 295 390
 205  74 128  60
 302 332 130  13  82 301 317
 249  29 169 380 244
 160  39 341  94
  40 181 217  60 201
 303  36 329 164 325 381
 161 259 320  22 175
 258 359  56 265 209
  17 283 348  12 233 389
 199 262 150 246   2  18  69 196 213 222 267 372
  16 116  77 355  87 119
 305 373  43 293  56 258 265
 312 256 163 330 106
  60  75 129  53   7 108 241 250
 386 384 338  29 169 249 252
 128  74 290 280 129 253
  30 223  50 101  73 190 366
 100  50 369  63 190 306
 345  14 326  64 170 220 233
 188 319  50 284  32 147 381
 371 185 346 171 285 295
  65 316 315 109
  16 349  96 212
  48 318 211 174 302 332
  53  45  97 280
 316 390  46  22  26  67 105 218
 223 111 123 369  63 366
  30 369 223  71 110 117 310 319
 279 292 134 136 206
  81 142 338 387  55 386
  25  77  78 116 140
  51 345 131  23  35
  25 321 157 114  94 119 135
  30 111 224 369
 142 326 322 134  81 136 210 277 375
  94  25 148 116
 290   9 274  62
 350 124  61 158  11
   0 370  37 189
 110 238 223 319 298
 132 174 367 330   3  70 121 158 248 270 350
  79 273 382 193 244
 128  62 207 279  28  29  60 205
 238 260  15  34 197 203 331
 290  74 126   9  84  99 181 280 357
 253  75  99  53  97 219 257 365
 367 146  45  38   3  85 215 228 248 294 304
 329  58 303  15  23  35 115
  48 330 256 174 124
 363 324  76 284
 251 142 326 118  66  81 112
 148 116 343  25 311
 118 279  81 251 112 198 210
 237 340 360 296  57 275
 196 293 315 305
 356 377 384 374 380
  25 114  78 157 211 270 312 347
 173 193 360 352
 118 134  81 251  66 113 198
 354 200 341 168  39 320
 255  21 194 359 342
  71 188 223 296 288 306
 130 365 253 367  13  61 294 301
 103 159  32 319
 135  25 119 211 311
  33 308  43 235 194
 353 167  93 262  33 184 195 240 246 264 299 388
 313 375  80   9  72 230 377
 336 383 339 243  12 207 217 345
 172  83 268  42   6  26
 263 226   8 163  21 166 351
 232 287  47  44  19  38  51
 282  17 177   5 266 310
  54  31 335 321  24  25 116 140 216 355 370
 124 174 350 270  82 121 311
 272  57 363 147
 229 231 199 216  20  39  87 242 247 320 344
  46  90  41  22   0 218 247 314
 221 168 340 378 352
 256   8 154 226  96 166
 368 329  36 303   6  89 325
  59  41 186 324 175
   8 263 154 163  21 299
 150 222 184 246  21 235 263 299
 221 378 143  46  22 162 200
  29 269  98  28  86 244
  12  64 278 102  34 271 364
  19  49 104 371 215 343
 153  83 218 202
 141 193 324 221 209 261 273 360
 132 318  48 124  82 107 158
 165 272  90 186
 227 331  36 368
  17 156  64  14 282 379
 197  36 188 187  42 298
 182 214 357  12
 306 190 366 209
 207 217 128   9  40  88
 357  72  74  60 179 257
 221 372 373 231
 235 150 167 263 361
 346 371  49 104 295
 165 324 354 247 175 204 307 337
 285 331 203 329 178 327
 145 296  71 382 103 178 224 227 237 284 288
 267 208  33 195   0  37 122 234 245
  76 296 100 101 180 291 306 363
  26 301 268 294
 329 325  44 203
 141 173 291 360 125 209 273 352
 144 255  21 149 342
 150 240  33 388 189 212
 138   2  93 373 337
  15 329  36 127 178
 251 136  81 142
  93 262 208 267  18  65  69 160 216 225 229 264
 143 341 354 168
 236  88  40 241
  83 172 259 317
  15 329 238 127 187 192 285
  20 344  18 186 337
  60  74 280 126  28  84 250 297 309
 112 210  12 279 233
 181 152 336 387  29  62 126 217
 225 199  65 267 189 234
 173  91 193 180 261
 136 279 118 322 206
 107  25 270 140 148 343
 195 355 349  77 106
 373 245  93  69  52 344 385
 334 377 358 357 179
 371 130 171  49
  54 335 157 199  18  24 160 370
 181  62 207 152  88
 172  83 109 161 259
 241 129  45   3 311
 345  14 102 283 391
 168 324 183 242 162 173 231 378
 246 353 167  93   2 323 372
 111 100  71 369  50  73 110 123 145 306 319 366
  30 188 296  71 117 269
 208 293  65 199  37 234 245 315
 321   8 154  33 163 388
 176 188 331  36 333
 302 367 130 294
 160 231 199  69  20  39 247
 151 377  72 328  51 358 374
 242 160 229 221 183 341
   4 328 155  47  68
 345 206  92 102
 189 308 208 225
 184 167 308 305 149 258 361 362
 250 241   7 201 300
 296 188 137 382 275
 127 260  14 283  15  27  34 123 203 239
 238 283 260  64  27  63 376
 195 388 150  69
  75  97  40 236 201 219
 231 341 221 160
 338  10 383 152  44  47  55 287 336
 125 333  86 169
 385 213 225 189  52
 222 353  93 150   2 167 323
 229 161  20 160 186 307
 130 124 332 367
 386  98  47  29  86 252
  97 205 236 350   7 300 309
 134 142  81 326  66 136 198 278
  55 386 249  98
 129  75  99  61  45 146 257
 292 290 274 339 387
 144 359  21 194
 163 330  96 132  82 312 351
 253  75 129 182 297
  91  95 305 235  56 265 359
  90  83 202 218
 238 127 278 369 239 376
  26  67 209 173
  93 199 150 267
 154   8 166 167 184
 150 299 199 293
  56 258  95  91 359
  28 156 297 282
  93 199 353 262  65  69 189 208
 153 288 275  42 191
 282 376  30 224 169 310
 211 140 124 158 347
 334 356 303 170
 159  57  76 363 175
 173 360 125 193
   9 292 290 254  72 120 387
 237 268 137 366
 349 321  31  77  16  78 355
 287 375 338 118  58
  64 251  14 170 260
 292 383   9 339  10 112 126 136 206 210 281
  60  74 128  40  99 108 205
 279 383  10   9
 156  17   5 177  28 266 269 310
  64 348  14  17   5  27  92 220 238 239
  76 363 188 382  42  57  79 103 133 327 340
 187 331 203 104
 377 374 334  51  38
  44 338  58 243 155 277
 382 188 296 145   1  42  79 268 327 333
 332  24 301 370
 292 254   9 274  99 120 128
 382 296 190 193   1
 254   9 339 383  80 112 274 279 290
 308 225  43 362  95 138 264 315
 365  38 146 130 191 228
 346 185  83 104
 382 188  76 145 137 190 224 237 288 291 333
 205  75 257  60 266
 123   6 303 178
 264 167 166 150
 236 250 350 309
 289  85 332 146 191
  85 107  48 318  13 228 317
 329  89 131 164  35 271 298
  45 367 130   4
  43  95 373 308 138 235 258
 145 101 190 223   1 180 379
  18 186  20 247
 293  43 353 305 149 234 235 362
 250 350 205 300
 282 269 156 111
 158 148 219 135
  96 330 140 256  70 351
 151 375 322   9
  22 161  46 378
 138 362 293 225 105
 109  26 105  22  67 390
 202  85  19 302
 107  48 174 332 302
 369 111 223  71  32  50  73 103 123 147
  90 354 143 160
 355 226 276 335  31  54 116 157 349
 383  10   9 339 118 210 313 375
  43 372 222 246
  59 221 385 186 133 165 173
 164 368  89  36 192
 118 134 339 383  14 102 251 345
  42 187 284 288
   4 232 230 374  45
 203  15 197  36  89 131 164 187 192 303 368
 132 256  48 312  70  96 124
  36 187 127  15 176 227 285 368
 318  85 289 107  13  24 248 301
 288 296 382 227 244
 356 377 357 364 214 271 286 358
  54 216 321 157
 152 243 383 338  29  47 207 384
 186 204 196 344
 243  47 336 287  44  98 113 277 384 386
 383 322 292  80 152 254 279 326 387
 137 284 363  79 162 352
 242 143 200 231  87
  11 144 194   7
 171 211 135  49
 204 213 160  20 337
 220 102 326 152  72 115 233 391
 185 371  49 104 295
  70 270 140  67
  64 283  17  14   5  12  92 391
 276  31  77 321  16  78 106 212 355
 121 124 158 250   7 300 309
 312 256 154  21  70
 141 162 193 340
  33 246 222 150  43 267 308
 143  59  39 186 200 320
 321 276 349 157  94 212
 139 377 334 357 271 364 374 380
 182 356 334 128 179 214
 334 214 230 377  23
  91 258 255 265 144
 137 141 173 193 273
 362 184 235 372
 293 315 308 235 361
  76 284 133 190 159 272 340
 334 170 377 356
 146  61 129  75  11 294
   1 223 110 100 180 275
 130   3 146  75 124 228 248 304
 164  36 331 329 176 325
 111 223  30 319  66 101 110 117 260
 157  54 216  25  24 122 289
 185  49 346 374  19  68 104 171 215
 323  93  43 222 183 361
 305  43  95 213 183 196
 328 356  38 230  68 139 286 371
 322  80 118 383 151 277 313
   5 260 239  14 269
 356 151 334 230 139 214 286 358 364
 168  22  57 221 162 314
 389  73 306 177
  29 139  47 356  86
  89  57  32 103
 296 188  76 288 125 237 284 291 333
 339   9 322  10  80 152 243 279 281 292 326 336 375 387
  98 336 338  47 139
 245 213  52 324
  98 249 338 113 252
 254 339 274 383  29 113 207
  33 226 195 150 240
 379  66  92  73
 109  83  67 316
  27 220 348 345
