  54 259  90 252 142 157 228 347
  74 225 205 261 234 263 282 300
 175 176 178 308 313 374
  57 174 181 367 250
 236  98 132 350 257 356
 182 126 129  14  12
  93  73  19 121  15 223 251 314 379
  17 139  41 197 210
 254 259 167 270 264 379
 353  25  19 305  15  93 165 194 240 266 314
 138 326 174  81  13 136 144 278 372
  76  56  97 185
   5 118  14 383 182 351
  80 136 311  10
  99 348 283   5  12  64 182
   6 266   9 165 217 295 314
 116  68  25 389 262
 197 378 261 104   7
 385  65 204 161
 353 180   9  25   6  37  93 121 122 166 223 293 295 305
 204  31  22 335  79  88  95 161 203
  22  94  90 262 307
 204 262  94 216  20  21  65  79 161 335
  44 365 143  76
 231  43 277  56
 353   9 167  16  19  49  67 116 166 254 270 370 389
 229  89 178 242 203
 107 153 304 100 124
 126 253 310 129  29  70
 253 113  28  70
 340 296 123 275 241
 335  20 204 194  86 385
  44  76 246 365
 249  45 294 367 244 250
  35 316 188 287 162
 275 212 296 382  34 287 308
 215  46 210 139 298
  19 180  93 293 152 173 202 232 256
  99 348 169 213 195
 199 274 330 362
 219 146 106 325
 212 346 378  47   7  71 209
 173 298 148 146
 208 111 231 185  24  96 155
  76 365 376 350  23  32 214
  33 250 249 291 280
 215 298 338 327  36 137 145 176 200
 328 382 338 378  41 219 265 354
 113 318 206 169
  83  25 371  92 166
 260 329 327 248  59 362 363
  55 369 320 197
 301 302 391 321 189 272 332
 252 228 391 332 195
 157   0 259  90 142 247 252 321
  85 320 261  60  51 198 369
 185 160 349 330  11  24
   3 174 236 328
 170 357 384  72
 329 199  50 211 233
 140  55  75 261 105 241
  99 279 383 334 173
 281 237 174 132  98 103 163 364
 190 311 303 110  97 101 141 164 274 323 329
 348 357  14 206 170
  94  22  79 385  18 161 315
 181 220 177 328 192 201 230 238
 254 151 353  25
  16 116 262 389
 285 103 119 294
 113 253  28  29 179
  41 255 366 235
 384 129 126 357  58
 251 134 310   6 121 379
   1 282  91  85
 140 337  91 235  60 245
  44 376 214 288  11  23  32 358 365
  78 317 373 333
  77 317 373 333
  65  94  20  22 315
  81 248 138 120  13 278
 108 174 326  80  10 236 288 292
 147 205 263 140
 279  49 371  92 339 345
 350 169 318 365 257
 261 320  55 235  74 198 369
 114 360 154  31
 308 168 388 178
 203  96 373  20 268
  26 229 330 185 186
 157  54 321   0  21 302 391
 115 359  74 235  75 287
 371 180  49 355  83 173 256 264
   6 353   9  19  37 112 134 165 223 251 266 314 379
  22  65 335  96  21  79 155 284
 360  20 148 203
 111  43 231 155  88  94 264
 349 288  63 106  11
 306 281  62 108   4
  61 290 279 334  14  38 118 322 339 383
 109 287 239 123  27 107 124 153 276
 329 364  63 260 284 374
 151 290 166 371 375
 206  62 304 238  69
 378 368 328 225  17 177 187 192 230 234
 125 366 359  60 276 313
 349 336 190 193  40  97 325
  27 162 109 100 284
 132  81 174 326  98 130 236 288 292 318
 100 184 153 287 107 239 307
  63 221 190 200 145 162 168 227
  43  96 231 335 155
 167 266  93 254
  48  70 169  29 179
 229 360  86 343
  91 149 184 140 119 258 386
  16  68 389  25 370
 275 296 346 261 123 133 196 320 340 366 377
  99  12 151 322 297
 131 115 140 282  69
 274 303 311 190  80 127 349 362
  73   6 310  19 217 309
 216 180 247  19 194 370
 117 377 296 366  30 100 125 131 149 158
  27 304 386 100 307
 359 377 366 123 105 313
  28 129 253   5  72 384
 303 120 274 190 323 364
 220 206 238 132
 126  72   5 384  28 387
 292 283 363 108
 149 123 140 235 119 241 249
 108  62 174 318   4 128 163 206
 117 346 340 296
 251  73 266  93 310
 388 218 360 222 148 233
  10  13 326 292
 319 338  46 312 146 175 298
 237  10  80 303 278
 296 212 275 378   7  36 176 188 327 340
 149  75 131 337  60  82 115 119 198
 193 311  63 200 341
 347   0  54 252 189 268
 208  23 160 185
 372 374 363  10
 110 327  46 176 299
 298 137 319 312  40  42
  82 263 243 294
  95 154 360 135  42
 140 131 123 115 172 226
 377 296 275 212 215 218 352
 389 102 371 355  67 118 213 322 375
 154 293 194  37
 172 304  27 100 109 269
 152 232 194 148  86
  96 111  43  94
 255 196 342 366 159 317 361
 321  54  90   0 259 332 347 391
 366 209 196 123 226 317
 342 156 361 255
 330 349 199  56 143 323
 204  20  65  22  18 385
 381 168 110  34 107
 206 318 132  62 169 372
 238 289  63 177
 353  93 270   9  15
  19  25 371  49 102 293
 112 353 270  25   8 254 305
 110 316 381 200  87 162 227 343 388
 318 163  48  84  38 113
  58 357  64 249
 354 327 237 340 191
 153 304 149 294 269 380
 256  61  92  37  42
 237 326  81 108   3  10  57  62 132 236
   2 137 178 176
 215 218 139  46   2 145 175
  66 281 104 328 164 201 238 300 336
 308  26 390  87   2 175 239 286
  70 285 113 361
  19  92 353 270  37 122 293 355
  66 220 328 237   3 191 289 291
   5  12  14 383
 277 246 376 362
 258 115 337 359 109 307
  56  89 208  43  11 143 186
 185 211 229  89
 255 291 196 104 342 386
 316 382 139 275  34 364
 332  52 391 142
  63 336 311 331 106 110 120 127
 181 237 354 171 374
 104  66 352 368
 141 311 324 106 306
 204 122 335   9  31 152 154
 384  53  38 302
 340 209 366 117 156 158 187 255 265
 378 328 261  17   7  51 234 344
 140  55  85 320 207 369
  39 330 160 329  59 211
 338 221 110  46 141 168 324
 220 177 271  66
 345  37 232 387
  88  26  20 360  95
  20  22 335  31  18 161 194
   1 282 300 263  82
 163 128 103 132  48  64 283 285 348 372
 258 198 359 287
 143  43 277 185
 366 196 340  41 158
 271  36   7 219
 222 341 199 329  59 186
 139  35  41 378 150 338
 151 375 389 295  38
 246  76  44 277
 368  46 221 150  36 176 227
 262 247 270 122  22
  15 309 121 314
 388 176 150 296 135 245 299
 224 328 336  47  40 210 243 280
  66 181 201 128 238 271
 368 224 225 378 110 200 215 316 344 352
 211 341 343 381 135
  93  19   6 256
 221 368 328 378 219 263 344
 378   1 221 368 104 289
 317 361 149 158
 110 168 215 344 233
 347 252   0 391  53 273 333
  26 114  89 324 186
  66 104 238 328
  43 277 111  96  24
  37 314 293 154 202
 227 135  59 388
 104   1 344 197 249
  91 131 261  85  71  75
  81  57 108 174   4 350 356
 174 354  62 181 138 171 191 281 326 331 336
  66 230 177 220 103 128 164
 100 109 373 178 276
   9 305 353 247
 291  60  30 131
 248 319 362 303  26 325
 263 219 300 320 147
 250 367  33 269
 337  75 258 218
 214 279 183 277  32
 216 270 259  54 122 240
 331 319  50  80 242 325
  33 291 131 234  45 170
 244  33  45   3 357
 134  73  93   6 310 333
   0 228 347  54  53 142
  28  29  70 126 384
  67 112 167  25   8 272
 156 187 291 196  71 159 386
 173 223  37  92
 350 278  84   4
 337 359 184 115 207 245
  54   0 247 157   8
  50 329 363 327 101
 320  85 117 346   1  17  55  60 197 235 263 282
 216  16  22  68  21
   1 224 261 205  82 147 243 300
  96   8 305  92
 308 366 196  47
 112   9 353  93  15 134
 355 353 322 389
 373 347 142  88
 244 380 172 153 297 351
 353 167  25 247   8 165 180 216
 201 326 210 220
 302 391  52 254
 228 391 301 347
 120  63 303 311  39 127 349 362
 296  35 117 382  30 139 150 188
 317 105 239 100
 183 208 214 246  24 231
  10 257 138  80
  83  61 334 383  99 246 290 339 345
 219 320  45 291 356
  62 177 237 306  98
  74   1 261 205 119 294 342 386
 130 206  14 292 348
 364 101  94 107
  69 351 380 206 179 297
 390 312 319 178 373
 359  35  91  34 100 109 207
 363  81 329 108  76  97 292 358
 225 354 378 181 164
 371  99 102 279 322
 367 294 181 187  45 241 249 255 280
 130 108  81 288 136 283 358
 180  19  37 166 152 232
 291  33 367 282  69 147 172
 345 213  19  15
 275 139 117 340  30  35 123 133 150 218 377
 118 351 285 269
  46 338  36 137  42 146
 145 330 360 218
   1 205 177 263 243
  52 391 302 321 273
  52 301 391  90 195 272
 331 120  63 127 138 242 274 329
 172 386 342 153  27 103 124 380
   9 353 167  19 240 264
 281  98 311 193
  21 124 184 109 315
  87 265  35 178   2
 121 383 314 334 217
  73 251 134  28 121
 190  63 120 336  13 141 193 274 306
 390 319 137 146 286
 315 125   2 105
   9  93   6  15 217 232 309
 313  79 307  65
 188 382 338 221  34 168
 158 226 361 156  77  78 276
 169 163 132 108  48  84
 137 338 327 248 146 242 286 312 324 390
 261  85 346 117  51  55 198 243 280
 157  90 391  54  52 301 332
 151 267 290  99 118
 127 358 160  63
 200 319 193 338 229
 248 106 349 242  40
 174  81 108 237  10 136 271
 354 171 139 319  46  50 145 260
 197  47 378 104  57  66 177 181 219 224 230 344
  50 260 303  63  59 101 199 211 288 363 374
 160 199  89  39  56 299
 336 237 303 248 190
 321 189 157  52  53
 228  77  78 251
 383 279  61  99 309 345
  31 204 194  22  20  94 111
 331 190 177 237 106 219 311
 258  75 140 359 184 245
 382  47 212 316  46 137 200 298 319 324
  99 279  83 389
 296 139 196 117  30 133 171 209
 381 343 211 141 222
 159 156 187 282 304
 381 341 168 222 114 360
 224 328 221 197 227 234 352
 295 279  83 334 202
 378 117 133  41 261 320
 142   0 228 157 252 268 273
  64  14 283 206  38
 106 160 120 274  56  97 325 365
 365  84  44 236   4 257 376
 380 269 285  12 297
 368 150 221 344 192
   9  25 167 270  19  67  93 165 180 240 266 267 305 370
 171 237 327  47 191 289
 180 389  92 371 151 267
   4 236 280 367
  64 250  58  72 170
 323  76 292 288
 287  91 258 125 105 184 207 337
  95 114 343 299  86 135 148 203
 156 317 159 226 179
  50 274 242 120  39 183
 260 288  50 329 130 144
 101 188 127  62 284
  44 350 349  76  23  32  84
 377 209 123 117  71 105 125 156 158 196 265
 291  33 294   3 244 356
 221 224 104 378 192 215 225 352
  55  51 198  85
  25 116 353 122
  92  49  83 290 102 151 166 355 375
 144  10 206 163
  88 239 268 286  77  78
 329   2 101 191 144
 213 151 102 371
  44  76 183 350
 150 296 117 366 123 125
 197 104 346 225  17  41  47 139 212 221 224 289 328 368
  73   6   8  93 387
 269 304 351 172 285
 343 341 168 162 222
 275 338 188  47  35 316
 334 279  61  99  12 182 309 387
  72 129 253 126  58 195
  18  65  31 161
 255 187 282 115 124 304
 202 379 383 129
 135 218  87 168 233
 151 116  16  25  68 213 267 339 355
 312 319 286 178
 321 157  90 301  52  53 189 228 272 273 302
