 172 262 370 298 275
  95 188 259 144
 343 229 165 381
 123 148 347 291 264
  62  44  51 163 281
  14 384 206  92
  49  90 153 312
 282 128 330 310  75  88 129 139 205 336
  31 201 311 234  36 105
 251  99 292 383  81 118 136 322 326
 383 118 279 322 134 252
 348 342 338 356
  38  62 338  53 280
 158 368 376  84 191 277 364
   5  92 206 384 364
  34  56 201  40 240 256
 157  25  89  69 125 226 388
 356 342 152 364 294 346
 229 199 343 116  41 222 363 385
 362 213 261 233
 204 229 324 343 276 323 335
  42 110 259 145 220 288 317
 245 161 114  83 195 218 389
 216 246 370  90
  83 167 212 209
 226  16  69 314 319
 194 191 122 365  66  96 303
 255 215 306 328 224
  86 250 249 174  29  61  98 181 244
  61 250 257  28  48 130 181
 232 291 158 169  91 100 148
   8 311 201 234
 372 242 337 231
 327 227 391  72
  15 121  51 256  44  56 187 201 240
  57 352 180 225 154 272 307 315 320
 267 109 261   8  94
 209 225 212 265 141 289
  12 358 294  51 345 369
 273 381  46 341
 239  55  45 304  15 201 236
 363  18 140 216
 145 270  21 110 106 140 288
 135 167  93  73 141 168 299
  51  34 187 121   4 111 390
 330 253 239 124  40  74  84 230 282
 199 165 343  39
 332 313 113 369  58
 249 318  29 236
   6 153 370  90
 223 284 270 271
  44  34 121 187   4  38 369 390
 255 119 351 296 173 320 347
 217 243 336 338  12 374
  69 262 183 314  65 125 150
 333  82 311 146  40
  15  34 256 230
  35 225 344  79 133 162 180 200 272 307 315 354
 302 185  47 312
 204 247  93 229 267
  99 136 198  81  97 207 290
  28  29 250  86 130 244 257 266 269 387
   4  12 338 243 281
 227 100 223 271  72  92 101 327 391
 350 110 339 292 317
 183 314  54 222 150
 214 365  26 198
 137 212 228 301 233 261
 185 321 120 260 274
  54 314 262  25  16
 328 156 309 158 182 368
 164 203 379 137 275 325
  33 115 223  63
 221 160 204  43 165 299 324 335 372
 336 309 375  45 130
 310 176   7 146  88
 378  91 159 331 237 273 327
  78 190 211 296 102 308 340
  77 190 296 211 102 308 340
 159  57 265 306 133 215 219 255
 268  85 248 330
   9 383 136 292  60  97 113 134 241 279 290
 146 333 306 209  55
 114 161 212 245  22  24 195 296 360
 253 380 124  45  13 366 367
 330 306 124 352  80 176 209 212 215 248 268 301
  28 244 174 249  61 181 300
 349 225 167 265
 282   7 128  75
 321 388 131 226  16 163 166
 370   6 172 153  23  49 143
  76 308  30 273 359
   5  14  63 101
 354 272  43 196  59 168 231 242 247 263 337
 299  36 267 335
 259   1 188 122
 194 170  26 365
 290  60 113  81
 304 253 174  28 132 300 318
 112   9 136 251  60 142 357
  63 271 223  30 359 382
 115  63 271 223  92 269
 391  78  77 190
 307 305 196 362
 119 380 306 253 149 239 316
   8 231 242 293 240 373
 270  42 145 110
 197 177 117 235 361
 132 253 128 250
 141 355 208 137  36 267
 115 270  64 271  21  42 106 188 317 359 382
 187 390  44 166
  99 142 339 254 126 283
  81 290  97 136  47
  83 360 355 178  22 161 171 233 245
 271 101 223 110  72 170
 175 385  18 262 246
 171 197 291 235 107
 292 322   9 383  10 279 339
 104  52 306 355 173 213 320 366
 274 371 185  68
  34  51  44 374 281
 259  95 298 194  26 303
   3 264 271 148 144 151
 330 239  85  84  45 164 230 248 278 287
  16  54 388 353
 254 142 277 112 241 269 348
 325 287 130 164 236
   7 129 336 330  88 108 152 176 205 230 282
 128   7 310 336 152 278
  74 375  61  29 127
 166 321  89 226 388
 108 304  98 318 386
 196  57  79 159 147 337 341
 279  10 292  81 252
 192  43 311 272 349
  99   9  81 251  60 113 290
  67 233 149 379  71 109 261 295 316 329
 231 196 305 337
 310   7 248 228
  42 270 288 145  41
  37 340  43 109 195
 339 112 179  99 126 254 283 326 357
 186 353 302  90 258
 259 220 298 123   1
  42 270  21 106 140
 333  82 306 330  55  75 192 268
 308 378 133 159
 291  30 378   3 123 284
 316 137 333 104 234 295
 183  65 353  54
 313 387 269 123 319
 129 205 336 128  17 346
 172   6 312  90  49 157
 225  35 379 352 193 265 344
 367 325 295 374 189
 328 309 174  70 182 297 351
 353 260  16 153 166
 232 291  13  70  30 368
  79 265 193 378  76 133 147 184 273
 221 204  73 165 341 372 381
 245  83 167 114  22
 225 208 272  57 203 379
   4  89 321 388
  71 287 124 171 127 203 329
 381 160 341  73   2  46
 131 321  89 157 111
 225 272 161  24  43  87 349
 221 242  43  93 231 299
 297 232 351  30 384
 365 277 364 115  96 350
 117 235 114 197 164 329
 153 370  90   0 303
 344  52 119 307
 297 351 156 328  28  86  98 250 300
 116 262 385 343
  75  85 128 310 234
 219 107 197 184
 355 114 238 360 202 218 285 347 368
 383 142 339 348 313
  35  57 272 315
  28 250  29  86 241
 309 156  70 375
 222  65  54 262 150
 197 177 378 159 193
 302  68  58 260 120 312
 143 353 258 246
  51  44  34 390 111
 270 259 110   1  95 382
 286 334 295 155
  78 296  77 232 102 227 331 391
 368 248 376  13  26
 311 135 209 146 289
 159 344 154 184 237 320
  96  26 122 220 275
 245  22 141  83
 133 341 337 354  93 103 138 247
 235 107 117 215 171 177 184
 205 336 376 375  60  66 207 210
  18 229  46 343 314 363
 344 225 235  57 361
   8  15  40  34  31 293
 218 347 178 366
  71 162 164 208 275
 160  73 229  59  20 247 335
 336 198   7 128 152 217
 384   5 331 328  14 224
 280  60 198 290
 211 162 272 225 109 203
 352 212 268  85  24  37  82 192 289
 357 326 198 350
 208  77 225 355  78 308 340
 209 352  83  85  24  37  67 268 301
 305 362 355 119  19
 377 365 283 356  66
 306 328  85  79  27 197 224
 246  23 385  41 258 363
  53 243 336 205
 347 202 178  22 264 303
 352 177 306  79 300
 144 259 298  21 194 377
  73 324 168 160 299 372
 343 183  18 229  65
 271 115  63 100  50  72 101 284
 215  27 206 328
  57 272 167 265  35  37  87 154 162 200 208 211 354 379
  25  89 131  16 332
 331  63 327 190  33 237 391
  67 139 261 352
 343 204  18 199   2  20  59 222 335
 128 330  45 124  56 278
 324 242 168  93  32 105 138 276 373
 291  30 158 190 169
 137 114 360  67  19 301
 295   8 176 149  31
 197 200 171 362 107 117 307 361
  48  40 249 127
  76 193 331 227
 178 355 347 351 285 389
 124 330  45 104  40 287 333 380
 256  34 105  15 373
 181  81 243 126
 168 231  93 263  32 105 373
  53 217 338  62 241
  86  28  61 269
 161  83  22 114 195
 216  23 116 370 186 258
 204  59  93 196
 124 330  85  80 139 191 287
  28 250  86 253  48 236 304 318
  28 253 249 174  29  61 108 181
   9 292  99 322 136
 134 258 363  10
 380  84  45 104  98 108 249 250 367
 126 339 112 142
  52  27 351  79
  34  56  15 240
  29 338 342  61 386 387
 186 246 216 143 252
  95 298 122 144   1  21 188 220 370
 157 353 312 185  68
 228  67 329 137  19  36
 175  54  69 116   0 183
 315 349  93 242
 123 218 347   3 319
 225  79 159 154  37  87
  61 277 376 366
  36  59 109 314  94
 209  85 212 146  80 289
 244 126 101  61 151
  42 110 145 106  50 140 188 382
 223 115 100  63  50 101 110 123 284
 225  57  35 167  93 135 162 180 208 354
  76 341 378 159  39  91 381
 120 371 281  68
 194 203  71   0
 231 324  20 323
 376 364  13 170 126 266 365 387
 374 129 124 230
 292  10  81 118 134
 207 290  12 338
 374 121   4  62 274
   7 330 128  45  88
 142 112 214 365 377
  50 223 148 271 361
 238 178 347 389
 374 189 334 295 358 369
 164 248 124 239 127
 317 140  42  21
 268  37 209 192
  97  81 136  60 113 207 280 326
 232 158  30 117   3 148
 118 251   9 322  64  81 134 279 350
 105 362 201 329 323
 358 356  38  17 345
 234 149 316 137 155 189 286
 190  83  78  77  52 331 378
 351 174 328 156 169
 259 370 220 144   0 122
  43  73 168 221  94
 174  98  86 219 386
  67 212  85 233
 185  58 143 312
 122 218  26 172 345
 318  98 249 132  40
 103 307 213 362 138
  85 215  82 352  27  79 104 119 146 219
 103  57 235  35 173 305 362
 211  77  78  91 147
 156 328  70 384  74 182
  75   7 139 129 176
 192 135  55 333   8  31
   6 153 260 185  58 302
 332 151  47 179
  69 199  65  54  25 267
  35 263  57 180
 149 104 137 380 295 325
  64 288 110  21
 304 249  98  48 132 386
 264 323  25 151
 193  52 119  35
  89 388 131  68 163 166
   9 118 292 251  10
 276 319  20 293
 221 372 231  73  20 276
 127 155 316  71
 357   9 290 142 210
 227  63  76  33
 156  70 174 215  27 206 224 297 309
 261 164 171 137 293
 124  85  45 239   7  80 128 146 230 248 282 333
 227 190 296 206  76 237
 313  47 369 226 371
 146  82 330 239  55 149 311
 286 189 358 374 371
 204 229  73  20  94
 205 128  74   7  53 129 152 198 217
 196 354  93 133  32 138
 342 257  53  11  12  62 243 280 374
 142 254 118 112  64 179 357
  77 211  78 141
 165 196 160 133  39 273 381
 338  11 257  17 346 356
 229   2  18 222  20  46 175 199
  57 200 193 154 173
 358 303 294  38
  17 377 342 152
 218 238  52 178   3 202 264 285
  11 364 179 126
  87 167 263 135
  64 365 170 292 210
 297 174 255 156  52 169 238
 209 306  85  35 154 212 219 228
 157 143 260 186 125 150
  93 272 225  57 196 337
 178 360 114 119 109 211 213 238
  17  11 214 342 294
 142 339  99 365 210 326
 294  38 334 286 345
  91 110 382 100
 114 355 178  83 233 389
 284 200 107 235
 235 305 307 213  19 103 293
  41 216  18 199 252
 376 277  14  13  17 170 348
 170 214 283 277  26  66  96 350 357 377
  84 367 119 368 202 266
  84 380 253 366 155
  13 158 178  70 191 366
  51  38 286 332  47
  90 298 172 259   0  23  49 246
 274 120 332 334
 324 221  73 160  32
 231 105 240 242
  53 338 278 286 121 155 281 334
 376  74 198 182 130
 277 364  13 198 191 266 375
 214 283 365 220 346
  76 159 184 296 147 148 273
 154 137 225 162  71
 253 104  84 239 316 367
 165 341 160 273   2  39
 270 100 188 110 359 385
   9  10 179  81 118
 206 309   5 169  14
 116 175  18 382 216
 318 257 300 132
 151 257  61 277
 321  89 131  16 125 163
 238 360 285  22
  44 187 111  51
 102  63 227 190  33
