 186 141 297 143 145 175 183 260 265 317 370 385
 349 291 261 188 100 170 358
   3  22  23  79
 250 237 269   2 278
  66 292 136  40
 376 329 327 165
 321 122  25 332  16  36
  99 106 277 133 342
 372 155 197 352
  98  32 322 117
  91 120 334 292  26
  70 109 303 257  45  80
 345 391 363 376
 108 304 213 316 142 248
 288 220 348 265  83 373
 131  34 156 203  58 323
 389   6  95 321  41
 329 347  63 316
 385 175 247  20 201
 371 389 374 178 105 353
 222 157 204 273  18 335
 299 214 326 287  23 107
 138  33 107 197   2
  21 123  76 107   2 106
  69 224  89 332  31 105 230
 332 259 116 321   6  31 161 216 245
 196  81  10 292 290 336
 329  63 202 101  73
 257 244 320 109
 145 126 141 109 272 313
 263 182 227 162
 116  24  69  25
   9 117 182 112  66
 197 237 123 359  22
  15 176 369 287  82 131
 132 304 318  68 277 331 343
   6 199 286 321 161 373
 347 391 363 162 352
 307 337  93 308 336
 220 327  51 102 366 367
 292 198 134 383   4 136 251 256 333 375
  16 130 321 164 305
 233 271 316 202 119 163
 367 221 168 106  49
 344 308 346 168
  11  70 104 328
 327 285 101 165  51
 309 253 206 298  60  84 158 231 328 361
 368 119 202 233 234 387
 276  43 155 366
 220 348 288 327
 165 327  46 220  39
 139 254  72  73 242
 319 156 391 382
 255 229 116  90 157 216 222 262
  76 376 283 284 246
 310 191 198 176 112 167
 147 269 188 363  58 170
 363  15  57 352
 199 286 312 373 124
  89  47 178 280 158
 130 389  90 275
 174  79 343 250 278
 101 329 226 316  17  27  64 202 266 283 348
 348 226  63 283 177
  85 185 172 189
 198 383  32 300   4
 296 181 142  97 118
  35 132 304 378
  24 224 332 178  31  89 179
  11 212 206 355  45 361
 181 370 330 355
 227 110 345 254  52 182
  52 139  27 329
 301  75 158 360 125 340
 224 374 200  84  74 232 301
 376 363  55 352  23
  78 284 237 123 106
  77 284 237 123
 363 319 162 250   2  62
  11 339 173 257
 251 292 383 267  26
 326 291 287  34 147 191 306
 265 288  14 141
 309 346 253  47  75 238
 377 189 208  92  65 144 185 215 270 311
 129 193 386 244
 211 160 172 153 258
 263 154 368 156
  60  24  69 178 280
  54 255 262 259  61 130 157
  10 334 120 187 138
 377  85 116 152 215 270 273 365
 337 295 365 344  38 305
 267 159 338 340
 152 160  16 228
 236 117 169 174
 296 108 271 316  67 111 330
 368 112 154 203   9 234 384
 308   7 267 113 135 342
 261 149 382   1
  63 226 329 347  27  46 248 285
 168 373 239 346  39 276 366 367
 288 370 272 264
  45 346 168 232 277 364
 353 371  19  24
  43  77  23 123   7 342
 252 299 359  21  22  23 138
  13 304  97 296 142 318
 388 247 303 320  11  28  29 126 244 249 257
 357 227 356 127  72 188 210 223
 202 233 271  97 275
 203 156  56  98  32
 192 215 235 240  99 137
 209 372 315 214 341
 120 325 274 334 146
  25 377  54 229  31  92 161 216 255 262
 322  32 169   9  96
 142  67 275 173
 126 202  48  42 128 289 313
 334 274 134 140  10  91 115 325
 387 174 331 289
 321   6 164 150 389
 237 149 284  78  23  33  77 106 155 246 341
 288 212 220  59
 275 177 339  74
  29 119 264 109 163 320 388
 227 391 110 356 263 293 357
 388 320 247 119 180 313 387
 193 179  86 360 386
  90 157 228  41  61 295
  15  34 167 306 236 362
 250  35 343 318  68 174 221 277 331 354
 196 294 267 219   7 290
 334  40 299 217 120 251 256 274
 137 153 258  99 342
 241  40 274 198   4 219
 113 336 258 135
  22 107  91 187
  52 391 293 227  73
 252 334 299 217 120 187 274 359
   0 186 145 218  29  83 265 272
  67  13 296 108 118
 297 298 186 351   0 183 218
 377  85 229 208 189 240 268 280
  29 206 141   0 212 272 288
 325 256 294 115 290
  57  82 358 326 170
 294 386 235 192
 382 284 100 261 123 237
 186 175 122 286
 285 213 248 233 177
  95 160 208 302  92 281 344
 172  87 258 211 135 232 308
 293 254 368 380  88  98 384
   8 123 352 372  49 246 276
 203 357 356  15  53  88 112 323
  90  20 255  54 130 204
 361  47 231  60  74 173 338
 338 340 184 235  94
  87 152 185 211  95 228 281 311
 245  25  36 116 302
 391 318 227 382  30  37  79
 304 126 331  42 378
 122 297 321 175  41
  51 327 329 347   5  46
 333 291 349 169 219
 191  56 131 310 236 362
 102 367  43 171  44 104 207 221
 291 322 203 188  96 117 166 205 269
 358   1 147  57
 316 271 330 304 168 239
 211  87 153 258  65
 361 158 313 180  80 118 339
 331 250 132  62  96 121 278
 186 317   0 150  18 164 385
  34 323 356 369  56
 366  64 151 285 125 275
 199 332 286 374  19  60  69  89
 193 230 129  69 184
 173 128 247 388
 330  67 296  71
 263  72 227 254  30  32 242
 298 143   0 297
 338 230 179 240 159 235
 160 281  65  85
   0 175 317 143 141 150 260 265 297 385
 252 334 140 299  91 138
 261 356 382 110   1  57 169 269
  85 282 377 144  65 240 270
 249 303 264 212
 310  56 167  82 306
 235 282 215 240 113 148
 179 129 216 298  86 230 386
 245 374 238 353 314
 324 200 374 351 344 381
 133 256 292  26
 359 252  33 299   8  22
 310 300  56  40  66 136 241
 178 286 218  59  36 314 353
 195 374 381 224  75 280 324 350
 370  18 385 313
 233  63 266 271  27  42  48 111 119
 156 356 112 357  15  98 169 322
  20 273 157 222
 169 322 379 390
 309 355 145 297  47  70
 364 354 340 168
 268  85 152 211 144 228 311
 315 114 217 372
 379 110 356 369 225 243 390
 172  87 160 208 153 258 280
 145 355  70 218 124 190 303 346
 285 316 271 248  13 151 264 330
 243 315  21 114 341 375
 192 235  92  85 113 270
 229 116  54  25 193 222 262
 299 334 315 209 134 140
 286 143 199 260 141 212 360
 333 136 256 166 133
  50 348 327 288  14  39  51 124
  43 132 168 284
 229 216  54 255  20 204 273 335 386
 356 369 345 110 225 358
  69  24 332 374  75 200 301 360
 210 369 223 379
 101 348 329  63  64 283 327 347
 110 391 127  72  30 139 162 182 242 254 382
  95 208 268 160 130
 255  54 216 377 116 144 222 282
 179  24 377 193 184
 158 361 301  47
 346  75 153 104
 202 285  42 304  48 111 151 266
  98 331 236  48 278
 192 215 184 282 113 148 159
 306  96 167 131 234
 149  78 123  77   3  33
 314 312  84 260 194
 102 346 373 171
 189 282 144 192 113 184
 198 322 300 136
 254  52 182 227
 383 214 210 300
 320 109  28 388  86
 161  25 259 194 302 353
  55 123 155 367
 298 109 388 128  18 180 257
 213 285  13 101 151
 264 190 303 109
 132 343 269  79   3  62 174
 292  40 383 134  81
 140 299 187 359 107 197
 360 351  47 309  84
 242 293 227 154  52  72 182
  54 229 116  90 157 222
 333 134  40 325 146 196 219
 109  11  28 247  80
  87 172 153 211 135 137 307
  25 332 389 245  90
 286   0 218 186 238 312
 188 382 100   1 149 291 349
 116  54 216  90
  30 127 182 293  88
 303 249 126 213 103 190
   0 141  83 186  14
 202 233  63 285
  81  99 133  94
 208 228 144 350
  57 250 188 169   3
 189  85  92 215 295
 316 304  42 213  97 111 171 202 296 330 378
 370 145  29 141 103
  20 204  92 222 335
 120 134 140 136 115
  61 118 111 177 125
 155  49 367 102
  35 354 132 104   7
 234   3  62 174
 322 379 300 390
 200  89 211 144  60 338
 311 160 185 152
 189 192 377 229 235 240
  63 226  64 316  55
 149  78  77 123  55 221
 213 233 101 248  46 151 177 266
 260 199 218 312  36  59 150 178 371
  34 291  82 315  21 300 326 349
  14 312 145 124  50  83 103 220
 378 119 304 313 121 387
 294 146 133  26
 349   1  82 261 166 169 287
  40 383 251 375   4  10  26  81 196
 154 391 254 127 139 263 368
 290 133 146 148
 337  93 270 130 305
  97 330 108 271  67 142 181
 143   0 186 206 164 183 298 355 370
 183 143 297 317  47 193 247 328
 217 334 252  21 107 134 140 187 197 333 359
 310 287 322 198  66 241 243 279 323
  74  75 224 231
 152 374 161 245 344
 264 109 212  11 190 249 339
 271 316 108  35  13  68 163 171 233 289 378
  41 295  93 366
  82 236 131 191
  38 336 337 258
 365  44 153  99  38
  47 206 253  84 328 355
  56 191 300 198 167
 281 208  85 160
 286 260  59 238 288 373
  29 119 128 289 173 201
 238 199 353 194
 209 287 217 114 214 372
 271 304  63 213  13  17  42  97 171 283
 186 175 298   0 385
 162  35 132 108
  53  79 352 363
 244 128 109 126  28
   6  25 122 351  16  36  41 164 335
 300 203 169 379   9 117 205 241 279 390
 176 156  15 300
 195 200 381 351
 256 334 120 146 115
  82 287  21 147
 220 226 348 329   5  39  46  50  51 165
  47 298 361 309  45
 101 226  63 347   5  17  27  73 165 327 376
 296 271 213  97  71 171 181
 163 174  35 132 121 234 354
  25 178  69 224   6  24 259
 166 256  40 299 219
 299 217 140 120  10  91 115 134 187 325
  20 321 222 273
 307 137  26  38
 365 295  93  38 307
 159 184 158 280  94 340
  80 173 303 385 125
 159 338 364  74  94 207
 123 214 114 372
  99 106 135   7
 250 132  62  35
 381 152 302 195  44  93
 223  12  72 358 363 384
  84 371 212 102  44 104 232 239
 329 101 226  37  17 165
  64 226  63 220  14  50 327
   1 291 261 287 166
 381 200 360 268
 253 360 143 195 321 324
 363 319  37 391   8  58  76 155
 199 105 245  19 194 314
 364 132 331 207 277
 206 309 212 297  70  71
 369 357 188 110 127 156 176 203 210 223 379 390
 110 356 156 127 203 379
 345 223   1 147 170
 197 252 140 299  33 107
 253 351 218 224  74 129 350
 158  47 328  70 173 231
 380 167 384 131
 391 376  12 345  37  57  58  76  79 319 352
 354 207 340 104
 337  93  92 308
 177 102  49  39 305
 168  43  39 102 246 276
  48 154  98 293  88 380
 356 223 210  34 176 225
 272 297 103   0  71 201
  19 286 105 374 346
 114 209 315   8 155 341
  59 312  36  14 102 239
 200 224 195 178  19  75 194 302 371
 383 292  40 214
 329 363  12  76   5  55
  92 116  85 229 144 189 230 282
 304 289 163 271  68
 210 357 356 322 205 225 279 390
 154 384 368 362
 200 350 195 324 344
 261 188 149 227  53 100 162
 243 375 292  40  66  81 251
 380  98 154 345 362
 175 317 186   0  18 201 339
  86 193 129 222 148
 121 289  48 128
 109 128 126 247 180 244
  16  19 259 122  61
 322 379 210 356 205 279
 227 127 293 162  12  37  53 139 352 363
