 245 157 321 247 116 213
 183 273 172 165 186 213
 229 332 216 245
 156 260 281 171  15 114
 198 230  12 323 311 337
 251 375 139 362 201
 358  56 317 226
 159  46 237 357  93 328 372
 343  27 162 109
 198 260 281 156 136 180 243
 352 346 197  12
 355  24 197 194  17  58  97 140 303 343 348
 346 159 391  82   4  10 114
 356 254 135 322
  64  76 384 145 173 376
   3 279 370 340 135
 214 369 391 347  34
  11 267 303  64
 175  20 204 216 115
 302  69 371 185 158 298 356
 222 204  18 216 175 385
 306 237 331 274
 351 355  24 343
 371 286  54 314  49 122 130 278 302 340
 104  11 171 137  22 191 303 343
  77  78 190 160 192
 330 310 179  81
 233 343 109 315   8
  30 296 244  70  79 126 152 190
  48 163 250 255 160 189
  28 296 244 250 141 160 366 381
 109 388 343 194 131 193
 210 128 107 354
 150 210 236  84 362
 129 311  16 349 240
 390 291 110 299 117 207
 329 343 137  50  93 165 202 248
  63  84 263 265  39  41 128 168 221 354 361
 123  62 316 315 277 289 300 308 318 360
  52  41  37 179 112 167 220
  44  54 198 281 338 372
  84 128  37  43  39  52 236 324
 238  76 218 327 373
  84 138  41 150  88 154 236 362
  40 334 198 281 372
  53 359 203  57  72 217
 209 197 103   7 151 312 345 363 365 380
 198 205 134  66 180 206 338 339
 163 132 309 244  29 255
 116 122  90  23 144 155
 329 301 223 137  36 202 266 267 345
 259 164 335 371 135
  39  41 111 128 112 179 231
 217 313  45 256  72 337
 371  23 349 286  40 164 185 278 340
 364 162 346 159 142 233 235
 254   6 181 377
 258 203 256  91  45  71 103 121 196 287 359
  11 355 109 382 194 380
 199 376 380 381  87 151 248
 219 362 375 210 220
 227 177 367 264 124 252
 123 308 163 291  38 174 200 239 299 318
 263  37  84 152 112 168 221 265 324
  14 312 384 352  17  80 380
 105 333  76 380 192
 390 339 110 119  47 206
 288 105 384 267  83 234 238 278
 137 347 295 391 131
  19 266 370 302  75 158
 297 244  28 250 101 253 344
 261  94  57 331 103 237
  45 359 357  53
 142 283 170  74 118 251
 170 228 162 205  73 134 233 348
 185 370  69 286
 288 105  14 145  42  65  83 327
  78 320 305 271  25  92 192
  77 320 305 271  25 192
 101  28 152 297 326 344 368
 305  64 365 352
 350 166  26 268 127 231
 230 281 323  12 156
 145 153  76  67 176 234
 263 107  37  41  33  43  63 128 150 265 324 354 361
  88 236 207 375
 126 184 212 299 379
 366 381 376  59
 236 184 212  43  85 154 167
 274 306 120 264 114
 122 116 321 259  49 161
 258 256  57 237 287 313
 226 358 218  77 322
 159 137   7  36 347
  71 237 357 256 131 230 287 328 337
 104 157 295 171 146 271
 181 262 330 377
 162 121 258  11 228
 378 149 291 244 215 252 367 368
 113 117 232 249 178
 316 108 309 123 132
  70  79 190 152 326
 374 223 370 214
  57 109  71 174  46 151 195 285 304
 171  24 137 295  95 223 266 352
 288 384  76  67  65 363
 177 331 319 120 187 292
  84 263 150 210  32
 174 382 100 304 188
 343  31 103 121   8  27  58 193 194 195 225 341 388
 390 113 269 123  35  66 119 207
 179  52 128 330 361
  39  52  63 354
  99 249 110 304 117 178 333 366
 391  89  12   3
 175 204  18 385
  90  49   0 122 161
  99 113 232  35 178
  73 142 290 315 251
 312 239 232 110  66
 274 331 177 293  89 106 219 264 306
 196 258 109  57  97 170 280 290
  90  49  23 116 161
  38  62 308 174 100 110 141 294 309
 359 367  61 211
 241 319 292 300
 297  28  86 250 150 210 253
 350 167 268  81
  41  84 354  37  32  52 111 310 330 361
 158 243 349 279  34 135
 389 340 279  23 240
  94  68  31 270
  48 174 304 100 255 292
 293 306 364 359 272 307
 283 205  74 290  47 219 251
  51 129  15 164  13
 158   9 180 266 336
 295 171 329 172  24  36  50  68  93 104 223 270 347
 212  43 368 169 167
 265 168   5 221
 209 197  11 382 188 205
 294 308 123  30 160 381
  55 290 283 235  73 118 219
 247 314 270 347 155
 273 213  49 270 155
  76 376  14 327  83
 267 238  95 271 224 275
 368 263 210 265
 364 316 318 264
 291 309 163 244  98 215 250 284
 210 107 126  84  33  43
 103  59 195  46 273 373
  79 101  28 296  63
 172 270 288 165  83 176 246 353
 326  88  43 307
 143  49 302 144
 391   9  82   3 214
 353  95 270 172   0 247 321
  19 340 279  69 129 136 317 356
 237  93   7 346  12  55 372
  29 141  30 199  25 208 333
 218  90 116 122 224 317
 346  55  97 283   8  74 228
  48  62 244 250  29 149 255 291 299
 349 259  54 371  51 135
 202  36 329 288   1 153
 350 262 268  81 377
 272  88 138  39 127
  37 221  63 265 139
 184 253 296 257 138 379
  74 280 121 228  73
 104  24 137 295   3  95 266 286 301 342 391
 270 153 137 295   1 157 183 353
 232 376  14 312 336
 108 304  62 123 103 132 341 382
 204  18  20 222 115 385
 246 153 245  83
 106 120 274 331  61 187 293
 113 333  99 117
 111  52  39 310  26 220
 198   9 243  47 136 338
  96 262 377 350  56 254 383
 183 276 301 314 186
 172 276   1 295 182 186 335
 269 257  86 169  88 212
  54  19 302 371  75 298 356
   1 182 183 246
 106 177 293 331
 382 108 352 140 271
 289 381  29 255
 360 101 250  28  25 284
  24 346 295 343 387
  65  78  77  25 242
 280 194 109  31 208
  11  58 109 343  31 193 320
 103 109 355 351 151 285 305
 121  57 258 290 292
 352 209  11 140  10  46 345 355
   9 230 281   4  40  44  47 180 243 338
  59 381 160 249
 239  62 299 381 333
   5 231 330 375
 165  36  50 329 248
  57 256 357 258  45 282
 222  20 175  18 115 216 385
  74 134 140 290  47 282 292 348
 312  47 325  66 336
 241 390  35 110  85
 160 353 193 320 229 242
 197 140  46 352 312 365
 150 368 126 263  32  33  60 107 147 362 375
 359 258 280 364 124 227 235 315 367
  86 184 138 366  88
 245 273   0   1 144 229
 391 369 156 281  16 102 243 349
 318 149 294  98
  20 222 204  18   2 332 385
  53 313  45 311
  42 245 161 238  92 224 226
 319 120 142 134  60
 310 179  39  60
 354 168  37  63 139
  20 204 175 216 332
 329  50 137 104 102 266 342 391
 161 218 146 246 242 275
 277 341 388 109
 271 246 245 218   6  92 275 358
 367 359 211 360  61 252
 357  74 162  97 170
   2 208 213 245 242
 281  82 328  94   4 198 282 337
  81  52 330 268 201
  99 119 117 384 173
 315  27  55  74
 334  67 374  83
 211 290  55 258 142
  88  33  43  41  85 379
  94 159  91  71   7  21 287
  67 288 267  42 146 218
 200 299  62 386 119
 130  34 259 321
 300 386 390 315 125 207 339 375
 224 192 229 208
   9 214 198 340 129 180
 163  48  28 149  30  70  98 250 257 269 296 297 378
   0 246 213 353   2 176 218 226 229
 245 153 176 353 186 224 226
 314 321 157 389   0 143 259 335 387
 202  36 380  59
 113 309 304 255  99 199 366
 163 297 244 149  29  30  70 126 190 255 360 386
 134 283 118  73   5
 367  98 227  61
 297  70 296 126 169 344
 377  56 350 181  13
  48 163 132 250  29 189 249
  91 258  57 203  53  94 282 313
 269 244 184 308 169
  57  91 261 121  97 196 203 211 235 256 277 290 331 357 359
 371 389 321 247  51  90 164 240
 301 391 329 374   3   9
  71 258 331 364 277
 166 377  96 350 181 268
  84 368  63 107  37 147 210 265
 120 364 357 277  61  89 148 293
 263  84  63  37 139 147 168
 223  50 171 104  69 136 342
  67  17  50 238 146 271
 350 166 262  81 127 231
 184 257 244 308 110
 172 137 295 157 131 143 144 153 273 353
 188 351  95 267  77  78 146 226
 326 133 167 307
   1 270 213 151 144
 120 293 177 331  21  89 306
 226 358 224 146
 286 314 301 183 182
 357 258 261  38 225 264 319
  23 349  54  67
 130 389 340 158  15 129
 211 121 315 364 170 193 289 319
 230  82 374 328   3   9  40  44 198 214 323
 203 230 256 205
 348 162 134 346  73 142 251
 190 378 149 360
 341 103 195 320
 370 301 276 171  23  54  75 314 389
  94  91 237  57
 105  67  76 329 153 165 238 363
 300 360  38 280 189 381
 196 121 134 258 118 142 205 235
  62 149 163 309  35  98 299 318 378 390
 196 106 132 205 125
 274 120 264 177 133 187
 308 123 316 141 215
 137 171 104 172  68  95 183 191 270 388
  28  30 244 297 152 169 253 344
 250 244  70 126  79 253 296
  19 185 371 302 373
 378 291 163  62  35  86 200 239 366
 289  38 315 319 125 241 386
  50 260 329 171 182 276 286
  19 371 185  23  69 155 298 340
  24 355  17  11
 174 108 132 103 113 249 305 341
 195 304 341 355  77  78  80 365
  21 331 120 274  89 133 307
 306 318 133 364 154 272
  62 123 294  38 141 257 269
 149  48 100 123 249 291
 330 128  26 179 220
 323   4 217 313  34
  64 384  46 209 119 173 206 325 334 363 365
 256  91  53 323 217 311
 276 247  23 286 143 182 335
  38 316 280 211  27 118 233 241 300 319
 100  38 315 364 148 294 318
 158 356 322 161   6 358
 316  62  38 291 148 215 307
 277 280 300 315 106 125 219
 380  78  77 194 208 285
 247 259 335 157   0  90 240
 383 317 358  92  13
  82 313 311 281   4
  63  41  84 354
 363 365 206 312
  79 344 272 101 154
 376 145  76  42
 230  94 281   7
  50  36 137 223 165 202 260 288 301 374 384
 310 128  26 111  96 201 231
 261 120 258  71  21 106 177 187 274 306
   2 216 222 385
 113  65 160 200 178
 384 312  44 374 234 336
 183 247 321 314  51
 173 136 334 206 383
 230  53   4  94 373
  47 180 198  40
  66 390  47 241 375
 371  54  23 302  15 130 158 243 279 356
 109 174 304 355 225 285 305
 223 266 171 374
 109 355  11  24   8  22  27  31  36 191 194 351
 253 296  79  70 326
  46 197  50 352
 162  12 159  10  55 191 283
 137 369  68  93  16 143 387
 283  74 205  11
  54 371 369 214  34 129 164 278
 166  81 268 262 127 181 254 377
 355 388  22 343 195 271
 197 209 355 104  10  64  80 188 345
 157 172 153 270 208 245 246
 221  84 128  37  32 112 324 379
  11 343 351 197  22  58 195 303 305 341 352
 158 185  19 340  13 317
 258 203 228 277   7  72  94 264
 226  92   6 317 275 322 383
 211 367 258  57  45  72 124 133 227
 386 289 250  38 190 227 284
 128  37 111  84
 375  33 210  43   5  60
 105 288 312  46 325
 261 211  55 316 133 148 264 280 307
  46 305 209 312  80 325
 299 249  30 113  87 212
 359 227 211  98  61 124 252
 263  79 210  98 138 147
 347 214 391 387  16 349
 286 371 389 102  15  69  75
  23 389  54 370  19  51 164 185 259 298 302 340 349
  44  40 159   7
 298 337 151  42
 329 281 102 260 234 334 342
 362 210 241 339   5  60  85 201
 145 327  59  14  87 173
 262 350 166 181  56  96 254
  98 299 291 244 284
 354 236  86 169
  58 320  64  46  59  65 248
 199 141 289  30  59  87 189 200
 108 188 174 140  58
 322 358 336 181
 105  67 329  64  14 232 312 334
 204 175 216  20 115 332
 360 239 300 250 241
 347 369 191 247
  31 109 351 295 225
 371 370 247 286 130 259 279
 110  66  35 291 207 241 339
 260 214 171 223  12  16  68 114 156 369
