 347 228  54  78  77 189 195 247 332 333
 104 291 221 378  74 187 255 294 300 386
 176  59 360 308
 230  57 174 210 367
 365 236 350  98
 182  12 118 345  72 170 256 297
  93 310 121 254 232 314 379
 209  41 378 346 369
 259 247 347  54 232 240 379
 266 112  67 305 264
  76 329 358 292  13 136
 130 363  76  81
 166   5 345 182  72 118 223 256 295 351
  10 120 136  80
  99 345 279 295  48
 266  73 134 251
 116  25 254 216 262
  66 344 225 220  45 294 342
 385 307 245 119
 180 151 353 383  92 122 293
 204 276  88  96 175 203
  31  78  77 247  65 240
 111 335  79  94 124 307
 283 358 363  76  64 179 208 231
 183 180  32 365
 353 167 370 270  16  93 116 122 213
  89 319 178 242 203 286 390
  86 386 101 233  79 304 313 380
 253 309 126 217  29  70
 126  28  58 217
 196 188 296 378 241
  21 109 105 373 276 317
 350  44 277 365  24 183 246
 249  82 369  55
 340 287 123 354  95
 275 212 196 296  41 117 133 139 162 316 360 366 382
 340 149 105 148
 247 129 333  93 195 213
  48 169 152 318 154
 362 199 303 191 248
 219 106 160 349 356
 212 338  35 346   7 280
 312 173 390 226
 208 185 231 155 111
  76 376 214 288  32 152 277
 271 357  17 220 170 233 250
 215  47 338 181 137 171 176 298 319
 200 221 328 225  46 188 190 219 298 338
 169  14 318 206  38 113
  83 371 102  67  68
 260 363 160 329 141 211 231 374
  55 320 131 369
 301 157 321 332 189 302
 252 228 301 189
 157 321   0 259   8 228 247 347
 320 261  85  60  33  51 131 280
 160 363 138  81 356
   3 174 311 210 219
 384  29 170 217
 186 199 185 329   2 222
  55  75 261 131 245 361
  99 279 290 334 173
 281  63 174 108  98 101 163 364
 190 311 303 330  62 164 171 177 237 281
 348 283 357  23  69 170 179 182 233 380
 153 315  21 109  94
 238 230 225 344  17 177 220 227 289 327
 112  49   9 305  68 142 223 272 273
 389  67  49 112 272
  64 119 233 103
 309  28 253 217 387
 287 115 156 359
 357   5 384  12 113
 251 134  15 266
 187   1  91  85 119 140 156 255 282
  91  60 245 361 115
  44 363 288  10  11  23 130 214 376
  78   0 247 268  21 333
  77   0 247  21 105 268 333
 239  22  27 203
 349  81 174 138  13 185 362
 288 174 132 138  11  56  80  97 160 271 323
 147 205 263  85  33
 279 371  49 102 202 246 278
 350 257 365 318
 320 261 117  74  55  82  91 131 140 156 235
 168 188 343 225  27 364 386
 308 265 114 178
 373  20 204 268
  26 242 248 319
 301 391 321 157 254 302
 123 156  74  85  75 115 245 282 287
 180  19 122 355 293
   6 167 270  25  37 121 232 310 314 379
 204  65  22  96 194 335
 100 287  34 276
  20 267 204  94
 108 132  81 174
 281 349  62 106   4 143 306
  61 290  14 279 295 334 339
  95 359 287 317 107
 329 238 364  62  27 103 284
 334 290 166 371  49  83 151 180 355 375 383
 206 227 238 101  69 284 304
 221 378 328 110   1 227 291
 109  31  78 317  36 148 159
 349 336 331 219  40  98 236
 100 153 172 109
 132 292  97 174  62 318 326
 317 105  31 153  65 107 159 172 315
 104 221 378 190
  43  22 194 335 154
 266   9  67 305  68 134 142
 126 384  48  72
 265 200 215 221  87 137 308
  91 131 156  75  71
  16 216 167  25 262
 275 296  35 346  85 150 235 320 366
 348 182  12   5 264 297 305 322 380
  74 140 227 294  18  69 304
 274 190 303 349  13
 310   6  93 129 213 314
  19 180  25  92 262 370
 125 366  91 296  34 131 135 158 218 287 388
 307 162 304  22
 123 388 135 287 158 359
 113  29  28 217 309 384
 354 237 340 274
 358 220 238 292 206
  37 121 310 195 213
 292  76 358 132  11 206 214 250 357
  55 123 261  85  51  60 115
 108 292 288  81  97 130 163 318
 346 382 209  35
 266 251 112  73  15
 366 123 125 296
  10  13 292 326
 319  46 338 114 312
 160 211  81 329  56  80 208
 296 212 275  35 354 368
 235  85  74 241 119 249 369
 311 327  50 341 145 160 193 299
 273 112 297  67
 163  98 208 185 154
 372 185 374 186 155 161
 327 299 141 191 178
 312 229 390 325
  82 263 243 205
 105 333 149 198  36
 337 198 184 172  36 148 159
 366 296 117 275 218 368 388
 389 355  19 102 339
 169 290  44 334  38 154
 172 109 315 184  65 107
 143 111  38 152
 372 144  43 374
  91  85  74 255  71 115
  54 321  52 347  90 259 391
 359 125 287 123
 109 105 172 149
 138  50  81 141  40  56 208
 186 144 233 231
  35 386 187 222 124
 206 292 132  62 143 169 318
 238 177  63 289 284
 353 167 254 270
  12 345 334 371 102 223 295 305 375
 353 254 270  25  93 116 165 240 267 370
 343 225 381  86 289 341 386
 318 152 163  48  38
 357  45  64   5  58 244
 303  46 199  63 222 274
 153 109 149 184 107 159 195 315
 256 290  61 371  42
  81  57 288 329   3  62  80  97 108 323 326 349
 229 312  20 340
 215 209 196  46   2
 281  63  66 328 164 201 227 294 300
 308 145 343 360  26  87 239
 233  64 182  23
  19 355  92 102  24 122 293
 215 328 378 336  46 222
   5  12 118  64 179 256 297
 246 278 277  32  24
 258 337 359 153 149 172 385
 329  80 362 199  43  59 143 144 186 277
  59 199 185 144 161
  74   1 205 300 162 234
 225  47  86 200  30 316
 332  52 228   0  53
  63 237 336  47 110 120 274 306 331
 199 303 327 329  39 145 298
 234 368 354 263
 311 141 330 281
 111 267 335  94
   0 172 129  37
 212  35 378 346  30 176 209 360 377
 291 378 224 328
 149 337 258 359 148 243
 303 330 191  39  59 171 185 186 362
  47 225 221 114 188 289 381
 236 177 336 330
 387 383 246  83
  26  79 360  20
  20  94  88  96
 282 187 300 263  82 147
 163 292 128 130  48 103
 361 258 226 359
 231 138 160  23  43 143
 377 196 378 215   7 133 176 298 369
  57 271   3 219 344 367
 138 329 341  50
 196  35 139  41 222 338 346
  25 121  37 129 285
  76  44 345 130 277 376
 181  46 328 378 114 176 209 352
 262 254 116  16
 384  28 126 253  29  58  70
 150 123 296 388 245
 210  57 106  47  40 356
 230 260 358  66  17  45 128 233 271 342
 378 104 328  47   1 110 114 200 224 316 352 377
 171  59 212 181 162 354
 256  12 166  67 273 351
 197 368 338 221 324 352
 289 168 200 188  17  47  66  86 344 377
 258 207 359 287  42
 238  66 104 177 103 119
 347   0 332  54  53 189 252 333
 324 242 312 354 146 175
   3  66 260 220 238 299 341
 208  50  23  43 161
 379   8  93   6
 220  64 358  45  27  69 161 179 313 342
 192 255 368 187
 366  85 117 275 140 255
 201 350 106 349   4
 190 331 336  63 127 274 306
  66 227 128 230 101 103 164
  79 360 178 308
 167 247   8  21
  30 300 291 140
 248  89 319 325  26 229
 263 147 261 198 280
 250 170 357 367 269
  75  91  60 218  18 385
  83  32 279 277 183 202 278
   0  54  77  78   8  21  37 240
 242 331  39 319  89 325
  33 255 291 140
 357  45 130 323 244
  73 134 266  15
 228 301  53 391
  28 217  70 309
 167  90 353 216   6  16 165
   1  74 235 300 156 234 249
 223 182  12   5 173 351
 365 350  84 376
 359 184 337 226 198 207
  54   8 157 347
  50 363 230 220 329 372 374
 320  85  55 282  60 131 243 263 340
 216  16 116 122
 261 205 282 320  82 147 192 243
 305   9 118 297
 114 308 316  87
   9 112 134  15  73 251
 167 353 270  96 194
  77  78 373 347  88
 272 307 244 313
 167 353  25  93 165 267 370
 220 288 210  81  45
 351 297  68  67 269
 142 223 351  67
 120 237 190 171 127
 296 117  35 139 150 235 368 382
  20  95  31 317
 376  44 214 185  32 183 246 278
 277 246 183  83
  83 290 345  99  14  61 246 334 371
 320  55 243  41
  62 177 311  63  98 193
  74 205 261  91 263
  23 348 345 358  64
 364 103 101 164
 295 302 339 213
 319 390 360  26
 359 123 125  91  34  71  95 100 158 226
  81 363 132 174  44  76 271
 225  66 168 200 164
 371 279  99 345  61 102 152 173 322
 197   1 378 104 241 249 294 300
 132 130 358 108  10 128 136 163 206
 180  19 383  92 387
 177  17   1 291 119
  14  12  99 166 285 375
 275 139 117  35  30 123 135 150 218 366
 118 182   5 272 142 264 313
  46 191  47 209
 327 145 141 230
   1 291 382 177 187 205 241 255 306
 321  90 391  52  53 252 302
 301 391  90  52 285
 199  63 191  39 120 171 326 330
 386  27 103 119 124
 118   9 112 166  67 264 389
  98 300 190 237
 124  18  22 385 269
  87 178 265 114   2 239
  70  28 383 126 253 387
 121   6 314  93 129
  63 141  57 281 193 349
 390 229 146 137  42 175
  27 297 233 380 269
 310  93   6 121
 153  65 109 172
 382  35 188 221 265
 373 109 105  31 100 276
 169 163 108 132  38  48  84
 137 338  46 248  26  89 242 286 324 390
 261  85  55 117  51 263 280
 157 301  54  52  90 391
 118 290 348 345
 174  81 358 326 250 364
 229 319 338 224
 242 248 350 365 146
 174 323 108 303 136
 145 299 141  66 191
 221  47 344 104 177 181 197 215 352 367
 211  50 260 174  10  59 101 138 185 191 374
 199  63 303 331 193 201
 336 237 330 190 106 248
 228   0 189  52
   0  78  77 228  37 148
 279 166 102  99  61 152 383
  22 111 194  94
 331 190 237 181 106 201
 149 258 184 359 198 361
 382  41 212  47  46 137 224 319 324
 151 389  99 355 285
  34 354 388 261  36 127 175
 343 211 230 168 141 342 374 381
 233 220  17 341
 168 381 341  86 178
 328  66 225 210  17 367
 283 214 290  14   5  12 166 279 322
 378 133 212 117   7  41 196
 228   0  54 157   8 259 268
  64 283 118 372 322 380
 106 174  80 311  40  98 120 236
 365  32  84 236   4 257 325
 272  12 223 256 273
 215 221 328 224
 167  25 270 165  19 254 267
 368 222 340 139  34 127 192 229
 151 180 102 389  92 339
  40  56 363 219
  64 130 170  45  72 244 250
 128 220 292  10  23 130 233 283 323
 258 287 158 125  71 100 184 198 207 226 337
 178 390 196  35   2 203 239 286
  75 207  60 337
  39 199  80 185
 260  50 288  76  11  23  56 356
 101  86  62 323 284
 350   4 257  32  24  84 325
 117 150  35 296 123 135 235
 344 210   3 328 244
 224 139 275 150 192 234 354
  51 140   7 209  33
  25 270 167 122
 290  83 279 166  49 102 173 375
 144 348 374 260 155
 317 268  31  88
 260 341 329  50 144 155 372
 102 371 295 166
  44 277  76 214 257
 209 196 225 221
 221 104 197 346   1   7  30 110 181 196 209 215 291
 232   6   8  93
 348 118  64  27 313
 343 168 341 200 386
 338 316 275  35 133 300
 334 309  19 102 202 293
 217 113  72 126  58
  18 245 184 307
  86 168   1 381  27 162 304
 202 293 309  70
 125 123 150 218 340
 151  68 305 355 339
 319 360 286  26  42 146 312
 301  90 321 157 252 302
