 154 101 124 248 105
 275  92 358 301
  54  90 385  18
 310  38 214 208 236
 282  66  81 113
   6  27 380  51
 164  25   5 391  41  58  90 380
 349 386 300 241 198 281
  58  57 276  39
 390 361 340 375
 290 134 251 120  81 219 274 375
  67 108 132 304 121
 245 297 329 266 255 363
 179 254  76 176 311 339
 373  59 283 223  72
  34 144  97 127
 143  83 161 246  53 170 273 358
  36 199  59 111
 259 385  90 216   2 306
 371 343 314 223 242
 222 204 262 315
 306 197 387 149 106
 130 217 157 147
 358 161 147 246
 303 298 296 110 105
  27 286 385 164   6  51
 235 365 278 315 137 146 189 192 214 256
 348 286  25 194   5  46  51 249 380
 232 250  47 230  45 184
 202 127 212 309 388
 296 109 158 378  32 211 231 257
 353  63 216 186 190
 104 261 257  30
 204 222 149 166 197 305
 171 335 272  71  15
 239  79 180 123 104
  17 220  59 199 384
 272 160 351 103  43 324 335 366 381
 310 166 214   3 138 197 337 342
 150 265  57 226   8
 383 292 196 198 191 333
   6 164 302  57
 260 145 374 202 185
  87 180 324  37 123 239 341
 207 287 121 276
 232 379  28  86
  50  51 348  27
  84 163 253 195  28  70 168 232 328 356
 128 250 112 253  62  77  88 350 357
 244 157 350 147  56 268 273
  46  59 376 220  95 327
  46  27  25 286   5  54  90  95 147
 213 139 183 141 103 190
  78 358  16 143
  90  95 175  51   2
 345 285 103 141
 291 323  49 306 307
 150  58 285 265   8  39  41 352
  57 352 164   6   8 131 276
 218 348 347  14  17  36  50  64 111 199 220 223 283 288 373
 377  96  78  77 201 209 234
 155 138 204 225
 275  48 263 269
 353 260 218 183  31 141 186 202 293
 223 283 329  59 233 376
 173 328 379 230
 375 282 113 383   4 125 339
  11 304 108  89 121
 369 343 391 374 131
 313 182 213 271 116
 210  84  47 368
 237 221 344 149  34 382
 357 238  14 363 201
 348 220 265 183 345
 279  99 177  81
 378  97 109 313  85
 278 152 372 262  13 176 214
  78  48 112  60 377
  77  60  96 377  53  88  94 169 234
 382 180  35 331 100 229 239
 158 142 231 257 349
 282  99 113  10   4  74 136 267 279
 107 326 294 140
 329 347 223 363  16 102
  47 316 126 195  70 163 210 328
 277  75 257 339
 330 379 380 367  45
 221  43 180 324
 112  48 128  78  94 169 300 318 386
 360 108 296 298  67 105
  54   6 385  51   2  18 295
 337 325 334 256
 301 112 244 263   1 243
 170 281 363 312
  96 169  78  88 207 287 294
  50 122 376  51  54
  60 377 243  78  94 209 217 234 336
  75 313 211 378  15  98
 142  97 185 257 181 311
  81 113 282 136  74 241 292 333
 382  79 182 190
 119 154 329   0
 347 223 343  83 369
 213 285  52 139  37  55 116 313
  32 271  35 261 291
  89  24 110   0 312
  21 149 166 277
 290  82 252 134
 304 309  89 296  11  67
 296 212 264 271  30  75 257 378
  24 124 368 303 105
 347 206  17  59 369
 243  48  88 128  77  92 300 301 350 386
  81 282 279  99   4  66 136 267 322 383
 372 390 252 315
 187 270 334 299 295
 103  69 259 302
 203 169 301 129
 241 386 318 207
 368 101 238 316
 134 274 290  10 140 252
  67  11 207  44
 286 370 154  95
  35 261  43 239 306
   0 162 110 248
 274 219 375  66 349
 297  84 253 250
 309  29 296 202  15
  48 250 357 112  88 263 269
 203 263 301 132 117 207 318
 350 217  22 255
 369  58  68 276
 203 304 129 263  11
 256 148 137 251 219 267
 290  10 120 375 107 274
 167 236 153 310
 292  99 113  81 349
 235 133  26 256 166 192 215 310
 197  61  38 310 299 342
  52 213 141 272 103 226
 270 274 120 191  82 295 359
  52 213  63 178  55 139
  98 230 231 210  80 339
 238  16 329 269  53 263 371
 200 179 171 221  15
  42 212 374 360 181 288 330
 325 256 334  26 187 252
 157 161 255  51  22  23  49
 133 256 235 365 240 308
 387 225 305 364  21  33  71 106
 265  57 285  39 302
 313 160 200 254
 344  76 262 237
 172 354 180 182 135
   0 101 260 248 122
  61 208 225 236
 280 200 179 331
 147 246  49 161  22 273
  30 231 184 211  80 172
 235 340 364 361 192 258
 351 200 221 171  37 151 165 225 335 366 382
 245 332  16 329  23 147 157 246 358
 355 227 368 247 124
  47  84 232 316 174 328
   6 352  25 391  41  58
 335 254 226 160
  38 310 137 364  33 106
 135 365 278 192
 320 391 355  47 323 356 367 379
 203  88  94  78 117
 358 326 386  16  93
 272 351 160 221  34 144 229 335
 153 354 280 158
 303 355 379 247  65 231
 289 378 163 232 184
 216 385 259 370  54 321 389
  76 361 262 237  13 228
 384  74 201 386 281
 194 353 285 213 141 271
 331 200 156  13 144 277
 331 387 182  79  35  43  87 153 277
 289 145  98 184
 180  69 313 387 100 153
 264 298  52 212  63  73 353 388
 158  28 181 174 338
 202  42 317  98
 216  63 353 293  31 389
 334 325 115 146 191 270 299
 284 261 193 190
 235  26 365 192 215
 261  52  31 188 100
 187 270 140  40
 235  26 137 159 167 189
 224 320 227 247 188 261 284 362
 178  27 285 391 380
  84 297  47 269 356
  40 267 292 333 198
 138  38 341  33  21
  40   7 383 196
  59  17 220 218  36 317 384
 160 179 221 344 144 151 156 280 354
 363 357  60  72 177
  42  29 260  63 127 185
 129 132 318 263 117 169 207
  33  20 222  61
 390 237 361 308 228 258
 316 283 111 218 233 309 346 369
 129  94 318 203  44 118 121
 341   3 225 280 155 236
  96  60 377 217 294 326 359
  70 357 368  84 142 230
 280  97  30 378 158 338
 298 264 360 145  29 109 183 249 271 289 296 309 388
 271 264  52 285  69 103 139 141 178 374
 278 310  26  76   3  38
 364 137 277 189
 259 186 385 389  18  31 175 321 370
 336 243  96 130  22 209 294 359
  59 248 298 348  63 199 206
  10 251 133 256 125
  36 199  59 288  50  73 312 327
 160 200 351 171  71  87 144 366
  20 204 262  33 229 305
  64 329  83  59  14  19 102 233 347 363 371 373
 247 227 320 193 362
 344 305 149 160  61 155 208
 139  39 165 272
 162 247 355 224 193 284
 205 176 390 237
 335 222  79 171
 232 328 357 210  28  65 142
 257 158  30 173  80 142
 163 328  47 230  28  45 174
 288 223  64 206
  60 377  96  78
  26 159 192 137 148 189 340 364 365
 208 135   3 310 155 342
 344 364 361  71 152 176 205 228
 266 119 143 297  72 357 368
  35  43  79 351 123
 308 251 148 267
 333 292  99 118   7
 314 332  19 245
 112  96  92 300 217 336 386
  49  92 350 269 268
 329  12 332 161 242 255 266 314
  16 273 157 161  23
 224 316 227 162 173 193 303 355
 218 286 303 316   0 124 154
  27 212 348 298 330
  48 128 253 126  28 350
  10 375 290 256 133 219 240
 290 325 146 120 107 114 337
 250  47  48 126 356
 165 151 313 272  13
 245 332  12 329 130 147
 325 146 133  26  91 137 148 219 251 334
 231  30 388 109  32  80  85  98
 340 390 159 205 311 322
 216 385 353 175  18 116
  42  63 309 154 202 317
 190 188 123 193  32 104 291
 315 372  76 152  20 176 222 361
 269 143 129 128  62  92 132 203 275 301 318
 212 213 183 271 109 285 293 298 319 374
 150 353 348 285  39  57  73
 238 329  12 245 297 363 376
 133  81 240 113 196 338
 244 269  49 276
 263 143 195 128  62 244 268
 115 187 140 295 191
 213 264 212 178  69 104 109 324
 171 139 335  37  34 226 254
 246 157  16  49 287
 120 134  10 290 125 140
  62 350   1 263
  58 352 389 287   8  44 131 268
 331 387 180 179  85 106 215 354
 214  76  26 372 167 365
 113 282  81  74 322 338
 156 211 200 208 172
  93 384   7 177
  81 113   4  66  99 279
 373  64  59 316  14 206 348
 296 193 227 188
 178 213 264 265  55  57 103 150 194
 248 370 122  27  25  51
 276  44 273  94
 233 220  59 145 317 327
 346 296 360 212 174 181
 134  10 120 251 107 252 274 375
  56 306 104 261 307
 136 333  40  99 196 241
 374 186 264  63 312
 209 326 217  94  82
 270  90 140 115
 360 109 212 309  24  30  89 108 127 284 289
 126  12 238 266 195
 212 218 183 264  24  89 249 360 370 388
 138 187 115 334
 243 112 336  88   7 386
  92 112 129 263   1 117 318
 319 345 116 150  41
 248  24 247 368 110 173
 108 132  67 309  11 317
 225 149  33 222
  21 291 123  18  56 307
 291 323 306  56
 240 390 205 148
 360 206 296 212  29 108 127 260 304
  38 214 166 137   3 135 138 236 342
  98 258 339  13
 293 352 220 105  93
 378  69 103 151  75  97 182 254
 242 332 245  19
 372 365  26 262  20 114
 206 283  84 247 119 163 248 346 368
 304 260 199 288 185
 301 129  88 263 118 203 207
 302 345 264 374
 168 224 343 193 323 362 379
 216 389 175 370
 383 113 279 258
 379 320 168 367  56 307 362
 381  43 271  37  87
 256 334 146  91 187 252
 386 170 209 294  82
 220 288  50 348
  47 232  84 163  65 230
 245  83 223 376  12  64 101 143 161 255 266 332
  86 249 145 391 367 381
 277 180 179  79 156 354 387
 245 314 329 161 242 255
 292 241  40  99 196
 325 146  91 256 115 187 299 337
 272  37 160 171  34 165 229
 217 300 243  96 359
  91 334  38 252
 184 211 279 267
  66 311  13 142  85
 258 159 390 235   9
 208 197 366  43
 310  38 138 236
 391 355 102  19  68 320 352 371
 152 225 237 200  71
  55 319 302  73 381
 206 316 368 289 369
  83  59 102 223 111
  59  27 218 283  46  73 249 265 327
   7 136 125  80
 250  48 112 275  49 130 244
 160 171 221  37 239 366
 164 343  58  57 276 312
 178  63 265 183  31 186 259
 153 331 277 200 172
 162 391 247 227 168 173 343
 253  47 168 195 367
 128 238  72  48 201 210 230
 161  16 170   1  23  53
 209 140 217 336
 296 212 309 298  89 145 289
 159 237 176 262   9 205 390
 193 323 320 224
  83  12 223 266  72  93 201
 237 159 149 235 166 215
  26 315 278 235 148 167 189
 160  37 351 221 341
 356 330  86 168 323
 119 162 316 238  70 110 210 303 346
 346 111 206 102  68 131
 286 122 298 216 175 321
  19 343 223 143
 315 278  76 262 114
  14 283  59 223
 293 145 264 213  42  68 319
 251 134  10 290   9  66 125 383
 329  50 266  64  95 384
  60  96  78  77 209 234
 313  75 109  30  97 174 211
 173 320 323 168  45  65  86
 194  27 391   6   5  86
 324 345 330  37
 100  79 160  71
  66 113  40 375 198 322
 177  36 199 376 281
 259 216 175  25   2  18  90
  88 112 243 300   7 118 170 177 326
 180 149 277 331  21 182
 212  29 183 298 257
 216 186 321 175 276
 205 308 361 340   9 114 228 258
 355 168 343 194   6  68 164 330 380
