 301 171 259  26  46  51  90 293 361
 261  55 173 193
 196 246  95 140 186 204
 230  38 344  35   7 114 149
 105  67 212 390 294 328
  14 223 110 310 177 283 376
 183  26 361  89 192 380
   3  35 128 280 236
  25 116  54 263 166 323 350
 279 339 383 118  10 136 290 322
 383 279   9 339 300
  99 129  75 115
  73  50 363  63  72 147 287
  77 276  78 349
   5 283 223 177 193 243
 269  66  30 224 159 170 197 265
 349 150 323  77  19  43 119 195 212 276 343
 348 282 156 100
 286 199  24 370 271
 155  49  16 276 232 371
 216 222 157 259
 167  75 241 154
 191 172 234  46 153 378
  97  45 358 201
 199  69 208 225  18 351
 157 335 116  31   8  77  78 148 262 263 264
 361  46   0 301   6  51 109 191 234 320 390
 207 306 180 258
 117 126 363  29  84 159 169
 169 244  28 329  98 249 325 386
 224  76 319 188  15 127 269
 321 157 312  25  54  78 184 195 330 349 355
 173 275  55 125 113
  54 150 226 343 388
 278 290 369 127
   3  38 230 108   7  70 149
 340 333 288 125 378
 228 308 189 315
 108 374 230   3  35  87 131 149 160 318
 302 276 372  49 362
  62  60 359 181
 288 362  67 308  42
 333 288 352  41 364
  16 343 143 349 119 138 328
 261 258 209 207
  23 264 328 135 138
 234  26   0 361  22 109 172 380
  86 164 125 173
 132 124 163 367 146
 355 371  68 226  19  39 155 161 218
  76 260  73 239  12  63 133 296 336 363 391
 194   0 293  26 350
 182 357 356 230 131 179 214 271 334
 294 235 211 135
  33 150 226  31   8 263 312 388
 173   1 272  32
 366 141 237 103
 137 141 237 123 273 298 352
 176 187  89 113
 161 172 324 153 384
 201 217  40 144 359
 270 211  96 267 373
  91 345 181 233  40 359
  50 260  12 329 165 391
 348 282 100 101 190
 185 349 355  85 143 218 232 295
  15 266  80 274 281 375
 390 209 191 105   4  41 261 362
  49 371 218 388
 160 374 174 318  24 351 365
  87 367 249  35
 111 251 369 223 278
 255  12 214 280  74 128 206
  50  76 363 101  12 102 147 210 239 266 379
 205 120  72 274
 241 166 167 129  11  21 373
  50 260 101  73  30 133 239 284
  78 349  16  25  13 232
  77  25 349  31  13 184
 338 368 381 331
 375  81 198 292  66
 134 198 251  80 254
 358 256 286 202
 315 231 303 202 346
 250 126  28 165
 321  94 122 116  65 161 185 323 355
 164  47 125 273
 160  70  38 318 235
 220 201 217  91
 380   6 109 234  58
 335 216 229   0
  62 181 359 345  88
 326 283 136 279 203 233
 370  96 343 267 135 154 215
  85 293 321 335 320
 175 183 140 307   2 115 204 293
  93 267 343 332  61 154 211 215 370
 350 299 241 358  23
 169  29 168 386 244 314 325
 129  11 115 148
 238 223  64 282  17 123 145 156 190 348
 190  76 238  64  73 156 379
 274  73 266 120 170
 296 336 382 284  56 268 273
 346 295 371 162
 109   4 390  67
 372 212 276 189 218 240 295
 211 256 163 208 135 199 270
  38 253 329 230  35 219 250 374
 234  46 361  26  89 105
 291 310 223 111   5 137 376
 319 310  71 238 110 127 369 376
 292 279 322 326 118 281 290 313
 387 339  32 275  58
 304 130   3 160 231 317
 175 129  95 389  11  99
 353 321  25 157   8  85 122 264 312 335
  28 363 126 159 265
 142 290   9 112 277
  43  16 212 276 294
 274 297 210 102  74 151 205 265
 144 158 337 377
 353  85 116 321 161 171
 291 223 382 100  57 298 366
 132  48 174 318
 173 288  32 153  36  47  86 164 176
  28 205 117 274  84 250 297 342 379
 319  30 224 111  34 278
 280 255 206  72   7 366
  99 148 115 246  11  75
 163 367 132 114 304 305
 230  52  38 357 149 311 365 377
 367  48 124 163 130 174 225 304
  50  76 260 296 147 336
 251  81 326 292
 370 107 256  93  45  53 213 270
 339 326   9 279  92 360 387
 110  57 224 376 340
  45 358  43 328
 247 385 307 259
 183  95 247   2 175 307
 237  57 368 296  56
 118 290 339 369 203 277
  43  65 229 185
 121 337  60 255
 382 238 284 100 333
  48 318 174 245
 133 296  73  12
 353  25 246 129  99
 131  35  38   3
  54 330  33  16 184
 375 120 274 313 245
 243 283 177 369
 172 176 125  22  59 164 192
  96 226  93 167  21 248
  19 302 371  49
 238  17 100 101 206 345 379
 335  25  31 216  20 116 222 262 312 321
 174 257 311 337 121 245 354 373
  28 117  15 363 342
 374 318  69  38  87 114 365
 185  85  49 122  59
 221 260 168 269 104 271
 256 132 130 367  48 107
  86  47 125 153
  63 334 329 391  84
 263 167   8 226  75 241
 263 166 330 154  21  75
 221 329 200 356  98 162 252
  29  98  28 269 178 244 386
 269 363 102  15 197
   0 122 301 335
  46 234 185  22  59 153 192
  55 275  32 125   1  47 180 193
 318 124 132 374  69 146 158 257
  95 183 307 140 115 186 204 324 385 389
 187 153  58 125
 283  14 243   5 152 306
 296 169 188 260 352
 357 214  52 257 337
 207 173 275 193  27
  91  62 366 345  40
  52 230 356 329 214 219 253 280 357
 140  95 175 247   6 385 389
 330  31 150  78 195 347
  65  85 172 321 143 161
 385   2 175 196 373 384
 176 324  58 385
 296 260 382 224  30 178 227 237 269 338
 372 308 106 276  37
 238 101 100  64
 234  26  22 390  67
 153 172   6 320
 275 288 173  14   1 180 306
  51 209 258 350 389
 349  31  16 184 232
   2 246 353 335 186 289
 224 269  15 170 277
  81  80 281 369
 208 256 107  24  18 211 248 286
 316 168 285 329 341
  60  88 358 217  23 236
 317 304  83 315  82
 243 306 142  92
 175 307   2  95
 126 120  74 274 297
 345 128  72 156 233
 272 258  27 209  44 180
 199 372 107 256  24 211 225 332
 258 194 390  67  44 207
 120 266  73 274 254
 107  96 208 199  53  61 235 240 270
  16 106 276 302   4 119 240
 305 286 135 370 271
 357  52 334 182  72 179 309 337 377
 343  96  93 370
 157 335 222 321  20  90 229 259
  60 220  88 201 300
  68  65  49 106
 253 344 108 182
  88 306 345 217
 168 329 285 356 162 252 386
 216 157  20 321 229
 100 238 291 282   5  14  71 110 123 310
  30 188 127 269  15 137 197
 367 208  24 132
  54  33 312 343  49 154 166 388
 340 338 237 188
  37 242 341 308 235
 216  90 222 259 143
 344   3 182 131  35  38  52 108 280
 316 341 114 374  83 305 315 317 346
  19 195  65  77
  62 345 206  92
  46  26 191 109  22  89 172 380
  53 228  87 211
 299 358 201   7 300
 188 296 382 291  56  57 141 227 338
 100 156 190 223 101 111 145 291
  50  76 296  73 336 391
 212 106 388 211
 350 166  97  75  21 300
 305 228 315 341
 177 152 283  14 203
  29 169 386  98 249 325
 146 257 151 158 354
 353 196   2 148 129 289
 140 259 183 307 139
 256 154 367 199
 244 386  29 252  70
 253 108  84 126 309
 134 326  81  71
 221 168 386 329 249
 108 219 182 356 250 342
 292 319  81 210 298
 280  72 344 377 128 144
 163 199 107 208  82 135 248 286
 311 174 357 179 158 245
 209 194 207  44  27
   0 301 216 247  20 139 229
  76  50 296 188  63 133 162 178 269 284 363
   1  44  67 390 347
 157 335  25 263
  25  54   8 166 167 262
 330 116 323  25  45
 117 120 274  15
 102  73 274 210  66
 332  96  93 372  61
 287 331 368 103 327
 188 260  30 224  15 162 169 170 197
  61 211 135 107
 213 162  52  18
 207 387 389  55
 368 103  57 381  86
 102 120 266 210  66  74 126 151 205 265 297
 193 173  32 360 113 180
 302 343 372  16  13  19  39 106 119 189 212
 142 118 197 375
 369  71 319 127  34
 112 326 322 292   9  10  92 136 383
 255 344 230 182   7  72 128
 198  66 322 112
 348  64  17 100 223 310 319
 177  14 348   5  92 152 243 306 360
 296 382 260  76 103 145 327 352
 331 287 221 329 200
  18 256 199 213  82 351 364
 268 285 331  12
 333 193 125  42  36  41
 246 353 196 312
 118 292 112   9  34 142 313
 123 310 223 238 110 237
 112 322 134 279  80 254 290 313 375
  94 353   0  95  51 361
  53 328 119   4
 106 372 371  65 104
 260 284 188  50 103 133 141 147 178 237 239 331 336 382
 120 126 205 274 342 377
 254 123 366  57
  97 350 330 358 236 362
 241 236 217  10
   0 259 171  26 320
 276 372 212  39 155 308
 346  83 351 315 378
 114 317 130 132 202
 242 213 231 130
 177 220 193 283  27 203
  95 175 140 247 139 204 385
 189  37 228 302  41
 391 357 250 214
 291 282 223 111   5 110
 357 257 344 131 158 337
  31 157 116  54 226 289
 292 290 375 112 151
 340 376  98 325 378
  83 202 231 242  37 303
 200 341 231 381
 304 114 202 231
 174 160 374  38  69  87 124 146
 111 127  30 282 254 278 369
  94 301  26 361 192
  85  31 116 157  94 122 185 216 222 323 353 355
 292 279 112   9 281 375
 321  85  16   8 264
 389 187 175 385  59
 368  98 244  29 314
 279 251 134 112  92 136
 268 391 284 368
 294  45  43   4 138
 168 221  29 182  63 108 165 200 252 285
 184 150  31 264 167 299
 285 287 268 296  79 338
 267  96 372 208
 288  42  36 145
 214 357 165  52
 157  25 216 116  90  94 171 196 262 355
  50 296 133 239 103
 214 311 179 158 121 144
  79 237 331 188 227
 383   9 387 136  10 113 142
 227  36 137 376 314
 316 231 381 200 228 242
 159 297 126 253
  33 349 276  16  43  93  96 215 226 370 371 388
 230 280 219   3 255 311 365
 206  62 233 156  91 181 220
 303 231  83 351 104
 261 184 361 390
  64 282  17 100 283
  16  31 195  77  13  43  65  78 343
  97 241   8  51 194 299
  69  24 286 367 303 346
 284 178  57  42
 116 122 321 246 148 196 289 293
 384 158 373 245
  31 335 321  85  49  65
  52 182 168 221 253 357
  52 214 182 356 131 179 257 309 311 334
  97 299  23 236  82 138 201
  91  62  40  60 364
 275 387 136 283
  26  46   0 293   6 109 320 347 390
 299  41  67  39
  73  50  28 260  12 117 159 170
  42 359 384 286
 344  69 160 131
  56 123 128 181 298
 132 225 130 163  48  70 248 351
 381 268 141 325  79 273 327
 319 111  71 278  34 142 152 198
  93 135  96 343  18 213 215
  49  68  19 343 104 155 295
 276 208 106 302  39 189 267 295 332
 186 158  61  75 354
  38 160 318 108  69 174 231
  80 292 322  66 151 277 313
 110 137 111   5 314 340
 255 214 131 297 121
  36 314  22 303
 101 156  73 126
  89 234   6  46
 368 316 341  79 273
 284 188 296 145 103 123 237
 339  10   9 279 387
 354 186 364  59
 307 139 175 183 186 187 324
 169  98  29 221 244 249 252
 339 272 383 136 113 360
  33  54 226 343  68 240
 183 115 175 194 272 324
  67 191  26 361   4 105 209 261 347
 309  50  63 239 165 327
