 262 122 385 264 226
   6 110 317 259 188
  65 276 222 324 183
 313 151  14 232  19 238
 326  14 375  72
 257 126 376 338  11 181
 270 370 317 259   1 106 157
 330  75 124  85 282
 167 352 225 105 234
 251 322 383  99 112 142 292 326
 118 113 383 322  49
 376  29 126   5 266 342
 210 277 152 356  17  66  96 334
 130 376 158  74 248 294
 326   4 375  72   3 232 313
  34 239 219 104  27  35 197 203 331
  89 140 370 298 106 116
 356  12 376 375
 229 385  20  69  41 314
 329 233   3 286 131 238 303 343
 204  46 229 160  18 335
 145  42 144 298
 360 245 161 390 264
 131 260  49  58  89 140 252
 135  35  83 390  94
 389 116 319 123
 194 191 122 145
 104 164 239  15 171 203
  86 250 169 297 244 266 269 300 309
  61  74 126 130  11  48 163 266 269 342
 255 366 119  52
 192  37 311 209 135 289
 337 147  87 242
 141 267 308  91 189
  15 239 104 219  85 215 228 331
  24  15 135 197
 303 329 391 211 343
 209 109 272  31
 286 374 334 358  66 294 391
 229 199  59 276
 304 206 121  45  98 201 236 282
  69  54  18 216 166 264 284 314
 145  21 370 259  90 153 188 288
 141 193 308 265  56 340 372
 328  45 230 287  51 107
 206  44 328 330  40  51 304
  20 165  59 199 314
  64 118 339 142 151 170 387
 318 236 304  29 163
 220 313  64  10  23  58 260 270 302
 123 319 116 148
  44 287 248  45 127
 119 255 355 320  30
 336 198 182  74 128 205 281 376
 216  41 175  90 166 186
 219 256 311 146
 193  43 308 141
 159  79 272 344 103 180 200 307 320
  49 260 302 185  23 131 252 317
 324 199 221 165  39  46 229
 290  97 280  99
  29  74 182 130 266
 338 243 257 384 126
 100 101 202 368 285
 322  47 118 283  49  72 170 220 313 371
   2 222 183 267 150 388
 214 170  12  38  96 391
 212 261  77 301  78 176 310 379
 120 274 134 302
 385 363 262  41  18 226 314
  84 158 156 253 191 309 342 380
  77  78 119 379 117 275
 326  14 220  64   4 102
 204 381 335 160
 182  53 206 336  13  29  61 130
 228   7  85 282
 173 208 378 293
  78 379  67 212  71 111 114
  77 379  67 311  71 111 275
  57 159 162 315 180 224 352
 129 367 336 139  88 128 201
 113 136  99 118 120 386
 333 146 256 306
 390 161  24 355 114 178 295
 253  70 156 124 158 380
 228  34 219   7  75 380
  28 169 249 250 244 269 300
 168 242 349 263  32
 128 281  80 132
  16  23 131 298
 157 370  42 321  54 122 172 175
 308 305 193 258  33 323 359
 364 348 179 277 101 115 346
 168 225 231 242 105 133 167 196 221 263 315 341 354
 135  24 390 161
 382 353 258 125
  97 350  66  12
 290  60  99 136  96 350 365
 174  40 253 236 177
 290 112   9 251  60  81  97 136 207 280 357 386
  63 148 366 101
  92 115 271 332  63 100
 345 334 358  72 233
 307  57 344 159
 239  34 331  27  15
 225  93 167 240   8 173 184 208 235 237 265 296 360 362
   6 312 270  16
  44 287 232 230 201
 156 132 174 253
  37 161 355 209
 317 259 115 298   1
  78  77 301 379
  99 290 292   9 251 254 339 357
  81  10 136 118 279
 379  83 119  77
 332 346 283  92 101 110
  25 370 319  16  50 166 175 343
  71 379 119 261
 322  10 142 383  47  64  81 113 279 339
 255  52 306  71  30 114 117
 279 134  81 274  68 185 371
 124 330 156 253  40 282
 172 153 145  90   0  26
 223  50 298 271  25 148 319
 330 121 253 215   7  84
 246 258 353 388  95 359 382
 257   5 254  62  11  29
 158 325 171  51 148 347
 336  53  80 182  88 205
 152 217 374 336  80 139 278
  74  13 376 328  29  61 325
  23  19  58 260  89 303
 108 304 206 182  88
 315  93 231 242 196 273
 292 274 251 279  68 120
  24  35 311  31  94
  99 113  81 251  97
 149 316 212 154 261 355
 196 305 373 308
 278  80 129 336 294
 270  16 298  23
  43 340 193 308  33  56 267
 339 322 383   9  47 118 179 283 357 377
 321 186 216 188
 223 298  21 271
 153  42 172  21  26 122 288
  82 256 306 333  55 192 268 311
 337  32 341 381
 127 171 319 123  50 100
 137 316 209 352 154 227 234 261 296
 183  65 353 222
  47   3 332 313 271 387
 129 217 374  12 198
 145 172 122  42 288
 162 149 137 240 333
 238 375 367 230
 253 121  84 108  70 282
  90 370 259   6
  84  13  70 253 127 325 342 347
  57 162  79 344 103 200 272 307
 165 204 341 231  20  73 247 381
 272  83 355 390  22  94 109
 240 159  79 154
  48 269 318  29
 171 187  27 239 203
 160 204 341  59  46 247 381
  54 175 116  41 284
 105 225   8  93 184 263 299 349
  93 242 221 225  87 231 299 324 349 354 372
  86  28 250 249 244 269 300 351
 214 377  64  47  66 358
 164  27 127 187 148 211
 122 153 145  90
  76 362 293 105 323
 253 297 249 250  98 108 318
  54 116 202  90 166
 310 268 301  67
 219  98 215 253
 366  83 295 187 202 218 327
 348 142 339 283  92 332
  57 354 213  79 320
 384 257 338   5 241
 336 206  74  53  61 128 132 201 367
 222  65   2 150
 362 235 167 105 361
 302  58 120 317
 143 216  54 321
 164 295 197 171 178
 288  42 321   1 143
 245 195 237  33 190
 234 208 227 189 291
 194  70  26 294
 311  31 256 146 289
  43 265 305 308  56  91 141 373
  26 191 294 391 275
 245 267 360 237 189 299
 138  93 373 133 273
 187  35  15 239
 376  53 336 152 205
 229  59 363 262  39  46 385
 159 344  57 272
 182  40 107  80
 218 175 178  63 285
  27 164  15 211 275
 160 165 231 341  20  73 229 247 335 381
  53 198 336 128
 182 336  74 328  40  45 132
 280 290  99 210
 225  76 340 105 190
 352  37 316 149  31 109 272
  12 277 207 357
 171 325 233 203  36 343
  67 316 137 261  77 268 301 333
 378 360 180 362 320
 170 377 356 277  66 365 369
 330 124  34 253 177 325
  54 321 186  41 143
 152 129 281 374 230 336
 347 202 366 178
  34 239  15 177  55  85 228
  64 313  72 377  49
 324 168  93 372  59 276 299
  65   2 183 388 150
 123 271 144 332
 265 235  79 291
  93 105 240 168   8 167 208 315 354
  69 264   0 288 359
 149 316 296 234 190
  85  75  34 219
 199 204  59 276  18  20  39 335
 374  44 217 232 107 155 233 328
  93 341 242 168 133 160 204 273 337
 375  14 243 384   3 107 230 287
 230 286 102  19 211 329
   8 352 190 149 227
 362 184 293 105 224 361
  48 304  98  40 318
 360 296 245 105 189 195
 155  19   3 364 389
  34  15 104 219  27 164 197 331
 315 162 225 105 154
 386 181 384 243
  93 168 231 263  32  87 133 337
 338 384 375  62 232 241
 169 351  86  28
 360 237 267 195  22 189
 125 353 258 388 359
 204 344 160 165
  51  13 330 294 368
  86 174 297 250 169 351
 297  28 174  86 169 249 309
   9  99 112 292 134 136 274 386
 302  23  58 386
 174 124  84 330  70  98 108 121 156 158 177 215 297
 339 112 357 383 126
 119  52 306 320  30 366
  82 146 192 333  55 310
   5 126 338 181  62 384 387
 388 125 308  91  95 246
 298 110 317 370   1   6  42 157
  58  49 371 345  23 131
 212 137  67 149 117 301
 363 385 199  69   0
 242 315  93 167  87 349
  41 226  22   0 284 327
 193  43 373 105 224
  61  29  11  28
 245 141 195 340  33  65
 212 306 176 146 289
  86  28 169  29 163
  49 317 312   6 106 140 298 302
 332 223 369 151 101 123 144
  57 159 209 200  37 161 390
 373 231 133 196 323
 134 292 290 251  68 120
  71  78 194 203
 324   2 341 221  39 229
  12 338 210 283  92 214 356 364
 139 336 129 374
 292 120 113 118 134 312 350
 207 290  60  99
 217 384 336  53  88
 121 156  40   7  75 309
 322 377 142  64 115 179 277 346 371
 264  41 361 166
 389  63 202 368
 287  38 233 358  19 329 369
 286 374  44 232  51 107 369
 188  42 145 153 226
 311  31 192 268
  99 112  97 292  60 207 274 280
 305 224 293 190
 112 251   9 290 134 274 279
 362 378  76 173 235 291
 139  38  13 248 191 194 391
 187 178 368  83
 237 360 105 149 227 355
 250 174 249 253  28 351
 259 270 317 144  16  21  89 110 123 140 370
 167 168 221 195
  28 309 169  86
  67 176 261 212 111 310
 185  58  49 270  68 252
 329 131  19 391  36 389
  40 318 132  45  48 236
 138 193 308  91 291 323
  82 333 316 146 119 255 268
 344 103 159  57
  91 193 305 141  33  43  56 138 258 388
 282  28  70 250 300
 176 301  67 256
 192  31 146 135  55  78 289
 270 350 371 279 106
 220  14 322  64   3  49 151
  46  69  18  41
 240  93 225 133  79 263
 149 209 355 137 212 227 306
 270 110 259  58   1   6 185 298
  48 304 174 236 163
  50 123 148  25 116
 180 355  57 213  52 255 327
 143 216  90 188 186
 118   9 142 383  10  64 283 313 377
  91 305 173 273 361
 221 276 372 168   2  59
 158 130 127 215 211 347
   4  14   9  72
 320 178 264 366
  44 206  45 230 130
  19 286 303 233  36
 124 121 253  45   7 215 248
 104  34 239  15 368
 271 115 151 179 101 223
  82 306 154 212 146 256
 358 102 375  12  38 345
 204  73 229  20
  53 182 217 128  74  80 129 139 198 205 206 278 281 374
 341 231 354 242  32 147
 243 375 384 257   5  62 181 277
 142 383 118 112  47 179 254 357
 141 267 208  43
 231 160  93 354 147 165 204 276 337
  11  70  29 158
 116 211  36  19
 159  57 307 200 103 247
 102 358 334 377 260
  92 364 283 115
 218 325 158 127
 179 364  92 356
  87 168 167 263
 365  97  96 279 312
 380 169 249 297 244
   8 209  79 149 234
 125 246 382  95 150
 341  93 225 168 180 337
 316 296 137 320  52  83 109 161
  17 375  12 277 214 348 364 367
 339 112 142  99 210 254 365
 334 345 170 102  38 286 391
 226  91 125 246
 237 245 213 105  22 195 296
 323 184 235 362 284
 235 293 184 105 173 213 361 378
 262 199 385  69
 348  92 277 356 238 346
 350 214  97 357
 178 368 255  30 100 218 327
  80 155 182 356
 331 366 295 248  63 285
 286 287 271 214
 157  90 259 298   6  16  42 116
 377 283  64 120 260 312
 324 221  43 168
 193 196 273 265 138
 152 129 217 336  38 230 278 287
  14 338 356 243   4  17 155 232 334
 198   5  17  53  11  13 130
 283 170 142 322 214 220 345 371
 213 293  76 362
  77  78  67 114  71 111 117
 351  84  70  85
 204  73 160 165 147
  95 353 385 125
 142 339   9 118  10 254 322
 243 338 181 257  62 232 241 281 387
 262 363  69 199   0  18 382
 241  81  99 251 252
 151 257  47 384
 258 222 308  65 125 246
  25 285 303 238
  83 161  24 272  22  94
 358  38  66 294  36 194 303
