 172 258 259 157 195
  14 364 138  64 217
 196 176 339 116 175 203 355
 221 329 367 188   7  63 114 133 168 182 224 231
 350 190 365 106 306
 283  23 343 348  27  45  64  86 111 223 233 264
  95 140 307 335  33
 202  63 114   3
 207 361  51 148  31  55 320
 118  99 289 322  58 112 241
 279 326 323 292  59 171 185 290 378
 371 290  81 279  49 185 186 277
 231 381 230 188 103 178 351
 190  62 143 311 300
   1  97 330 177 364
 266 170  58 294  74
 119  22  67  25
 220  64 345 348 217 223
  52 270 370 240 121 213
 177 345 283 281 294 295
 204 175 216 247 229
 340 189  54  93  34
 272 119  27 389  16 167 254
 283 358  45 323   5 166 271 343 345
 253 285  35 356  69 280
 222 116 335 389  16 192
 191  32 330 171  51  92 194 209 275
 241 272 389   5  22
 318  38  70  29 124 249 386
 249  28 250 126 154 386
 168 182  87 329 162 284
 247 361   8 148
 330  26 349 180
 194 216 293   6
 340 267 373  21
 316 253 285 117  24 165 244 280 296 325
  37 340 261 105 213 354
  93  36 149 340
 168  28 318  73  69 124
 376 362  47  76 319
  47 210  44  56
 212 236 390 145
 390  71  55  51
 327  56 328 185  57 144 352
  97 177  81 292  40  47 349 350 376
  23   5 233 358
 185  80 326  47 137 139 278 298 319 324
  39 362  44 376  40  46
 126 163 169 250  84 154
 371  11 186 166  68 155 161
 344 260 341 327 141 160 256 363
 390 209  85  26   8  42  55 150 194 207 229
 107 131 149 337  18  53 240 332
 252 228 268  52 198 282
 157 321 184 347  21  75 259
 361 207   8  51  42  71 125 320
 328  57 327  43  40 298
  56 328 311  43 106 141
 113 384 112   9  15
 330 176 185  10 192
 261 359 105 333  88 258
 311 292 197  80 143
 281 177 143 292  13 164 190
 329   3 316 237   7 114 202 309
 348  17 345   5   1  86 217 223
 153 184 109 172 218
 371 357 292 358 102 211
 209 145 288 299  16
 161 170  49 377 119 254
 168  24  38 285 162 267
  28 318 253 205
 258  55  42 259
 260 128 334 130
 168 356  38 182 239
 386 304  15 249
 252 347 184  54 245
 344 334 260 211  39 303
  78 359 105 373 198
  77 109 359 105 373
 239 235 131 123 310 391
  81 197 271  61  46 215 265 298 311 319
 271 292  80 290  11  44 277 378
 284 304 206 162
 199 141 341 128 181 352
  48 126 250 154
 122 116  94 293  51  95 194 207 360
  64 111 348   5 155 300
  30 297 182 188
 261  60 105 333 125 320
 246 383  92 186 324 387
 301 321 157 115 254
 315 123 391 100 125 302
  89 349  26 330 139 324
 149 337  37 333  21 159 340 373
  85 116 194 307 192 234
 183 353  85 335   6 129 148 175
 388 267 131 158 135
  44 177 345  14 110 330 350
 108 132 169 120 257
 118   9 136 383 113 196 339
 315 189 317 268  91 107 123 156 276 282 391
 341 238 372 163 291
 357 211  66 225 151
 284 206  12 291
 221 329 250 182 224
 333  77 109 261  36  60  78  88 340
 331 336  57 303   4 248 338 365
 285  52 100 317 121 131 159 213 240 276 282 315
 132 163 214  98 169
  78 153 184 105  65 172 195
 201  97 181 206
 343  86 348   5 155
 118   9 233 134  58 313
 383 152  99 279  58 384
   3 329  63 221   7
 385 301 167 307  90
 122 353  85 335   2  25  94 307
 253  35 168 356
   9  99 196 112 142 313 322 380
  22 254  16  68
 274 174 311 365  98 219
 213 332 107  18
 183 116  85 353 175 293 335 360 387
 315 287 100 189  79  91 131 135 218 366 388
 253 285  38  28 162 205 269 304
  91  88 258  55
  48 250 169 163  29  84 249
 147 354 340 237
 130 341  72 206  83 227 305
 263 148 183  95
 214 128 363 230  72 199 206
  52 123 107 337  79  96 267 332 388
 108 163 214 169  98 199
 346 231 178   3 286
 233 251 343 112
 123 296  96 366
  99 171 380 383 222 339 389
 319 298  46 338 312
 345 220 358 328   1 181
 278  92  46 176
 307 380 196 335   6 142 360 369
 341  50  57 327  83 145
 369 196 140 118 203 313
 190  62 326  61  13 364
 215  43 378 371 352
 327 141  67 288  41 308 352
 379 257 325 158
 127 237 242 213
  95   8 247 129  31
  93 337 317 159  37  52 158 268 270
 218 352 312  51
 375 102 170 322
 281 177 283 323 113 300
 172 184 109  65 195
 249  48  84  29
 111  86 372  49
 276 317 100 239 282 310 379
 321  54 259   0  90 301
 332 159 149 337  96 146
 149 107 317  93 158
 208 344 210  50 174 219 256 334
 166  49 289 233  68
  30 124  69 284  82 314
 132 169 108  48 101 126
 177  62 323 238 300
  35 285 276 316
 283 279 290  23  49 161 289 384
 115 385 307  22
 182  73  38   3  30  69 117 244 356 367
 163 132 108  98  48 126
 266 357 322 233  15  68 151 342 377
 383 136 326  10  26 176 191 222 278 339 355 389
 153   0 109 184  65 195
 180 330 193 275 306
 311 160 208 344 120 219 265 274
 183  95   2 122  20
 360   2 171 389  59 139 203 264 275
 283  62  44  19  14  97 152 164 281
  12 231 182 346 133
 211 225 344 342
 193 349 299  32 173 288 306
 110 336 138  83
 168 221 367   3  30  73  87 104 178 297 346
 122 246  95 353 129 175 263 293 335 355 387
 347 153 109 228  54  65  75 172 258
  10 326  11 349  43  46  59
  11  49 279  89 375
 339 335 222 380 234
 230 381   3 329  12  87 291 382
 100 315 228 359  21 123 240
 143  13  62 303   4
  26 171 349 330 209 222
 234  94  59  25
 180 288 362 349 173 299 306
  94  85  51  26  33 234
 172 109 153   0
 118   2 246  99 140 142 355 369
  80 215  61 378 265
 373  53  77 332 232 243
 214 200 130 132  83
 208 199 363 230 231 374
 110 336 236 331
 325   7  63 316
 360   2 176 142 226 232 245 312
  20 262 216 335 247 385
  70 124 253 318
 128 110 130 238  82 103
 361   8  85  51  55 320
 160 344 225 210 174 200
 191  26  67 275  51 390
 344 160 225 311  40 208 219
 357 225  66 344  76 102 179
  41 382 236 308 242
 107  18  36 285 121 147 370
 130 363 132 199 108
 197 144 371  80 265
 204 262 307 335  20  33
   1  64 223  17 273
  65 150 388 123
 174 160 210 120 257 274 338
 345  17 358 283 138 288 299
 329   3 367 182 104 114 224 374
 136 171 191 389  25 187
  64  17   5 345 217
 104 221 257   3
 211 210 344 208 102 179 260 266 334 342
 203 232 361 259
 374 230 128 329
 359 347 337 189  53 184 252 391
 324 390  51  20
 374 363 130 341  12 188 200 227 351
 381  12   3 200 133 178 346
 226 198 243 203
 343  45   5 134 112 161 170 251
 194 192  94 187 263
 239 296  79 316 273
 201 237 382 212  41
  63 236 329 242 127 147 354
 295 372 345 348 101 164 206
 235  79 156  73 273 302
 315  52 107 189  18 370
 380  27   9 353 251 264
 237 286 212 336 147
 232 198 379 261
 250 367  35 168 269
 269 332  75 203
  89 196 353 383 183
  31  20 204 148
 331 106 319 336 338
  29  28 126 386  74 154
 329 126  29  48  84 104 244 309 318
 134 233 380 241
  53 228 347 391  75
 117 124  35  24  70 205
  22 119  90  68
 285 280 287 316
  50 344 260 160 351
 274 365  98 219 146 224
   0 184 347  60  71 125
 157   0  54 321  71 226
 344  50 225 327  72  76 256 334 341 372
 105  60  36  88 243
 385 204 216 307
 129 183 234 293
 360 176 241   5
 215 197 174  80
 170 357 348 225  15 305 342
  96 388 131  69  34 314
 287 149 100 337  53 270 317 333
 386 297 124 244 245
 287 268 149 337  18 370
  81 378 358  23  80 303
 389  27 360 380  22
 239 235 391 217
 120 365 174 219 257
 173 176 209  26
 317 156 100 107 165 310 368 379
  81 279  11 290 375
 326 139 171  46 324
  10 290 292 166  11 113 186 277 289 322 326 383
 255  24 287  35 325 379
 152  62 292 177  19
  53 100 107 156
  23 166 177 323   5  19 152 220 348 358 384
 162 103 304  30  82
 107 255  35  24  69 124 165 213 316 368
 133 242 356 346
 268 123 317 270 255 280 366
 193 180 330 220  67 145
 322 279   9 166 161
 279  11  10  81 166 277 371 378
 381 188 382 101 103 309
  81  10 279  66  44  61  62 281
 353 122  85 183  33 263 387
  19 348 357 295  15 384
 238 372  19 348 294
 316 368 235  35 135 366
 386 182  87 374 269 314
 319  56  46  80 137
 180 193 220 362  67
  86 164 152  13
  90 115 321 157
 304 391  91 239
  76 190 331 271 106
  74 302 124 284  82
 341 351 128 266
   4 173 193 180
 140 335 380 116   6  94 115 167 216 262 385
 145 381 341 212
 250 382 291  63
 156  79 276 317
  61 174 210  80  13  57 120
 150 324 137 203
 375 142 112 118
 388 162 267 297
 100 123 189 107  91 240 366
  35 296  63 285 165 202 235 255 368
 276 149 100 268 107 156 159 287 310
  28  38 250  70 205
 298  80  46  39 137 248
  55   8  88 207
 157  54  90 301 259
 289   9 279 118 151 170
  10 358  23 283 152 164 326 364
  92  89  46 278 229 312
 202 280 368  35 146 379
  10 279 185 323  46 143 171 278 349
  50 260 345  56  43 141 145
  56  57  43 138
 221   3  63 188  30 104 114 227 237 250
 349  32 191  97  14  26  59  92 173 288 350
 336 106 248 303 201 365
 158  52 337 131 121 198 245
 105  93 359 268  60  88
  76 160 260 225  72
 307 122 140 183   6  25  95 116 187 204 216
 331 365 106 248 181 201 242
 149  93 228 373  52 131 158 268 270 332 347 359
 382 248 106 219 137
 171   2 136  99 187
  36  37  93 105  21  34 127 354
  50 260 141 128  83 101 230 305 308 381
 179 225 266 170
  23 233   5 358 111 134 377
 260 160  50 210  76 174 179 208 211 225 256 363 377
 358 220  23  17  19  64  97 138 223 238 327 348
 133 231 178 182 286
 359 228 184 337  54  75 252 258
  64 345  17 283   5  86 111 238 266 294 295 357
 330 185 326  44  32  92 180 191 193 350
 349  44  97 330   4
  12 230 305 256
 144 145  83  43 150
 380 246 116 293  95 122 183 241
 127  36 237 340
 196 171   2 183 369
  73 168 117  24 286
  66 211 102 348 170 266 294 372 377
 345  23 323 283  45  66 138 220 271 343
 228 347 333 337  60  77  78 189
 176 122  85 140 203 264 272
 207  55   8  31 226
  39  47 376 193 299
 214 230 344  50 130 200 374
   1  14 143 323
 331 336 120 106   4 257 274
 287 296 315 123 135
   3 221 182 168 244
 296 316 285 276 325
 142 196 140 355
  18 270 240 213
  66  49  11 290 144 215
 238 295 357 260 101 155
 337  77  93  78  34 198
 230 363 200 221 227 297
 151 277 186 313
  39 362  44  47
 170 343 344 357  68
 271  81 290  10 144 197
 280 325 276 156 146 243
 241 353 140 118 136 187 251 272 307 389
 231 341 188  12 291 308 382
 291 338 381 188 212 236 309
 113 171 279  99  89 136 246
 294 113 166 283  58
 262 307 115 204 167
  28  74  29 297 249 269
 293 183  89 122
  96 267 131 123 218 314
 272 380 171 136  22  25  27 176 222
  51  42 209  41 229
 100  79 228 302  91 252 273
