 154 186 111 218
  92 358 269  49
 147  23 246 273 306
 214  38 310 237 236
  81  66  99 375 135
   6 255 380  27  41
 164  25 122 380   5  58  90 268
 300 386 198 169 281 322 342 349
  57 276 123 155 287
 390 340 361 279  74
 134 251 290 120  81 219 274 375
  67 108 304 289
 223 245  64 329 255 297 363
 254 179  97 151 311 339
  64 223  59 218  72  73  83
  34 176 344 200
 161  83 143 329  58 273 358
  36 199  59 111
 259 385 175  90  54 229
 371 343 223 391  51 242
 222 204 262 315
 306 291 197 149 106
 217 147 246  23  93 307
 147 246 358   2  22  93
 296 212 303 110  32 105 108 109
 286  27 385 265   6 164 186
 235 365 278 315 137 148 192
  25 348 286 194   5 332 380
  45 232  47 230 184
 309 202 145 313 351 388
 296 378 109 257  32  87 104 172 211
 190 353 139 110 188 261
 104  30 257  24
 166 197 237 365  34 204 305
 335 344  15  33
 239 213 104  79 331
  17  59 220 199 312 384
 160 272 213 139  39 335 366
 310 166  91 337   3 138 197
 335  37  57 226 165 366
 292 383 196 333 136 198
 352  57 164   5 366
 260 145 374 288 185 202 317
 123 221 284 291 341
 207 121 188 276
 232  28 379 163 174
  51 329  50 376 302 327 345
  84 253 126 163  28  70  86 173 328
 128 253 112 195  88 250 350
 168 269 244 147   1  56 157 246 273 367
 348  59 329 220  46  95 150 327
  46  95  19 329 147 246 352
  63 213 183 353  69 103 116 139 141 182
  78 363 358 269 170
  90  18 175 385
 285 345 213 353
  49 306 323 157
 369 352  39 319   8  41 276
 164   6 122  16 131
 348 218 199 223  14  17  36  50  73 101 220 283 288 329 347 373
 377  96 112 234 201 362
 144 222 204 180
 250 195 263 269
 353  52 264 218 105 202 293 370
 223  14 283  12 233
 328 379 173 230
 375 383 113  81   4 125
  11 108  89 304  98 121 181 203
 369 343 168 102 131 319 324
 271 264 213  52 182 313
  47  84 206 368  89 129 210 230
 344 225 364 200
 357 238  14 224 201 210
 348  14 199  59
 279 177   9  99
 378 109  97 313  85 179 331
 152 372 278 344 176
  78 269 243 250 169
  77 269  53 243  94 169 209
 382 100  35 261 123 153 277
 231 158  98 142
  99 113 251  10   4  66 267 279 292
 252 107 140 114 287 359
 223  14 143 238  16
 126  47 163 316  70 195 263 297 328 368
 179  75 331 388 339
 224 247 379  47 381
 211 324  30 378 208
 112  48 128 357 118 234 386
 360 298  70 206  67  98
  54   6  18 175
 337 325 334 256  38 310
 243 244 210 263   1 117
 170  23  22 147 287 349
  96 169 241  78 207
  51 376  50 329
  60 377 243 112  94 234 300 336
  75 378 202 304  13 144 151 179 200 211 280
  67 313 231  89  80 142
  81 113 292 136   4  74 241 267
  79 382 261 149
 248 329  59 316
 347 343 373 195  68 168 269 352 363 369
 213 285 202  52 116 139 151 254
  32  35  30 110 291
  24 110  63 190
 166 149 277  21
 252  82 134 120
 296 304  24 212  11  67 142 257
 296 360 212  24  30  75 289 313 378
  24 248 227 162  31 104 105
 206 218  17   0 312
  48 128  88 350  60  96 243 300 301 377 386
  81  99 279  66 136 267 322
 252 372 214 237  82
 270 334 140 187 191 295
 259 103  52 213 182
 203 169  92 318
 241 234 301  88
 206 238 368 316 154
 134 274  10 290 107 270
  67 203 207 172  44
 286 370 154   6  58 164
  43 261  79 291   8
 355 286 162 303 227 371
 136 375 274  66
 297  84  47 316 163 253
 304 378 202 296
  48 253 112 238  88 244 301 328 357
 263 301  70 143 203 318
 350 255 217 157
 276 369  68  58
 304 203 210 346
 256 251 137 148 219 267
 290  10 120 325 107 146 251 274 375
 167 236 153   4
 292  99 113  40 125
 235 133  26 192 215 310
 197 299  38 337
  52 272 213 103  31  37 171 226
 187  82 252 295 115 349 359
 265 178  52 183 239
 230  98 210 108  80
 238  83 223 332  16 129 263 275
 200 179 280  97  61
 206 309  42 288  29 260 360 374
 325 134 256 290
 246  23  49  51   2  22  93
 133 251 235  26 240
 225 221 305 277  21 100 106 382 387
 265  50 186 259
 254 202  97 103  13
 344  76 372 278 364
 172 354 277  79 135
   0 260 309 119 122
 237   8 225 344 236
 200 280 331 179 208 354
 161 273 275  49  56 130
 231 173 289  80 180 184 338
 235 340 364 361 192 258
  37 171 272 351 165 200 221 225 335 366 382 387
 245  16 329 332 157 358
 227 355 248 368 110 124 168
  84  47 126 316  45 174 232 330
   6  25 391 122  41  58 268 302
 226  39 335 160
  38  33 237 310 106
 135 365 278 192
 391 343 102 162  49  68 269 323 356 367
  78  77 269 203   7  94 117
 358 326  53 386  93
 272 160 351 139 387
 153 354 211  30 121
 247 328 158  47  65 180
 378 232 163  45
 259 385 216 389  18  54  90 321
  76 344 361 262  15 228
 384  74 201 386 281
 194 271 285 353 141 370
 331 200  97  75  13  85 144 156 280
 173 158 189 313  61 282
 289  67 346 232 311
  69 313  52 116
 298 218  52 360 141 388
  28 158 338 289
 317 202  42 313 339
 216   0 265  25 150 389
 334 299 140 252 115 191 295
 284 261 190  31  44
 282 180 240 361
  31 188 261 105
 270 187 115 299
 235  26 137 159 167
 224 320 247 355 362
 178  27 285 380 391
  84 297  48 102  62 250 356
  40 333 292 299
 138  33  38 341  21 295 307
  40   7 241 300
  59  17 218 220  36  73 384
 179 160  97 280  15  71 144 156
 363  60 377  72 177
  42 260  63  29  97 103 127 151 185 254 317
 132 129  67 304 117 121 169 207 318
  20 222  33 315  61
 390 372 228 315 258 308
 145 360 309 119  70  89 111 247
  44 121 203  94
 156  87 280 387 236 341
 217 336 326  78 294
 232 357  70  72  92 132 142
  30  87 378  97 172
 264 271 296  24 108 109 249 303 346
 264 285 271 103  35  37  52  55  69 116 139 353
 310 256 365 372   3 114 237 308
 364 137 277 235
 186 259 175 265 321 385 389
 336 243  22 130 209 294
  59 348 199 298   0  14  63 111 183 286 293 316
 133 256  10 375
  59 199  36 327  50 312 376 384
  43 149 160 225 341
  20 262 204 229  61
  64 329  12  59  14  19  83 143 233 238 245 266 297 371 373
 247 193 320 314  72  86 379
 344 305 160 149  71 155 221
 139 272 165  39
 162 248 355 124 110
 205 176 390 361
 321 335 222  18
 232 357 328  70  28  65 142
 257 158 247 289  80  98
 230 357  45 163  28 174 181 210
 288 223 297  64
  60 377  96  88 118
  26 159 192 137 148 215 364
 135 208   3 155
 214  33 166 308   3 114 155
 266 143 119 223  72  83 128
  35 351 141 272
 267 148 282 251 189
 118  94 198  99 282
 314 245 332  19
  96 300  92 112  77  78 217 336
 263 350 128 332  49  92 268
 329 223  12 161 242 255 266 314 332
 147  23  49  51   2  22
 224 298 206 360  86 173 193 231
 227 101 162 264 110 249
 212 330 248 264
 356  48 195 253  62  77
  10 375 134 290  81 133 148 240 390
 334 107 114 337  82 140 187
  47  48 128 126 250
 202 151 272 103  13
 245  12 332   5 130
 325 133 146  91 214 219 334 365 375
 231  30 108 388  32
 340 390 159 205 311 322
 175 216 385 265  18 116 150
  42 374 154 145 202 293 317
 188 190 284  31  79 100 123 291
 315 361 222 278  20 176
 244 143  84 368  62  92 129 301 318
 212 213 271  63  69 248 249 285
 150 141 186 216  25 259
 238 223 245 297
  81 113 133  99 240
 244   6 273 164
 102 168  77  78   1  49  53  62 169
 115 191 334 120
 212 213 178 264  69 324
 139 171 160 351  37 226 239 254 335
 157  16  49 358   2 268
 120 134  10 375 125
 350 332 143 157
 352  57 131 369   8  44 287
 149  79 354 331 106 153 215
  26  76 315 372 152 167 262
 113  74  81   9 322
 200 156 179  97 144 208 338
 386   7 384 177
 189 240 180 241
 373 316  59 348  64 330
 188 261 369  43
 213 178 264 194  55 103 345
  25 370  27 218 122 124
 276   8  93  82
 233 145  59  42
 360 296 109 309  11 158 181 184 231
 134  10 120 251 146
  43 261 123 104  21 307 349
  40 136 333  81  99 196 342 383
 374  63 218 260 312
 326 209 217 333
 140 197 115 187
 109 212  24 360  30 108 127 289 346 378
 126  12  84 223 195 233 266
 183 360 218 247  89 303 309 388
 187 138 334 359 191 196
 243 336 112  96   7 198 386
 129 128 112 263 118 318
 319 345  46 164
 368  24 298 212 124
 108 132 127  67  11  97 203
 225 149  33 344
  21  56 323   2
 291 341  22 197
 237 390 205 214 333
 360 206 145 298  29 154 289 388
  38 214  91 137   3 166
 258  13 181 339
 293 111  36 220
  29 109 360  69  75  98 180 182 185
 332 242 245 224 320 328 355
 372  26 365 278  20 204 205 262
 283 368  84 218 101 119 126 163 346
 185 260 202  42
 203 263 129 301 117
 302 352  68 369  57
 224 193 355 314 323 379
 389 175 216 370 229
 113 279 258   7
 379 320 356 168  56 306 362
 381 271  68 391  87
 256 334 146 134  91
 170 209 294 386
 220  46 376  50
  47 128  84 314  65 173 230
 245 223  59  12  16  46  50  51  95 101 161 347 363 376
 163 249 391 283 345 367 381
 179  35 387  75  85 156 277 354
 314 245  27 355 143 161 242 244 255 275
 292 196  40 308 294
 325  91 256 337 115 187 252 270 299
 272  39 160  37  34 165 229
 217 300 243  96 209
  91 334 252  38 138 359
 184 280 340 158
  13 185 311  85
 258 159 361   9 338
  43 197 221 208 307
 349 292   7 383
 371 102 391  19  68 168 352
 152 225  76 176  15  34  71 155 305
 348  46 330 285  55 302 381
 316 368 296 212 132 181
 102 373  59 329 363
  59 283 218  27  50  73 345
   7 291  93 140 342
 244  48 112 275 130
 272 171 160  29 239
 343 102  51 319  41  57 276 369
  63 178  52 213  31  55
 153 331 156 277 172
 391 162 368 314 124 193 227 320 332
 250 195 168 367 323
  72 232 128 230  88 210
 161  16 363  53   1  23 170 273
 140 299 337  82
 309 206 298 145  89 109 183 247 289 296 313
 262 159 176 340   9 189 228
 323 193  60 377
 102 347  12 329  53 201 358
 159 235 152  71 215
  26 315 372 256  33 167 214
  37 160  39  41
 356 168 330  49
 316 303 119  84  70 162 263 346 355
  68  57 102 352 131 276 284 319
 286 178 122  63 321
  19 343 124 223
 315  76 365 278 114 152 205 214
 283  59 347 223 102
 293 260  42 145
 251  10 134 256   4  66 125 219 274 383
 329  46 327 220  95
  60  96 112 234 201 362 386
 296  30  75 109  87  97 127 174 211
  86 320 323 224  45  65
 194  27 391   6   5
 324 330  86 345
  79 100 149 160
  66  40 292 375 342
  36 177 220 199 281
 259 175  25 216  18  54
  88 112 377 300   7 170 177 281 326
 331 149 171 160 208
 298 183  29 309  85 257
 175 321 216 186
 205 251   9 308 228 258
 355 343 168 194  19 164 324 330 380
