 187 385  18 297
 354 380 151 294 188 305
  92 270 167  95   6 262 317
 348 147 228 135
  97 142 162 243  47
 251 220 201 375
 317 255 298   2
  43 299 284 314
  24 187  66 362
 279  81  10 142  11 136 290 313 339
   9 142  81 279  40  64 231 254
 142 279   9 168 173
 202 391 301  76  27  42 278 340 346
  51 282  78  96  77 121 129 215 221 275
  74 376 248 231 243 300
  73  17 283  47 242
 124 331 166 273 272 302
  73 283 227  64  15 233 234 242
 216 385  94 259   0  31  54 335
 321 247 222 229 178 216
 204 247 222 321 186 216 332
 281  53  50 328 183 371
  65 223  23  59  46 158 165 347
  65  22 238 170  79 235 239 289 347
 107 315 177 299   8  66 104
 224 109 194 303 370
 181  44 130 113  85 390
 288 248 357  12
 126 250 263 163  70  84  86 212 309
 309 331 163 318
 218  57  84 314 104 309 333
 335  55 321  18 178
 152 131  43 182 127
  82  68 115 359 342
 185 126 192 304
 244  49  86 237 379
 288 329 248 153  97 148 191 337 373
 236 113 249 197 140 207
 155 364 368 326 211 366
 105 363 281  50 230
  10 311 130 102 181
 206 362 214 284
  76 202  12 199  46  67 327 334 380
 306 225 299   7  32  84 314
  26 181 339  81  85 390
  85  61 316 390 166 367
 165  59  42  22
 233  15 191   4 338
 377 257 304 318  66 164
 378 182 101 291  35  88 198 284 312
 281 363  21 260  39 106 162 243
  13 121  78 220 156 189 386
 209  68 381 328  93 111 154
 328  21 102 371
 385 259 187  18 186
  31 355 335 280
 102 119 288  64 371
 104  58 149 223  30 109 333
 104  57 177 223 109 149
 391  76  22 165  46 110 303 334
 152 131 225  90 240
 367 258  45 203  87 307
 318 108 174 157 252 257 297 308 355
 376  74  76  67 110 349
 191  17 288  10  56 227 234 356 357 358
  22  23 347 223 194 235 239 289
 164  48  24 107   8 315
  99  42  76 301  63 241 349 354
 381 359 209  52  33 154 230
 361 324 250 291  98
  86  28 163 126
 298 143 255 103 184 320
 319 266 238 228 211 387
  17 242  15 227 352
  14 376 248  63
  96 386 101 190
 145  42 202 376  12  59  63  67  83 199 327 349
  78 129 196  13
  77  51  13 129  96 196
 239 245 235  23 124 256 369
 266 220 374 384 350
 279   9  10 339  44 112 136 151 203 290 358
  91 359 345  33 115 179 342
 145  76 376 202 267
  28  43  30 314 218 355
  45 390  44  26
  70  35  28 237
 169 203  61 367 146 184 287
 127  49 324 378
 171 193 124 346
 131  60 185 152 164
 359 345  82 322 115 128 179 195 209 258 389
 167 270   2 262
 183 105 353  52 111 154 160 246 280 295
 122 174  18 259 252 335
 317   2 167 116 175 246
  75  13  78 275 129
 233 227   4  36 114 148
 221  69 253 200
 134  67 241 196 156 336 354
 261 369 244 291 180 253 365
 291 190  49 182  75 150 206
  56 119 288 281  40  53 363
 285 388 213 344  71 184 255
  57  58  30  24 109 315 333
 183  39 353  93 370
 260 329  50 153
  24 315 299 192  66 365
 174  62 318 257 132
 333  57 104  58  25
  59 172  63 153
 363  52  93 281
 142 279 136  81 326 368 383
 383 236  37 197  26 181 249
 234 162  97 227
 359 195  91  82  33 144 213 389
 175  95 247 321
 391 172 278 176 224
 293 381 197 325 323
 102 281  56 130 316
 274 326 364 340
  51 384 266  13 215 232 312 350
  94 259 174 157 335 385
 382 217 368 188 173 366
 133  79 235 239  16  89 171 331
 330 135 348 339
 163  28 263 250  34  70 185 304
  88  32 152 306 212 272
 322  91 359 345
  77  78  13  96
 311 197 210 345  26  40 119 316
 152  32 263 225  60  90
 297 257 377 108
 273 155 124 159
  99 265 136 348 156
 228 147 348 384   3 125 330
 279 142  81   9 112 134 168 336
 293 322 381 209 341
 369 212 256 378
 286 170 220 182
  37 373 148 293
 360 173 341 294
 279  10   9 112   4  11 136 336
 321  71 335 298 320
 302 115 204 270
  83  76 202 376 241
 184 169  87 341
 348 135 228 384   3 310 387
  97 337  36 357 140 171 276 372
  57 380 347  58 296
 198 182 101 152 240
 368  81 217 248   1 169 269 294 305
 306 131 225  32  60  90 127 150 192 240 263 324
 172 288  36 329 106 110 337 363
  68  52  93 209 230 323
  38 133 371 159 273 287 307
 134 189  51  99 232
  62 122 377 174 164 187
  22 218 271 223
 364 326 168 265 133 155 217 351
 295 183  93 175 161 280
 246 295 160 187 302
 234 283 243  50   4 114 300 311
 126  28 263 304  29  70 297 308 355
  66  48 157  90
 223  59  22 199  46 176 271
 307  45 389  16
  92 262 270   2  95 175
 364 136 159 265  11 173
  87 269 294 151 146
 220 251 286 238  23 139 219 289 319
 214 124 148 314  89
 391 117 153 248 110 368
 168  11 123 294 141 341 360 382
 108  62 318  94 122 157 252
 116 167 270  95 160
 117 224 303 165 271 300
 343 277  58 314  24 218
  19 335  31 321
  82 345  91 322 342
 315 100 308 379
  26  44 113  40
 284  49 101 192  32 139 150 198 343
  93 105 353  21 160 280 295 372
 344  71 103  87 146
 192 306  34 126  90 361 365 379
  20  54 280 187
   0 157  54 259   8 161 186
 123 382   1 351
 251 386 156  51
 101 277 291 299  75 193 245 362
 210 288  64  36  47 337
 152 182 185 299  34 107 206
 362 284 343 190  89
 334  65 223 208  25
 359 115 389  91
  77  99  78 354 349
 381 322 113  37 118 130 249 258 311 345
 240 150  49 182
 238 327  76  42 165
 237 250 263 291  98 261
 238   5 251 327
  12 301  76 145  42  83 278 346
 313 254 339  81  61  87 287 367 390
  20 247 229 222 144
 338 349 232 380
  41 101 362 192
 322 345  37 236
 380 334 374 232 194
  52 345 381  91  68 137 154 293
 191 383 281 130 227 316 352 371
  38  72 364 357
 127 237 138  28
 285 103 359 115
 312  41 284 343 171 387
 256  13 121 282
  18 229  19  20
 159 368 151 123 382
  30 314  84 177 158 379
 170 251 303 223 346
 170 251 374 286   5  51  80 139 266 277 375 386
 244 275  13 282  98
 321 204 229 332  19  20
  22  65 165  57  58 158 194 219 271
 176 117 271 303  25
 152 306  43 131  60 324 361
 325 285 264 345 317
  17  64 210  73  97 114 233 268 276 352
 135 147 348 384   3  72
 204 222 321 247  19 216
 316 154  39  68
  10  14 248 288 254
 208 121 156 265 205
 227  47  97  17 268 338
 162 283  17  64 114
  23  79 289  65 124
 113  37 322 383 207 249 258
 200 378 244 250  35  86 212 261 331
 327 199 170  23  72 201 319
  79 347  65  23 124 273
 198 152  60 150
  99 251  67 145 336
  73  17  15 352 356
  14 162  50 300   4
 291 237 378 282  35 100 221 253 275 369
 190  79 299 284
  93  95 280 161
 204  20 321 229  19 116 332
 376  27 288 172  14  36  74 151 231 357
  37 236 197 113
  28 200 126 253  69 237
 220 375 170 241   5 189 201 219
  94 308  62 174 320
 250 244 291 100  98 379
 313 231 358  10 203 338 352
 285 103 270   6  71 388
 215  79 369 347 138
 377 108  48  62 132
 328 197  91 236  61
 385 122  18  94  54 187
 106  50 329 353
 100 291 200 237
  92 167 270   2
  28 131 126 152 163 200
 359 325 285 381 226
 364 134 168 159 232
 374 220  80 121  72 319 354 384 386
 278 376  83 391
 305 233 330 227
 151 296 169 305
  92 167   2 262 144 175 255 298
 224 176 165 223 158 292
 355 127  16 320
 133 347 155 239  16
 120 326 293 364
 282 244  96  13 221
 148 372 316 227
 286 190 220 177
 117 202  12 334 267
   9  81 142  10  11 112 136 290 339
 183 160 246  93  55 186
  50 363  21 210  39 102 111 119
  13 291 244 275 215 221
  17 234 162  15
 182 343 286  49   7  41 193 214 245 299 362
 103 213 264 255 226 325 344 388
 277 170 220 139 284 312 362
 351 203  87 155
  27  36 248 357  56  64 102 153 191 231
  65  23 170 235
 339  81 279   9 310 330
 101 244 282  49  69 100 190 200 253 261 378
 336 271 375 358
 137 209 118 381 140 274
 351   1 151 173 141 169
 353 160 183  93 161 302
 269 347 149 305 307
 132 163  62 318   0 355
  71 321 270   6 143
 284 192  43 190   7  24 107 245 314 365
 243  14 162 176
 202  12 340  67 346
 144 295 161  16
 176  59 219 340  25 224
  48 126  34 163 308 377
   1 269 354 151 268 296
 152 225  43 185 127 324
 166 155  61 296
 318 304  62 163 180 252
  29 318  28  30
 339 147 290 356
 130  40 197 162
 384  49 286 121 214
 203 254   9 326 351
 177  43 343 299   7  30  84 171 218
  24 107 104  66 180
 328 130 119 210  45 230 276
  95   6   2 226
  62 108 174  48  29 297 308 309 377
 170 327 238 266  72
  71 252 143 272
 247 222 229  19  20  31 116 143 178 298 332
 236 197 345 381  91 128 137 179 207
 325 118 154 381
 361 225 306 152  69  88
 264 226 381 285 118 323
 159 364 112 313  38 120 274
 238 199  76  42 201 319 374
  53 316 258  21  52
  36 153 106 260
 348 339 135 290 125 268
  29 124 237  16
 222 247 321  20
 104  30 109  57
 208 278  42  59 194
  18 122  31  94  55 143 178
 136 241  99 142 292
  36 373 153 191 148
  47 349 254 233 205
 290  81   9 279  44 125 203 310 330 356 358
 391 364  12 301 120 303
 173 137 360 382 141 146
  82  33 179 345
 284 362 177 182 193 214 314
 103 388 184 285
  91 322 209 197  82 128 130 179 207 226 342
  12 202 301 219  89
  65 239  23  22 149 256 273 296
 147   3 135 330 125 134 228
  67  63 196  76 205 338
 386 384 121  80
 294 287 313 159 188
 210 254 227  73 242
 260 295 105 183  93
 196  99 266  67   1 305
 297  62  84 163  55 272
 310  64 339 242
  27 288 248  64 148 211
  81 254  64 339 292
 264  91 115 381  33  68  82 128 195 213
 141 341 367 173
  69 324 225 185
 343 284 286 190   8  41 193 206
 281  50 102 153  39 111 373
 340 159 265 168  38 120 211 274 326
 299 107 185 100
 123  38 382 368
  61  87  45 203 360
 151 172 217 112  38 123 366 382
 244 100  79 378 138 256
 372  25 373 105
 210  21  53  56 155 373
 389 148 183 276 370
 371 337 363  36 140 370
 220 266  80 327 208
 251 220   5 386 292
 248  74  76  83  14  63 145 267
 257  48 304 318 132 157
  49 291 237 244  88 138 369
  35 253 185 218 180
 208   1 149  42 205
 197  68 359 322  52 118 137 209 264 293 323 325
 123 217 368 173 188 341 366
 113 236 210 112
 121 266 387 147  80 135 228 312 350
 259  18 122  54   0
 220  51  75 266 189 350 375
 384 147  72 214
 103 344 285 255
 195 372 115  91 166
 203  85  26  44  45
 172  12 117  59 267 340
