  54 347 157 259  21 195 228 247 252 268
  74 104 221 225 187 205 255 300
 176 175 178 360 313
  57 230 174 210
 365 236 350  98 356
 182  12  14  72  29 118 297
  93  73 121 254 251 310 314 379
 196 209  41 139 280 367
 259  54 270  93 232 379
 266 112 353  19 264 305
 329 138 358 288  13 136 278
 130  76 292  56
   5 182 118  14 297 351
  10  80 120 136
 345  99  48  12   5 285
 266  73 112 251
 116  25 216 167  68 213 262
 344  66 377 104  45 294 342
 385 335  65 307
 353 180   9  25  92 122 293
 204  31  96 335  79  88 203 276
  78 157   0  52  65  77
  94 111 204 335  79 161
  76 160 283 358  56
 180  43 293 122
 353 167 270  16  19  93 116 122 213 370
  89 178 242 229  95 175 203 222 286 360
 304 386 233  30 124 313 380
 126 253 309  70 217 310
 253  58 126   5
 196 296 275 188  27 241
 204  20 247 335
 350  44 365 376 183
 249 291 294 367 244
  35 287 340 275  95
 275 212 296 382  34 133 162 265
 340 354 368 150
  93 247 270 259 129
  48 169 163 318
 362 199 303 191
 106 219 349 311 356
 212 338 346 378   7  71
 312 356 146 173
 111 208 231 185  24 154 155
  76 376 214 350  32 365
 271  17 357 210 250
 215 338 191 137 176 298 319 324
 328 338 382 221 181 188 219 298 316
 169 318 113  14  38
  83 371 102 151  68
 260 363 329 327 138 141
  55 369 320 131
 301 157 321 391  21  65 189 302 332
 252 228 301 332 195
 157   0 321 259   8  90 247 252 347
 320 261  85  60  51 131 369
 160 349  23 185  11
   3 174 311 219 236
 170 384 357  29
 329 171 199 191 144
  55  75 261 131 245 361
  99 279 290 334 173 383
 281 174 132 108 103 364
 190 311 303 110 101 120 164 323 330
 348 357 283 233  69 170 179 182 380
  94 315  21  52  18 385
 238 177 220 328  17 181 227 230 281 289 344
 305 112 151 254 223 264 272
 389  16 116  49 161 272
 119  64 233 103
  28 309 253 126 387
 255  41 366 359
 384 357   5 113 179
 251   6 134 310  15 309
   1 187  91 282 119
  91 361 140  60 226 245
  44 292 363 288  11  23 130 214 283 376
  78 333 347  21 373
  77 347 333  21 105 268 373
  22  94  20 360  86 284 315
  81 138 174 329  13 248 362
 288 174  80 108  97 138 323 326 358
 147 205 263  85
 279 371  49 102 166 246 339
 350 257 318 169
 261 320 117  55  82 115 131 140 156 235 282
 114 343 360  79
 308 265 178 168 222
 373  96 203  20 276
  26 229 242 186
 321  54 157 391 302
 115  74 123 366  75 156 235 245 287 359
 180  19 355 353
   6 167 353  25   8  37 121 232 314 379
  22  65 204  96  79 284 385
  26 287  34 360 276
 111  20 204 116  88  94 267
 108  81 288 349
 349 106 281 311   4 306
  61 290 279 334  14 295 322 339
 317 287 109 359 107 153 172 239
 364 329 238  63 284
 151 166 371 334  49  83 355 375 383
 206 238 227  62  69
 221 378 328 110   1  17 177 197 227
 109 148 373  78
 349 336 331 190  40  98 193 330
 100 109 153 162
 132 288  81 174  62  97 236 292 318 323 326
 100 317 153 105 107 159 315
 104 221 190  63 162
  43 194  22 204  96 154 335
 266   9 305 251  15  67 134 142
  48  72 384 169
  86 360 330 229 222
  91 156 131  85 184 258
  16 167  25 216  68  96 262 370 389
 275 296 346 366  85 123 133 150 156 235 261 320
  12 348 182   5 297 322
 140 227 131  74  69 304
 274 303 190  63  13 127 362
 310   6  93 314 129
 216  25  19 270  24 194 262 293
 366 296 117  91 131 158
 304  27 307 386
 388 135 359 366
  28 309 217 253  29  70 384
 274 354 120 237
 220 238 358 206 233
 121 310 253  37 195
 292 358  76 288  11 283
 123 261  55  85  51  60 115 119 140 149
 108 288 174  62 163 169 206 318
 346 382 117  35 377
 251  73 266 112 223
 125 388 366 218 313
  10  13 292 358
 319  46 338 265 146 312 324
  81  80 329  50  10 211
 296 212 275 378   7 176 196 209 340 354 368
  85  75 131 235 119 241 361 369
 311 193  50 200 145 160 299 341 343
 273 252 112 347
 208 185 163 365 152
 372 374  59 363
 327 299 141 191 178
 312 137 319 325  42 148
  82 263 243 205
 105 198 146 359
 337 131 198 258 153 159 172
 366 296 275 117  36 218 388
 389 355 102  49  67 213 339 375
 277 154 143 279
 172 109 100 149 107
 111 152 194  43
  43 372 231 371
  91 255 117  85 115
 321  54  90   0  21  52 301 347 391
 123 359 287 366 317
 109 184 149 172
 349 211 141  56  23
 186  68 231  22
  35 386 110 187 107
 292 206 132 318  38 143 169 364
 238 289  63 177
 353 167 254 270
 102 371 279  83 223 295
 353 270  25  93  16 116 165 194 240 254 267 370
 225 381 289 343  87 200 308
 318  48 163 132  38  84 113
 357  58 250  64 244 269
 327 303 191 237  59 274
 153 149 317 100 159
 256 290  61 223  42
 326  81  57 288   3  62  80 108 132
   2 229 312  26
 215  46 209 139   2 299
 281  66 328 104 164 201 227 294
 308 145 343  26   2  87 239 360
 233  64  72 182
  19  92 355 353  24 293
 328 237  66  47
   5  12 118  64 179 256 297
 246 277  32 376 278
 258 337 359 115 159 307
 186 277 214  56  43 143
 185 330 211  89 161
  74   1 300 205 162 234 386
 316  47 225 382  30 327 364
 332  52 228 347 315
  63 336 237 311 106 110 120 274 306 331
 303 199 327  46  39  59 145 171 298 329
 368 234 352 227
 141 311 106 281 306
 111 335 167 122 154
  53   0 129 332
 212 296 139 378   7  30 377 386
 378 328 224 104 291
 149 258 337 359 148 207
 303 191  39 329  59 330 362
 225 141 221 168 289 381
 177 271 236 328
 387 383 246 334
  26  88  20 360
  20 335  94 111  22  31  96
 282   1 187 263  82 147 243
 163 128 348 132 103
 258 359 198 287
 231 143  43 277
 377 378 139 212   7 176 298
 367 328 271 291   3  45
 341 160 329 138 186 374
 139  35  41 378 196 209 338 346
 151  25  16 355 285
 345  76  44 279 185 231 246 277
  46 221 378 328 176 352
 262 270 122  16 116
  28 126 253 384
 150 296 388 366 135
  57  47 328 344  40 280 356
  66 271 128 230 233 342
 378 104 225 328   1  47 110 200 215 224 344 352 368 377
  87  26 114 229
 256 166 134  67 173 273
 368 221 328 197 263
 221 289 168 188   1 200 342 344
 317 258 361  75
 238  66 104 177 103 119 192
 347   0 252 332  53 189 333
 242  26 324  89 114 175 222
   3  66 260 220 238
 208  43 277 214 155 161
 379   8 293  93
 220  64 342 128  27  69 179 313
 255 187 192 368
 366  85  91 117 140 255
  57 288 201 108   4 356
 331 190 336 181 127 171 354
  66 227 128 230 101 103 164
 178 360 100 308
 167 247 353 270
  30 291 300 140
 248  26 229 319  89 286 325
 263 320 205 261 147 280
 250 170 367  33 269
  75 337  91  60
  83 279 183 214 202
  54 259   0 270  31  37 240
 325 331 319  80 242
  33 291 255 367
 357 244  45 326 170
  73 134 266   6  15 112
 228   0 347  54  53 142 273
  28  70  29 126 129 217
 167 353 165   6  67
 234   1 235 300  71 156 249 386
 223 173 290 182
 365 350 376  84 278
 359 337 184 115 149 198 207 226
  54   8   0 247  37
  50 363 329 230 372 374
 320  85  55 117  60 131 243 263 282
 216  16 116 122
 261 205 224 282  82 147 243
 305   9 266  67
 308 316 137  35  87
 112   9  15 134 251 264 305
 355 353 167  96
 373 347   0  78
 244 380 351 170
 167 353  25 216   8  37 122 165 240 247 370
 220 210 288 326  45 201
 297  67  68 302
 142 223 391 252
 120 190 303 171 127
 296 117  35 139  30  34 150 340 368 382
  95  88 317  20
 185 214 208 183 152 231
 376 257  10 183
  83 290  61 334  99 152 166 214 246 295 345 383
 320   7 243 219
  62 177 311  66  98 193 306
  74 261  85 205 263
 348 358  76 130  23  64
 364 101  94  79
 295 351 213  14
 390 319  26 242
 359 366  91  34  95 100 158 207
  81 363 108 174  10  76  97 130 132 236 271 358
 225 168 200  66 164
 279  99 371 345  61 173 256 322
 197 210 367 294  33 241 249 300
 130 358 108  76  11 136 163
 180  19 232 122  24
 291 177  17 367  33 304
 166  99 345 279 285 375
 275 139 117  35  30 123 150 196 218 340 366
 118 182   5  12 272 351
  46 191 209  47
 145 327 141 176
 291   1 187 255 241
 391  52 321 157  53 302
  52 301 391  90 272
 199 191  63 120  39 171 274 329 331 349
 386  27 294 119 124
   9 112 389 266  67 264
  98 193 281 190
 124 184  18 385
  87 265 168 178 239
  28  70 126  73 387
 121  73   6  28 129 314
  63  57 141 190  40  98 193 281
 390 146 137 319  42 175
 135  27   2 233
  93   6 121 310
  65 109  79 189
 382 188 338  47 265 386
 100 158 226 109 172 276
 169 163 132 108  38  48  84
 137 338  46 248 146 242 286 312 324 390
 261  85  55 117  51 243 280 369
 157  54  90 391  52 301 332
 290  99 118 345
 358  81 108  63
 319  46 137 338 229
 248 242 350 331 146
 174 108 271  81 250
 191 145 188  50 171 299
 344  47 378 104  66 177 181 197 201 210 215 219 221 224 352
  50 260 191 303  10  59  80 101 138 199 211 363 374
 349 199  63 106 114 186
 336 237 190 303 106 248 325
 228 189  52 321  53 195
  78  77 228 347
 383 279 102 345  61  99 202
 204 194 111  22  18  20  31 385
 331 190 237 106
 258 149 359 184 198 245 361
 382  47  41 212  46 137 316 319 324
 151 389  99  83
 296 139 354 275  34  36
 343 211 381 141 374
  17 220 233 225
 381 341 168 141  86 178
 328  66 221 225  17 219
 290 214 279 334  14 295 322
 378 133 117 212  41
 228   0 157  54  77  78 142 189 252 268 333
  64 283 206 118 372 380
 106 160 330 303  40  56  97  98
 365  84  32 257   4  44 325 376
 380  12 269 297 285
 221 215 328 368 192
 167  25 270  19   9  92  93 165 180 240 254 267
 237 368 139 340  36 127
 151 180 102 389  92 213 267
  40   4 236 219  42
 250  64 170  45  58  72
 292  10  81 288  23 128 130 136 283 323
 287 258  91 125  71 100 148 158 184 198 207 337
 390 178  26 114   2  79  86  95 203 239
  75  60 337 140 226
  39 199  80 120
 260  50 288 329  76 144
 101  62 188 163 284
 350 257   4  44  32 143
 117 150 123 296  71  91 125 135 158 218 235 287
 210 291   7 294  33 244 249
 224 139 221 275  36 192 234 352 354
  51  55 140 320
  25 116 270 167
  83  49 290 166 102 155 375
 144 374 348 260 155
  88 268  78  77 105
 341 211 329 260 144 372
 102 371 151 295
  44  76 257 350  32 183 278
 209 196 221 133  17
 221 197 104 346  41 139 196 209 212 215 328
 232   6  93   8
 348  64  27 351 269
 343 168 341 200
 338 316 275  47  35 133 188
 334 102  61 279 202 387
  72 113 126  58 217
  18  65 335  94 307
 255 196 187 316  27 124 162 304
 202  70 383 309
 125 135 150 218
 151 305 116  68 339 355
 360 312 319 286
 301 321  90 157  52 273 302
