 186 141 297 145 175 183 260 265 317 370 385
 349 291 261 188 100 170
   3  23  22  79
 250 237 269   2 278
  66 292 136  40
 376 329 327 165
 321 122  25 332  16  36
  99 106 308 277 342
 372 155 123 197 246
  32  98 117 322
  91 120 334 292  26
  70 109 303 328  45  80 257
 345 391 363 376
 108 304 213 316 142 248
 288 348  64 220  83
 131 156  34 203
 389   6 321  95  41
 329 347  63 316
 385 175 222 247 201
 371 178 389 374 105
 222 157 204 273 335
 299 214 326 287  23 107
 138  33 107 197   2
  21 123  76 147   2 106
  69 224  89 332  31 105 230
 332 259 321 116   6  31 161 216 245
 196 292  81  10 137 336
  63 329 202 101  73
 244 257 184 320
 145 126 141 206 119 272 313
 263 182 227 162
 116  24  69  25
   9 117 112 182  66
 197 237 123 359  22
 176 369  15 287  82 131
 132 304 318  68 104 174 277 331 343
   6 199 286 321 161 373
 347 391 363 162 352
 307 337  93 336
 220 327  51  50 366 367
 292 198 134 251   4 136 256 333 375 383
  16 130 321 164 305
 233 271 202 316 119 163
 367 221 168  77  49 106
 344 168 346 308
  11  70 104 378  80
 327 285  51 101 165
 309 253 206 298  60  84  89 158 231 328 361
 368 119 202 233 234 289 387
 276 155  43 366
 220 348 327 288  39
 165 327  46  39
 139 254  73  72 242
 319 156 391 382
 255 229 116  90 157 216 222 262
  76 376 283 139 246
 310 191 198 176 112 167 323
 147 269 188 363 170
 363 352 293 155
 199 286 312 373 124 288 314 353
  89  47 178 298 158
 275 130 389  90
 174  79 250 343 278
 101 226 329 316  17  27  64 202 266 283 348
 348 226  63  14 177
  85 185 172 377
 198 383 300  32   4
 296 181 142  97 118
  35 132 304 378
  24 224 332  89  31 179
  11 212 355 206  45 361
 181 370 330 355
 227 110 345 182  52
  52  27 139 329
 301  75 158 280 125 340
 224 374 200  84  74 232 301
  55 376 363  79  23
  78 284 237 123  43 106
  77 284 237 123
 319 363 162 250   2  62  76 269
  11 173 339  45
 251 292 383 219  26  99 135 267 342
 291 326 287  34 147 191 306 349
 265 288  14 141
 309 346 253  47  75 212 238
 377 189  92 208  65 144 185 270 311
 129 193 244 386
 211 172 160 153 258
 263 154 368 156
  60  24  69  47 280
  54 255 262 259  61 130 157
  10 334 120 187 138
 377  85 208 152 215 270 273 365
 337 295 365 344  38 305
 267 159 340 338
 152  16 160 228
 236 117 169 174
 296 108 271 330  67 111 181 378
 368 112 154   9 234 384
 267   7 308  81 135 342
 261 149 382   1
  63 226 329 347  27  46 248 285
 168 239 373 346 366 367
 288 264 370 272
  45  35 232 346 277 364
 353 371  19  24
  43  77  23 123   7 342
 252 299 359  21  22 138
  13 304  97 296 318
 388 247 320 126  11 128 244 249 257 303
 357 227 356 127  72 210 223
 202 271 233  97 275
 203 156 357  56  32  98
 192 235 215 159 137
 209 372 315 214 341
 120 325 274 334
  25  54 229 377  31 161 216 255 262
 322 169  32   9  96
 142  67 275 173
 126  29  42 313  48 289
 334 274 134  10  91 115 325
 387 331 174 289
 164 321   6 297 150 389
 237 149 284  78   8  23  33  77 106 155 246 341
 288 212 220  59
 275 177  74 339
  29 119 264 109 163 320 388
 227 391 110 357 156 263
 388 320 247 109 180 313 387
 179 193  86 360 386
 157  90  41 228  61
  15  34 167 306 236 362
 250  35 343 318  68 174 221 277 331 354
 196 294 267 219 290
 334  40 299 120 251 256 274 325
 137 153  99  81
 241  40 274 292   4 219
 113 336  26 135
  22 107  91 187
  52 391 293 254  55  73 242
 252 299 334 217 187 274 359
   0 186 145 218  29  83 265
  67  13 296 182 118
 297 298 186 351 183 218
 377 229  85 280 189 228 268 282
  29 206   0 141 212 272 288
 325 256 294 290
  57  82 358 261  23 170
 294 235 240 192
 284 382 100 261 123 237
 186 175 122 259
 285 213 248 233 177
  95 160 208 302  92 185 281 311 344
 172  87 258 211 135 232 308
 293 254 368 380  88  98 384
   8 123 276 352  49  58
 203 357 356 127  15  53  88 112 323
  20  90 255  54 130 204
 361  47 231  60  74 173 338
 338 340 184 235  94 113
 152  87 185 211  95 281
 245  25  36 116 302
 318 391 227 382  30  37  79
 304 126  42 331 378
 122 297 321 175  41
  51 327 329  46   5
 333 291 349 169 219
 191  56 131 310 236 362
 102 367 221 171  43  44 207
 322 291 203 188  96 117 166 205
 358   1 147  57
 316 271 304 330 168 239
 211  87 153 258  65
 361 158 180 313  80 118 339
 331 250 132  35  62  96 121 234 278
 186 317   0 150  18 164 385
  34 323 356 369  56
 366  64 151 285 125 275
 199 332 286 297  19  60 374
 193 230 129  69 184
 173 247 128 388
 330 296  67  97  71
  72 263 227 254  30  32 142 242
 298 143   0 186
 338 230 179  28 159 235 240
 160  65 152  85 281
   0 175 317 141 143 150 183 260 265 297 385
 252 334 140 299  91 138
 261 356 382 369   1  57 169 269
  85 282 377 144 240 270
 249 303 212 264
 310  56 167  82 306
 235 215 282 240 113 148
 179 129 216 298  86 230 386
 245 374 238 314
 324 200 374 351 344 381
 133 256  26 292
 359 252  33 299   8  22
 310 300  56  40  66 241
 178 286 218  59  36 245 314 353
 195 374 381 324  75 280 350
 370  18 385 313
 233 271  63 266  27  42  48 111
 156 356 112 357  15 169
  20 273 157 222
 169 322 379 390
 309 355 145 297  29  47  70
 364 354 340 168
 268  85 152 211  92 228 311
 315 114 217 372 390
 379 110 356 369 225
 172  87 160 208 153 258 280
 355 145  84 303  70 124 190 264 346
 285 316 271 248  13 151 304 330
 243 315  21 114 341
 192 235  92 230 113
 229 116  54  25 193 222 262
 299 334 315 209 140 252
 286 199 143 260 141 360
 333 256 136 166  81 133
 348 327  50 288  14  39 124
  43 132 168 367 276
 229 216  54 255  18  20 204 335 386
 356 369 110 345 225 358
  69  24 332 374  75 301 360
 210 223 369 356
 101 348 329  63  64 283 327 347
 110 391 127  72  30 162 182 382
  95 268 208 144 130
 255  54 216 116 144 222 377
 179 377  24 193 184 215
 158 361 301  47
 346 104  75 153
 202 285  42 271  48 111 151 266 343
  98 331  48 174 278
 192 215 184 282 113 148 159
 306  96 167 131
  78 123 149  77   3  33
 314 312  84 260 194
 102 346 373 171
 189 282 192 184 148
 198 300 322 136
 254  52 182 139
 383 214 300 287
 320 109  86 388  28
 161  25 199 259 194 302 353
  55 123 372   8
 298 109 128 388  18 180 257
 213 285  13 101 151
 264 190 303 109
 132 343 269  79   3  62 174
 292  40 383 134  81
 299 140 187 217 107 197 359
 360 351  47 309  84
 242 293  52 154 139 182
  54 229 116  90 157 222
 333 134  40 292 146 196 219 325
 109  11  28 247
  87 172 153 211
  25 332 150 389  90 245
 286   0 186 312 218 238
 188 100 382   1 147 149
 116 216  54  90
  30 127 182 293  88
 303 212 249 126 103 190
   0 141  83 186
 202 233  63 285
  81  99 133  94
 208 228 350 144
  57 250 188  79   3
 189  92 295  85
 316 304 202  42  97 111 171 213 233 296 330
 370 145 297  29 103
  20 204  92 377 335
 120 134 140 136 115
  61 118 111 177 125
 155  49 352 221
  35 354 132 104   7
 234   3  62 174
 322 379 300 390
 200 144  89 211  74 338
 311 160 185 152
 189 192 377 144 235 240
  63 226 316 329  55
 149  78  77 123
 213 233 248 101  46 151 177 266
 260 199 218 178  36  59 312 371 373
 315  82 291  34  21 243 300 326 349
  14 312 145  59  50  83 103 124 220
 378 313  48 119 121 387
 294 146 133 325
 349   1  82 287 166 169
  40 383 251 375   4  10  26  81 136 196 256
 154 391 254 139  58 263 368
 290 133 146 148
 337  93 270 365 305
  97 330 108 271  67 142 181
 143   0 186 206 122 164 178 272 298 309 355 370
 183 143 247 297  47  60 193 317 328
 217 252 334 140  21 107 134 187 197 333 359
 310 287 322 198  66 241 243 279 323
  74  75 231 224
 152 374 161 245 344
 264 212 109  11 190 249 339
 271 316 108 213  13  35  68 163 171 378
  41 295 366  93
 236  82 131 191
  38 336 337 308
 365  44  99 153   7 307
  47 206 253 297  84 355
  56 191 300 198 167
 281 208  85 152
 286 260 288 238  59 373
  29 119 128 289 173 201
 238 199 353  59 194
 209 287 114 217 214 326 372
 271 304  63 171  13  17  42 213 283
 186 175   0 298 385
 162  35 132 108
  53 352  79 363
 244 128 109 126  28
   6  25 122 351  16  36  41 164 335
 300 279 169 379   9 117 205 241 390
 176 156 300  56
 195 200 381 351
 256 120 334 134 115 146 290
  82 287  21 315
 220 226 348 329   5  39  46  50  51 165
  47 298  11 361
 101 226  63 347   5  17  27  73 165 283 327 376
 271 296 213  97  71 171 181
 163 174  35 132 121 234 354
  25 178  69 224   6  24 259
 166 256  40 299 219
 299 217 140 120  10  91 115 134 187 325 375
  20 321 222 273
 307 137  26  38
 365 295  38  93 307
 159 184 158 280  94 340
  80 303 173 385 125
 159 338 364  74  94 207
 214 123 114 372
 106  99  81   7
 250 132  35 233  62
 381 152 302 195  44  93
 223  12  72 391 358 384
  84 212 371 102  44 104 232 239
 226 329 101  37  17
  64 226 220  63  14  50 327
   1 291  82 287 166
 381 200 360 268
 253 360 143 195 321 324
 363 319  37 391  58 155 276
 199  59 105 245 314
 364 207 132 331 277
 206 309 212 297  70  71
 369 357 188 110 156 176 203 210 223 225 379
 110 356 156 127 112 203 379
 223 345 170 147
 197 252 140 299  33 107
 253 351 224 218 129 350
 158  47  70 328 173 231
 380 384 167 131
 376 391  12  37  57  58  76  79 319 352
 354 207 340 104
 337  93 308  92 295
 177 102  39 373  49 305
 168  43  39 102 221
  48 154  98 293  88 380
 356 210  34 223 176 188 225
 272 297 103   0  71 201
  19 286 105 374 346
 114 209 315   8 246 341
  59 312  36 286 102 239 366
 200 224 195 178  19  75 194 302 371
 383 292  40 334
 329 363  12  76   5  55
  92  85 229 116  65 144 189 230 273 282
 304 289 163  97  45  68
 210 356 357 322 205 279 390
 154 384 368 362
 200 195 350 324 344
 261 149 188 227  53 100 162
 243 375 292  40  66  81 251
 380 154  98 345 362
 175 317 186   0  18 201 339
  86 193 129 222
 121 289 128  48
 109 128 247 126 180 244
  16  19 259 122  61
 322 379 279 209 205
 227 127 293 162  12  37  53 139 345 352 363
