 335 185 216  16  89
  74 261  85  91  55 195 221 243
 175 178 268 315  79 137
 244 269 174 158  45 191 228 367
 380 147 113 301  69  70 236 351 356
 357  14 130 310
  37  93 355 370  44 256 293
  30  17 123  66
 353  25 371  96 376
 277 339  92 279 142
 118 136 372  99 297
 309 339 129 217
 169 113 283 257
 347 138 116  68
 182 387 363 334   5  42 348
 154 122  90 332 173 252 295 323
  25 353 116 216   0  68 167 180 185
 249 197 230  66   7  45  51  60  97 198
 385 349 222 330 114
 180  25 353  93  83 256 379
 204  54  22 157 161 186 284
  40 319 155 373  38
  20  43 204  94  88 284
 391 339 313 279
 321 268  31 122 106 246
 353  16  19 167   8  68  93 116 180
  89 335 362 231
 238 158 313 380 364
 126 253 130  29 272 310 384
 253 250 113 244  28  48 126 130 170 292
 123  66 230 340   7
  90 122 211 160  24  94 114 186 203 252
 266 334 387 383 325
 291 108 250 230  53 170
 203 154 311 388  63 127 245
 212 382 377  41 100 104 109 145 184 307
 218  46 358 176
 259   6  93 247 165 202 314 345
  40  97 363  21
 199 148 154  54  59 161 329 358
 236 135 319  21  38 302
 366 377 212 224  35 104 153
 142  14  76 135
 157 247 389 143  22 208 262
 355   6  93 353 213 246
 249 253   3  17 271
 388 218 299 222  36
  66 238 230 159 119 209 265 354 386
 132 108 250  29
  83 371 214 270 121
 146 120 260 329
  60 197 198  17
 285  78  77 179 302
 384  33 170 201 357
 157 247 122  90  20  39 143 152 194 204 232 259 262
 320 261  85   1
 314 349 161 232
 361 366 285 255 302
 344 369 131 323  72
 199 329  39 204 138 288
  66  75  17 230  51 105
 334  73 391 310 121 182 272
 196 304 108 237 318
 218 188 110  34 227 315
 201 367 356 280 220 271 363
  95 274 360 229
 230  47 291 300   7  17  30  60  75
 102 144 290  92 183 325
 167  25 116  16  13 155
 356   4 367 280 179
 253 169   4 356  84
 115 378 346 255
 357 273  58 192
 334  61 387 310 102
   1  85 104 224 195 234 263 275 368
  66 230 300 119  60 205 207 289 361
 345  83 202 165  42 288
  78 248 317 257  52 144 272
  77 248 317 163  52 144
 284 315 200   2 145 390
 313 242 322 391
 333 136 372 128 181 292 301 375 380
 219 263  85 328 243 384
  49  19  93 371  76 214 270
 375 169 301  70
  74   1 224 368  55  82 219 234 243 263 275
 330 360 349 229
 200 343 287 381 137 286 308 324
 262  22 216  94  96 347
 335  26 142   0
 122  54  31 157  15 138 154 160 252
 359 378 115 261   1 190 221 281 316
   9 277 254 270  67 267
  25 353  19   6  37  44  83 165 202 256
 262 203  22  31  88 175
 360  65 330 199 274
   8  88 231 270
 198 207 280  17  38
 265 181 301 147
 118 383 251 136  10 112 129 279 309 322 339 375 391
 109 382 212  35 260 307
 107 120 303 316
  73 290 257  67 144
 255 172 153 366 124 285
 224  41  35  74 226 234
 265  60 181 147
 332 211 268  24 127
 275 101 338 303
 132 250 304  48  33  62
 100 382 212  35 124 260
  63 162 168 188 227
 242 112 375 290
 375 383 372  99 111 266 322
 169 269   4 301  12  29 253
 349 222  31  18
 378  91 282 117  71 281 359
  16 167  25 353  13  68 165 347
 123 133 115 378 139 289 359
  99 136  10 375 129 297
 300 238 177  47  75 201 207 241 249
 274 146 303  50 101 176
 256 166  61  49 217 350
 157 321  90  54  15  24  31 173 295 370
 340  30 230 133   7 117 139
 109 308 192 103 318
 315 368 388 131
  28 130 253  29 310
 203  34 211 106
 301  81 380 333 147 174 181 206 280 283 326 356
 292 118  99 309  11
 126  28  29 253   5
 344 235 187 337  58 125 188 369
 108  48 269 250 163
 123 117 340 359 276 289 346 354
 251 383 266 279 290
 313 242 236 215  40  42
  81  99 118  10 313 372 375
   2  87 178 308
 306  90  59 311  13
 296 117 123 378 327 338
 261 282 205 149 219
 343 229 222 360
  89   9  42 277
 262  43 247  54
  77  78 151 102  67
  79 162  35 360
 120  50 303 274 176
 181 177   4 128  98 105
 358  39 199 323 189
 320 328 261 378 140 220 281 342
 378 296 346 224 352
 322 266 254 383 144 305
 232  54 247 314
 172 103  41 366 226
  15 323  90 160  34  39 332
 167  68 214 371  21
 159 196 237 361 331
  54 122 247  90  20  43 173 203 295 321 355 370 389
   3 191 237 244  27 228
  47 156 206 304 196 237 280 317 331
  31 252 204  90 154 211 323 332
 199 232  39  20  56
 110 287 168 343 145
 206 317 257 132  78
 306 225 200 337 233 298
 353  93  37 116  76 202 345 376
 365 214 371 379 121 183
  25  68 116  16 155 213
 188 222 381 200 110 162 193 227
 113 301 269 292  12  70  84 297 351
 249  33  29 280  53 210
 175 315 287 188
 153 103 328 220 226
  15 157 332 122
 269 326 128 333   3 280 317 367
   2  94 268 203 171
 274  36 120 146
 238 181 119 147 241 249 258
 286 287   2 268 137 373 390
  52  69 285 361
 353  19  25  16
 380 147  81 128  98 105 177 265 351
  14 363  61 387 348
 365 166  67 214 264 278 325
 377 346 255  35
 216 194 262  16   0 240
 204 194  20  31 208 229 268
 235 131 337 306 226
 218  63 131 311 110 168 171 287
 314 148 388 323 217
 378 346  91 359
 209   3 158 317 228
 235 306 287 308  72 124
 168 324 306 385
 247 321 186  54 185
 243 281   1  74
 156 237 340 159  62
  17 230 249 291  51 198
 197  17 205 249  51  97
  39 161 148 204  59  95 299 329 330 358
 381 341  87 343  79 164 168 225 298 324
 249 294 119 241  53  64
 345  37  93 165  76 217
 157  31  94 211  34 127 175 329
  20  54 186 160  22  59 199 208 385
 282 300  75 140 198 207
 269 159 380 128 163 317 356
  75 289 119 205  97
 204 186  43 293
 191 230  47 304
 271 249 241 170
  31 268 203 160 106 127 284 341 343 381
  35 382 377  41 100 109
 167  44 223 293
 223 270  83 371  49 155 166 183
 258 336 313 135
 185  16 262 240   0  88 347
 202  11 189 121
  46  63 188 299  36 233
  82 140 263  85 318
 367  64 149 291 172 271 342 348
 316  91 338   1
 360 385 349  18  46 114 141 168 229 284 299
 214 379 365 213
 352 104  85 377  41  74 150
 164 200 235 337 306 308 324
 104 187 153 172 276
 168 388 110  63
 158 191   3 244
 349 222 360 186  65  86 141 335
  66 291  47  17  30  33  60  75 123 197 209 294 300
 277 362 270  96  26
 152 314 161  54  56 240
 298 164 218 299 288
 243  85 104  74
 337 344 131 187 192 225 287 298 306 369
 313  40   4 356 135
 317 196 304 159  62 156 158 331 340 354
 241 119 177 300  27  47 258 386
 354 319 340 327 276 303
 216 185 232 259 347
 238 177 300 119 201 210
 313 375 305 372  80 111 135
  82  85 234   1 195
   3 269  29 326 158 228 250
 311 385 388  34
  44  24 389 264 273
  54 157 321 194  37  43 143 152 259 293
  77  78 317 380 325
  17 201 119 177  45 170 197 198 210
  29 108 132 244  33  48
 134  99 383 279 266 290 309
 160  15  31  90
  29  70 113 292  28  45 126 130
 151 279 266 305  92 277 350
 184 328 103 366  57  71
  19  93   6 353 121
 163 290 301 333  12  77 102
 336 177 215 238
  37 247  54 370 240
  50 100 109 303
 320 378 140 149   1  55  91 282 328 346 352
 143 370  43  54  88  94 185 216
  82  85  74 368 219 275
 278 246 308 183 273 374
  47 181  98 380 105
 279 383 251 112  32 134 151 254
 376 270 371  92 362
 211  24 186 343   2 106 175 178 286
 174 244 206 380   3 113 132 169 326
 371 214  83 267  49  92  96 231
 210  64 220  45
 310  28  61  77 350
 278  72 246 264
  65  95 120 329 146 176
 368  74 263  85 107 318
 239 303 226 133
   9 254  92 305 142 231 362
 264 273 285 183
 251  99 266 383   9  23 134 254 305 309 339 391
 128 159 356 174  64  69  97 170
  91 342 149 115 195
 205 140 115 261
 333 128 301 356  12
  22  20 222 211  79
  52  57 179 103 278 302
 178 268 343  87 373
 188  87 235 178 162 171 192 308 315
 345  59  76 233
  75 133 117 207
 257 251 383 134  67 102 111
 230  66 294  33 197 220 361 367
 169  81  29 333 129 253
 295 321   6 247 208 213
 304 291 201 230 361
 122 321  15 157 293
 139 346 150 378 338
 326  10 169 118
 233 235 200 164
  46 218 199 222 233
 119 238  66 230  75 205 241 336 386
 128  81 380 169   4  84  98 113 257 283
 285  40  52  57
 327 120 107 239 101 146 260 276
 294 159 237 108  62 209 386
 242 279 254 151 277
 164 187 235 225 138 192 193
 312 338  35 100
  87 225 287 124 137 192 264 374 390
 279  99 251 383  11 129
  28  73  61 126   5 272
 245  34 188 388 138 344
 319 307 374 373
 242 136 375  27  23  80 135 215 236
 232  56  37 152 189
 287 125   2  63  79 171
 221 338 359  91 101
 237 174 159 206  77  78 163 191 248
 275  62 219 124
 354 239 364 327  21  40 312
 261 149 378 328  55 342
 122 247 157 295  24 194 293
 151 372 112  99  80 363
 154 332 160  15  58 148 189 358
 193  87 225 200
  32  67 183 248
 174 333 269 128 244 297
 354 319 139 239 303
 149 320 261 378  82 172 255 352 366
  39 203  59 199  50 274
 360 199  18  95  86
 156 354 237 159 364
 323  15 160 154 106 173
  81 128 283 326 174 257 292
  73 391 387  61  14  32
  89   0 229  26
 258 300 359 386 215
 235 344 131 225 164 187
 139 316 296 221 107 307
   9 279  99  23  11
 123 237 133 196  30 239 354
 381 200 343 211
 281 149 220 320
 381 341 200 211  87 141 162 268 286
 131 235 337 311  58 369
 165 202  37  76 288
 378 296 261 133  71 150 184 190
 240 216 116  88  13
 363  14 182 220
  18 114 385 222  56  86 229
 121 254 371 272
 380 181   4 169
 224 328 261 150
  25 180  16  19   8  44  93 116 165 256 376
 237 133 340  47 239 319 327 331 364
 389 370 157   6  44
   4 206 128  70  64  69 236 280 283 367
  72 384   5  53
 148  39 323 199  36
  91 117 133 115 190 316 336
 222  95 330 229  65  86 141 145
 156 294 291  75  57 179
 231 277  26 267
 348  64 322 380  14  38 182
 354 331 319  27
 166 379 371 223 183
 377  41 328 255  57 103 153
 356 174 291   3  64  69 220
  85 275 382  74 125 263
 131  58 344 235
 157 389 122 262   6 259 355
  49 270  83 214   8 155 166 267 350 365
  81  10 136 380 112 242 322
 286 390 178 312  21
 312 308 390 264
  99 112 136  81  84 111 118 242 313
 267 353 165   8
 366  41 212 382  35 184 224
 261 346 115 320  71  91 117 139 149 150 190 296 328
 365  19 223 166
 181 128  81 301   4  27 206 248 265 269 351 363 372
 341 200 343 211  87 168
 212  35 377 109 100 368
  99 251 279 266  32 112 134 151 290 309 387 391
  53 357  82  28
  18 222 349 204 193 245
  47 304 300 238 336
 334 391  73 383  14  32 182
  46  34 245 311 125 189 227
 370 355 157  43 246
 178 308 373  79 374
 383 334  99 279  23  61  80 387
