 122 161  37 245
  30 366 110 100
  93 196 222 293 204
 367 124  75 130 219
 232 151 328  47 386
 278  64  14 251 156 282 376
  67 298 164 268
 297 121  97  75 342
 226 263 166 154 163
 383 292  10 322  72 120 128 181 217 274 279 290
 322 383   9 279 217 281
  70 365 350  75 342
 152 348 336 170  92
 146  85 130  45 301
  64 283 278 326   5  55 102 220 238
  34 203 329 238  58 131 197
  77  31  78 157  94 106 211
 348  64 283 278  92 156 177 282
 199  69  93 264 204 307
  49 171 155 371 104
 204 160 231 229 307
 299 167 144 166 194
 109  46 161 378 172 314 316 320
 131  44 115 358
  94 370  31 116
 116 370  78 157  77 114 119 140 148 211
  67 191 268 153 316
 238 239 283  92 391
 205 282 126  29 266
 336 290 254 387  28  86 169 380
 100 111 223  71   1  50 110 117 145 224
 157 349 276  16  24
 147 103 381  57
 353 226 195 150 149 189 388
  15 287 283 127  58 192 329
 131 303 115 298
 368 331 329 164  89 176 178 197 325
 245 189 385   0 122 316
 374  51 377 356 228 286 294 317
 143 229 354 247  87
  88 280 181  60 201 241
  46 314 165 161 162
 327 288 178  83
 305 373 293 323  95 235 308 362 372
 287 243 375 313  23 155
 253 130 129 328  13 219 304
  41 161 168 314  22 165 247 378
 338 375  80 243   4 139 151 155 249 277 380 384
 107 132 318 174
 371  68  19 286 171 185 346
 100 101 319  30  63  73 103 306
  38 230 377 115 286 317
 385 213 122 245
 108 129  99 253  61  75 228 365
 335 216 157 321 116 276
  81  14 134 142 252
 265 258  91  95
 284 159 272 363  32 273 381
 287  34  15 155 131
 385 324 221 186 162 165 354
  74 280 205 126  40  97 182
 253 108  53  75 124
 120 126 207 217
 101  50 239 110
 283  14 278 348   5  17 177 391
 225 208 267 199 105
 251 198 142 134 389
  26   6 268 153 191 347
  49 374 232 371 304
 199 150  93 267  18 160 240
  11 351 365 124 347
 145  30 223 111 188 306
 274 345 313   9 230
 319  50 100 223 379
  60 128 280  99  84  88 182 205
 129  97  53 253   3   7  11  61 241 257 367
 284 382 190 296 180 272 363
  78  16 157  25 106 114 212
  77 157  25  16  96 114 140
 340 284 125 159
 339 375 383 292  47
 142 251 118 113  55 198
 174 158  85 257
 153 172 178 202  42 218 259 295 390
  74 205 357 128
 332 302 289 215  13  82 301
 169 249  29 386
 160  39 143 341
  40 181 206  74 201
  36 303 329 197 325
 161 259 320 109 175
 258 265 359  56
 283  17 348  12  27 233 389
 199 150 262  69   2  18 222 225 246 372
  24 370  16 355 119 135 148
 293 305 373  43  56
 330 256 312  78 106
 129  60 253  75   7 250 257 297
 386 249 384 338 169 252
 128 280  74  53 108
  30  50 223 111   1  73 101 117 190
 306 369 100  50  63
 345 220  14 326
 319 188 284  50  32 147 381
 185  19 371 346 285 295
  65 221 240 183
  16  96 212  77
  48 318 211 302 174
  53 253 280  99  61
 316  22 218 390  90
 369 223 111  30   1  63 123
  30 223 369  71 100 110 319 366
 279 206 292 210
  81 142 338 118 249
 370  25  77  78 140
  51 345 179 230  23  35
 370  25 157  54  24 135 307 311
 366 223  30 100 275 310
 326 142 383 322  81 113 134 136 152 210 243 387
 148  94  25 135 343
  62 290   9 207 126
 350 124 236   7 300
   0 370  52  37
 110 319 238 223 197 298
 121  61 174 158   3  70 248 270 350
 340 382 237 296  79 244
 290 120 128  62  28  60 205
 238 260  34 239 203 331 376
 290  74   9 126  84  99 280 357
  53 253  75  97  45 219
 146 367 253  45   3  13 215 228 248 294 365
 329 303  15  58  23  35
  48 330 174 256 300
 363 324 273 193
 251 326 142 118  55  66
 148 116  94 343 119 311
 279 207 118 210 198 206
 237 296 360 340 275
 196 373 315 293 337
 356 377  47 374 380
  25  78 114 157 270 312
 173 193 352 360 261
 118  81 326 134  55  66 113 198 251
 354 341  39 200  87 168 320 378
 194 255  21 166
  71 188 223  30 288 306
 130 365  13 253 248 294 301 367
  32 159 381 103
 135  25 119  94 311
  33 362 308 195
 262  93  69 246  33 167 184 195 240 264 267 353 388
 313 375  47   4 230 232 328 377
 336 383 118 339  12 170 217
 172  83 178 268  26  67
 263 226   8 163 166
 287 232  44  47  19  58 271 346
 282  17 251   5 177 266 310
  54 370  31 321  16  25  77  78 116 140 212 355
 124 350 174 257  82
 272  57 200 363  79 147 381
 229  69 231  20  87 247 344
  46  41  90  22   0 175 314
 168 221  59  41
 256 154   8 226
 368  36 329 303   6 298 325
  41  59 186  46 175
   8 263 299 154  21 144 255 311
 299 184 150 222  21 235 263
 221 378  46 143 162
  86 269  29  98
  12 336 152 348 364
  19 317  49 271 343
 153  83 218  22 202
 141 221 324 193 273 352 360
  48 257 132 107  82 124 158 318
 165  90 272 161
 227 331  36 368 333
  17 156 369  64 282
 368  36 288  42  83 153
 214 357 182 358 115
  76 190 363 272
 274   9 290 207  40  88
 357  60  74 217 179
 372 362 315 221 105 242
 235 167 150 222 263
 346 371 104  49 295
 324  59 354 231 165 307 337 344
 285 331 368 329 327
 288 145 296  71 103 224 227 237 382
 267  33 208 195  37 234
  76 296 306 100 180 291
  26  67 365 301 347
 329 325  34 203
 141 173 291 360 133 209 352
 144 255  21 342 261
 240  33 150 267 149 189 212
 138 323   2 293 315 337
 329  15  36 123  89
 136 251  81 142  66
  93  69 262 267  18  65 208 229 264
 341 143 159 354 390
 236  40 241  88
  83 259 285 172
  15 238 329 127 192 285
  20 344   2  18 337
  60  74 280 126  28  84 250 266 297 309
 112  88 210 136 233
 274 120 387 290  62 136 181
 225 199 293  65 189
 360 352 193 363 261
 136 118 279 112 206
 107  16 270  25 343
 355 195 157  77 106
 293 373 264 225  52 245 344 385
 358 179 377 334
  85 302 130 371
  54 335 321 276 355
  10 152   9  62 182
 172  83 109 259
 241  45   3 129
 345 102  14 326 233 391
 168 324 231 242  59 105 162 173 183 273 341
 246 353 308  93   2 167 184 323
 369 111  30  71  73 100 110 117 123 145 319 366
 188 382  30 296 244 291
 293 208  65  93 213 245
 321 154   8  33 163
 176 188 288 331 333
 367  38 130  53
 160 231 199  39  20 247
 151 313 328  72  51 115 304 358 374
 242 229 221 160  20 186
   4 155 328 151  68
 345 206 220  92 379
 189 352 308 245
 184 305 167  43 361
 241 121 257 201 300
 296 137 188 382 125 275
 127 260 239  14  15  27 123 203
 238 260 369 127  27  63
 195  69 388 150 105
 236 257  40  75 201 219
 231 341 221 183
 118 322 338 383  44  47 287
 125 333 224 269
 385 213 225 293   0  37  52 234
 222 353 150  93 299
  39 229 160  46
 130 124 367 146 289
 386  98 113  47  86 252
 297 205 257  97 309
 134 142  81 326   5  66 156 198
  55 386 249  98
 129  97  45  53  61  75 108 130 146 257 304 367
 292 290 339 274  29 387
 144 359 194 166
 163 330  96 132 312 351
  97  75 253 174  82 158 236 241 250 350
 265  91 373 362  56 359
 202  83  90 303 218
 238 127 239 278 376
 360 141 209 194
 264 150 199  93
 154   8 167 184 166 388
 262 150 199 267  18 213 299
 258  56  91 305 359 361
 309  28 156 205
 199 353 150 264  65  69 189 195
 153  67   6 391  26 275 333
 282 376 310 169 244
 211 124 330 140 347
 317 334 356 155 171
 159  57  76 363 175 180 390
 173 221 133  57
 181   9 292 207  72 254 387
 237 117 137 268
 349 335 321  54  31 216 355 388
 338 287  47 375
  64   5  14 283  17 260 376
 292 383   9 290  10 112 136 210 281
  60  74 128  99  40 108 205
 279 383  10 292
 156  17   5 177  28 269 310
  64 348  14 278  17  27  34  92
  76 363 382 103  57  79 327 340
 187 331 203 104 202
 377 358  51  38  49
  44 338 277 243  34  58 155
 188 296 145  42 178 227 327 333
 332  85 301 248
 128 292   9 254  29 120 126 181 207 279 336
 382 224 296 190 193
 383 339   9 254  80 112 274 279 281 290
 225 305 373  43   2  95 138 196 208 213 245 308 362
 365  38 146 130
 346 185 104  83
 382 188 288  76 125 137 190 224 237 291
 250   7 205  97
   6 123 303 164  35
 167 246 264 166  21
 121 236 132 309
  85 289  13 146 191
 318 332 107  85 215
 329 164 131  89  35 259 298
 230  45 253  68
  43 293 308 373  95 235 265
 101 145  71  50 190 379
  18 116 186  20
 305 293 222  43 149 234
 250 350 266 205 300
 269 282 156 117
 148 135 116 166
 330  96 140 256 351
 151  44 375 322  72 230 345
  41  46  22 161
 138 362 196 183 324
 109  22  26  37
 271 171  38  51
 302 107  48 174 332
 223 123 111  50  73 103 389
  90 354 143  22
 355 226  54 276 157 216 335 349
 383  10   9 339 118 243 313 375
 373 372  43 222 196 361
  59 221 186 315 133 173
  36 164 329  89 192
 118 134 142 383  14 102 220 251 345
  42 187 288 284
   4 232 151 377  45 230 374
  15 203 197  34  36  89 131 164 187 192 303 325
 132 312  96 256 270 351
 127 368  36 187 176 227 285
 289 302  85 318
 288 268 227 176 244
 358 356 357 377 214 271 364
  54 216 276 321
 152 290 383 338  12  29 170 384
 196 186 204 138
  47 243 287 336  98 113 277 384 386
 383 292 322  80 152 254
  79 125 284 137
 242 143 200 221  87
  11   7 350 194
 211 171 135 119
 204 213 160 186
 220 102 326 313  72 115 233
 185 371  49 155 104 295
  67 270  70 191
 283  64  17  12  92 170 391
 276  31 321 355
 121 158 124 257  11 309 342
 312 330 256  70
 141 234 193 173 209
 246  33 222 150 267
 143  39 186  59 200 320
 321 276 216 157  94 212 349
 139 377 334 357  38 271 364 374 380
 182 356 128 334  84 179
 334 214 377 230  23 179 286
  91 258 265 255
 137 141 173 193 209 261
 372 265 323 235
 373 293  43 315 149 183 258
 284  76 180 133  57 159 209 272
 334 170 377 356
 146 294  53 130  11  70 191
   1 117 223 111
 130 253 146  75   3 228 248
 164  36 331 178 176 187
 223 239 111 110 101 177
 116 157 114  25  24  94 122
  49 185 374 346  19  68 104 215
 323  93 183  43 361
 323  43 293 362  95 138 213 258 305
  38 356 328 230  68 139 371
 322  47 383  80  44 151 277 313
   5 278 260 127 269
 356 328 151 139  38  51 214 286 334 358 364
 168  22 143  46
 389  73 233 306
  29 139  47 356
  57 147 159 103  32
 296  76 224 188 125 237 284 291
   9 322 339 292  10  80 118 152 243 279 281 326 336 375
  47 336  98 338
 245  59 213  52  37
 249  98 338   4  86 252
 254 118 207 274  29
 150  33 276 263 240
 379  66  92 319
  83 109 272 200
  27 348 220  64 268
