  20 262 334 172  19
 188 385 382  23 386
 391 147 385  72
 269 244 101  30 123 264
  62  12 390 369
 384 193 344 245  14 237 357
 216 246 186 302 258
 205 282 352 310  75  88 176 228
 105  31  93 358  36  94 231 334
 251 292 136  81 383
 383  81 279 118 134 252
 367  28  29 249 113 318
  34 121  38  15   4  62 358
 197 368 214 174  59 184
 341 193   5 384
  34 242  40  56  12 217 240 256
 157  25  54  69  49 125 185 226 274 332 353
 316  71 354 124 203 342 346
 229 385 259 199 216 298
 213 286 189   0 335
 262   0 116  95
  64 223  91 110  50 385
 148 117 177 102
   1 312 188 288 258
  82  85 225 146
 332  16 157  54 276
 161  33 340 191
 344 214  57 200  74 160 224
 249  86 250 173  11  29 181 214 257 348
 249  28 250 181  11  48
 101 169 271 291   3  91 159 206
 324  32   8 334  36  94 337
  31 324  94 187 111 334
  72 227  99 292  26
  15 121  12 256  38  51  56 105 231 240
 306  57  85 328 282 336
   8 334 109  31 267 335 345
 191 165 212 265  87
  51  12 358  34 345 390
 271 110 100 270 359
 149 239 380 316  15 295 325
 140 363  42 284 252
 145 110 270 327  41  46 279 288 317 359 363
  67 137 301 272 192 207 278 372
  51 390 187 111 240 369
  84 124 253 316 180 287 357
 288 145  42 331 312
 323 319 163 369
 318  29 181 313  62 113
  69 153 172  16 106 246 314
  64  21 270 223
  44 105  38  34 369 390
 297 351 255 126 169 266
 230 356 316 333 217 243
  16 157 370 353  25  90 332
 192 315 242 152 109 168 234 280
 217  15 242  34 256
 306  35 215  85  27 133 344 384
 302 186 131 319
  13 277 377 320 194 386
 206 159 331  66  97 182 210 361
 347  86 173 250
   4 293  12  48
  76 271 327 223  92 100 112 273 331 350 378
 223 270  21 271  50 145 284 350
  68 185 157 120 150 183 260
  73  60 195 182 201 290
 137 272  43 301 261 349
  65 185 120 157 150 166 260 274 321 388
  49  16 153 370 106 314 323
 245 328 309 161 177
  17 287 379 214 203
  33 327 223 322   2
  66 195 182 114 201 290
 328  27  84 214 130 326 356
 310   7 129 282 207 221 372
 100 271  63 273  91  92 331 350
  78 190 308 102 147 194 232 340
  77 190 308 232 102 340
  83 277 196 219
 198 209 352 268
 383 118 339 322   9  10 179 241
 146  85 330 333  24 162 225 268 306
 219 352 209 212  79  87 167
 253  45 306 180  74  98 250
 128 330  82 306  24  35  57 263 268 272
 173  28 218 196  61 244 249 347 348
 167  37 212  83 207
 248 182   7 206 290
 321 388 226 120 163
 370 246 143  54
  76 100  92  30  21 123
  76 227  63 169  91
 355 233   8 109 289 337 362
  32  31   8 324 345
 116 122 259 144  20 222
 141 102 211 122 343
  60 210 198 248
 253  84 196 250 354 377
 142 227 169 339  33 136
  76 271  63 223  39  91 199 350 382
  30 112 223 271   3 283
  77  78  22 308  96 381
 307 247 104 213 151 305
 307 380 239 103 119 213 247 315 338
 231   8  51  34
 337  49  69 370
 117 235 218 197 387
 304 180 132 367 318 346
 267  55  93 233  36 289
 270  42 223 359  21  39 188 284 317 382
 187  44 390  32
 101 169  63 296 254 273
  48 179 313  11
 376 366 248 195  73 201
 148 308 391 147 229
  95 144 370 262  20 389
 235 204 200 107  22 171
  81 327 251 292  10 134 241 288 361
 355 178 104 158 213
 274 321  68 388  65  89 125 371
  34  12 242 281 286
 259  95 343 175  96 144 222
 244 148   3  91 151 199
 239 330  45 316  17 149 354 379
 120 185 388  16 183
 297  52 351 244 181 266 269
 236 287 130 293 387
  85 330 268 209 230 263
 212 209 268 191  75 135 176 311
  74 356 181 249 127 236 243
 166 163 388 321  58 323
 304 108 318 367
 300 232  57 196
 118  10 241 251 252 312
 176 311 129 310 299
   9 251  99 322
  67 272 330 149  43 162 164 208 301
 236 320 357 264
 158 341 192 289 303
  41 317 270 284
 349 211 225 162  96
  99 169 339 297
 353 185  90 157 186 246
 116  95 370 122 303
  42 327 292  64  46 363
 333  82 330 336  24 162
 391 308 378  77   2 115
 232 347 218  22 115 123 229
 316 330 239 124  40 137 152 295
 183  68 260  65
 387 123 103 319
  55 221 168 149 261 280
  49 172 185  69 260 314
 205 198 328 352 265
 338 380 374 189
 309 376 174 328 375
 353  16 185  65  25  54  68 143 274 276
 355 341 178 119 139 170
 296 227 331  30  60 161 165 206 265 291
 225 200 193  27 275
 245  70 296 159  26 177
  82 146 137 333 141 208
 226 131  89 388  47
 235 239 171 137
 227 159 296  37 237 381
 131 321 388  68
 212 352  83 219  87
 221 152  55 192 280
  30 142  52  99  92 112 266 378
 341 158 220 238 329
 235 117 164 307 360
 314 153  49 262   0 371
  86 244  28 218  61 347
 309 351 328 156  13 181 297 300 320 364 367
 259 122 298 222 343
 135 129   7 310 311
 245  70 161 219  22 197
 360 307 355 119 158 213 238 341
 269 254  81 383 113 202 313
  84  45 354 367 108
 126  28 174  29  48 130
 366  73 376  60  66  88 210 290
 371 125 262  65 150
 365  13 197 190
  68 157  65  16 125 143 153 260
 302  58   6 143
  44 111 373 324  32 276
 382 270 110   1  23 385
 374 286 281 155  19
 296  78 245  77 184 340 365 391
 129 212 245  37  26
  55 221  43 315 139 168 289 349
 224 384   5 344  14 160
  59 377 261  77
 114  73 248  66
 218  86 347 133  79  98
 214  13 177 277 107 184
  80 154 328 212  97 248
 123 264 100  18 298
  27 344 235 117 160 204
  73 114  66 366
 283 179 254 269
  71  17 356 342 275
 117 235 200 208
   7 352 282 248 154 228 310
 331 159  60  30  88 210
  43  75  87 263 372
 204 225 162 137 211 275
 212 352  83 268  80 128 129 354
  60 206 290 182  97
 215 232 225 208  96 141
 352 209 167  83  37  87 129 191 198 219
 103 119 178 104  19 285 329
 197  13  27  28  71  74 277
  57 272 225 306 211 307
   6 259  18 222
  56  53 230  15 243
 347 196  86 173 107 148 277
  83 352 309 212  79 167 177 357
 238 305 170 298
 168  75 192 152 372
 175  95 259 122 216
 271 101  64  63  21  50  72 100 110 284
 193 344  27 320 275
 215 272  82 160  24 141 208 211 341
  89 321 163  16
 378  99 159 165  33  92 273 391
 310   7 379 205 261 299
 148  18 308 115
 128  53 316 333 217 243 311
 105   8 325  34
 133  77  78 384 148 211
  93 355 360 109 267 329 335
 295 242 374  55 294
 117 200 204 171 107 164 387
 127 293 130 243 138
   5 165 350 381
 178 220 285 305 170
 124 149 330 316  40 104 164 287 356 380
 256  34  15  44
  81 118 383 313 134 361
  55 234 374  15  56 121 280 294
  53 130 230 217 236
 173 126 347  86   3 123 264
  70 161 177 190   5 191
 370  90 143  49   6
 103 307 104 380 325
 205 198 114 368  88  97 195
  28 250  29  86  11 130 342 348
 253 249  28  84  29  61  98 348
   9 292 322 118 134 136
 134  10 279  41 258
  84 250  45  98 316 342 380
 179 339 112 269 202
  52 351 300 297 375
 240  34  15  56
 304 318  28 277 305 346
 252 312  23   6
 175 122  95 298  18 216 222 343
  68 185  65 153 150
 228 152 377  67 194
  20 370   0 116 172 183
 128 379 336  85 207 299
 269   3 244 199 138
 328 154 296 159  37
 169  52 126 366
 109  36 285 233
 209  82  85 129  80 128
 179 126 254   3 202 264 313
 110  64  42 382  39  50 140 188 317 359
 223 100  76  63  30  39  64 101 284
  67 215 137  85  43 225 301 360 377
  76 227 112  63
 120  16 157  68 371 373
 208 160 224 203
 187  25 332 157
 283 218 197 214  59  79 257 320
 354 311  43 367
 292  10  42 322 252
 242 168  55 152
 189 121 286 390
   7 205 333  35  75 379
 277 364 101 376 202 386
 271 223 110  64  41 140 317
 238 213 267 355 389
 189 374 281 121  19 358 369
 379  45  71 239 127 293
  46  42 363 118  23 312
  93 192 139 109
 182  73  66  88 210
  30 159 365 296 308
 327 251 322   9  33 118 145 279
 127 287 236  62
 362 234 242 374
 234 149  40 374
 159 190 368 161 112 165 265 291 364 365 376 378
  52 351 126 174 142 255
 259 175  18 199 220
 310 135 263 228
 255 133 351 174
  67 272  43 137 349
 186  58   6 312
 362 144 139 355
 108 132 318 257 346
 220 257 238 103
  57  35  85  82  84 215
 104 103 380 215 171 178 247
  78  77 291 147 102 115 229
 156 328  70 174 219 326 375 376
   7 205 176  75 135 228 299
 135 176 129 230 278
  23 288  46 134 258 302
 241  48 269 179 113
 172 153  69  49
  55 380 104 330 192
 149  45 124 253  17  40  53 230 239 356
 110 270  42 284 140 361
 304 132  11 108  48 257 386
  47 151 323 387  58
 224 277 364 174  59 138 326
  89 388 120  68 131 166 226
  81 327 292 251  72 136 279 383
  47 319 131  69
  31  32 337 373  94 187
 338  40 380 247 231
  74 357 320 309
 339  63 145 292  42  72 118 322
 309  70 174 368  35  74 154 156 198 265 375
 358 213 170 233 345
 146  85  82 128 124 137 149 239 315 333 336
 206 159  76  63  46  60
  25  16 276  54
 146  82 330 336  53 162 230 282 379
  31   8  36  32   0 371
 233 389  19  36
 146  35 333 330 263
 324 373  31  93 106 389
 325 380 104 155
 327  81 142  99 254
  77 190  78 365  26
 158  14 225 178 139 170
 249 356 253  17 203
 122 175  96 259
  27 384 200  57   5 193 224
 329  94  36  38
 257 304  17 108
 218  86 244 173  61 148 196
 249 250  28  86
 141 301 192  67
  76 100  63  64 237 381
 297  52 174 255 126 300
 212 209 205  83   7  80 154 167 219
 157 143  54  16
 180 209 124  98  17 278 377
 119 158 178  93 233 285 303 360 362 389
 316  53 239  74 130 203 342
 384 219   5  45 138 326
  38   8 286  12 329
 110  42  39 270
 178 171 355 272 233
 118 241 317  60
 294  93 355 303
 288  41 145  42
 368 296 174 376 283 320
 184 296 378 190 291 340
 114 182 376 375 201 266
 180 376 174  11 108 132 278
 376 328  13 296 248 364
 390  51 286  44   4  47
  90 246  54 262  69 106 116 144
 274 120 334 172 183
 207  75  43 221
 187 337 274 324
 189 242 234 295 155 286 294
 156 328 309 255 366
 156 368 309 296 114 182 283 364 366 367
  98 272  59 354 194 261
 227 169  63 296 147 365 391
 124 282 263 333  71 228 287
 104 307 253 239  40 155 247 315 325 338
 237 350 165 102
 270 188 110 100   1 385
  81   9 322  10 179 241
   5 344 193  57  14 232 357
 382   1 188  21   2  18
  59 283 318   1
 151 235 107 127 319
 321  89 120  68 125 131 163 166
 116 355 337 285 335
  44  51 369  38   4 111 281
 378 147 227 190   2 115
