 154 101 124 248 105
 275  92 358 350
  54  90  18 385
 310 214 208  38 236 342
 282  81  66 375
   6  27 380  51
 164  25   5 391  41  57  90
 349 386 300 198 281
  58  41 276  57
 390 361 340 159
 290 134 251 120 219 274 375
  67 108 304 132 121
 245 329 297 223 255 266 363
 179 254 151 200 311 339
 373  59 283 223  72  73
  34 144 176  97
  83 143 161 246  53 170 273 276 358
  36 199  59 111
 259 385  90 175   2  21 306
 371 343 314 223 242
 222 204 262 315  33
 306 197  18 149 106
 130 217 157 336
 358 147 161 246
 303 110 298 296 105 109
 286  27 385 348   6  51 164 302
 235 365 278 315 137 189 192 214
 348  25 286 194   5  46  51 249 380
 232  45  47 230 184
 202 127 309 212 388
 296 109 158 378  32 211 231 257
 353  63 216 186 190
 104 261 257  30
 204 222  20 166  61 197 305
 335  71  15 171
 239  79 180 109 104 123 261
  17 220  59 347 384
 272 160 103 351  43 335 366
 310 166  91 214   3 138 197
 150 265  57 335 226
 292 383 333 196 198
   6 164  58  90   8
 260 145 374 202 185
 324  87  37 180 123 239 341
 207 121 287 188
 232 379  28  86
  50  51 348  27
  84 163 253 126  28  70 168 195 232 328 356
 128 250 253 112  62  77  88 350
 244 157 350 147  56 268
  46 376  59 220  51  95 150 327
  46  27  25  50   5  54  95 147 255 380
 213 183 139 141 103 190
  78 358  16 143  93
  90  95  51 147   2 273
 285 345 141 103
 291  49 323 306 307
 150  58   6 164   8  39 352
  57 352 164 276   8  41 131
 218 348 347  14  17  36  50  64  73 199 220 223 283 288 373
 377  96  78  77 201 209 234
 155 138 204  33
 275  48 263 269
 353 260 183 218  31 141 154 186 293
 223 283 329  59 233 376
 173 328 379 230
 282 113 383 375   4 125 339
  11 304 108  89 121 181 203
 369 343 391 324 131
 313 213 271 264 116 182
 210  84  47 368 357
 237 221 344 149  34 382
 357 238  14 224 201
 348 220  14  59 345
 279  99  81 177
 378  97 109 313  85
 278 152 262 372 176 344
  78  48 112 128  60 377
  77  60  96 112  53  88  94 169 234 377
 382 180  35 331 100 229 239
 142 158 231 257 349
 282  99 113 267   4  74 136 240 279 333
 107 120 140 274
 329 347 223 363  16
  47 316 126 163  70 195 328
 277 179  75 257
 330 379 380 224  45 367 381
  43 221 324 180
 112  48 128  78 169 300 318 386
 360 108 296 298  67 105
  54   6  95 164   2  18  41 295
 337 325 334 256  38
 301 244 112 263   1 243
 170 281  53 358
  96 169  78 241 287
  50 122  51 376  54  90
  60 377 243  78  94 209 234 336
  75 313 211 378  15  98
 142  97 108 257 181 311
  81 113 282 136  74 241 292
 382  79 190 261
 154 119 329 248   0 122
 347 223 343 373 352 369
 213 285 139  52  37  55 116 313
  32 271  35 109 291
  89  24 110   0 312
 149  21 277 166
 290 252 134  82
 309 304  89 296  11  67  98 185 257
 296 212  24 360  30  35  75 104 378
  24 124 303 368 105
 347 206  17 218 369
 243  48 128  88  77  78  92 300 301 350 386
  81 282  99 383  66 136 267 279 322
 372 252 390 315
 187 270 334 140 295 299
 103 259  69 213
 203 169 301 129
 241 386 207 318
 368 101 316 238
 134 290 274  10  82 140 252
  67  11 184 207  44
 286 370 154 101  95
  35 261  43 239 306
 248 162   0 110
 219 375 274  66 349
 297  84  47 316 250
 309  29 202 296
  48 250 357 112  77  88 263
 203 263 301 132 117 207 318
  22 217 350 255
  58 276 369  68
 203 304 129 263  11
 148 137 256 251 219 267
 290  10 120 146 107 274 375
 167 236 153 310 342
 292  99 113  81 349
 133 235  26 256 166 192 215 310
 197 299  38  61
  52 213 141 272 103 226
 115 270 120 274  82 191 295 359
  63  52 213 178  55 139
  98 230  80 231 339
 238 329 371 263  16  53 269
 200 171 179 221  15
  42 212 206 288 181 374
 325 256 334 134 187 252
 157 161 255  51  23  49  54 362
 133 256 235 365 240 308
 387 225 305  71  21 106 364
 265  57  39  50 302
 313 254 160 200  13
 344  76 262 237
 172 354 180 182 135
 101   0 260  63 122
  61 208 225 236
 280 200 179 331 208 354
 147  49 246 161  22 273
  30 231 184 289  80 172
 235 340 361 364   9 192 258
 351 200 171 221  37 151 165 225 272 335 366 382
 245 332  16 329  23 147 157 246 358
 355 227 368 247 124 173 284
  47  84 232 316 174 328 330
   6 352  25 391  41  57  58  90
 226 335 254 160
  38 310 137  33 106
 135 365 278 192
 320 391 355  47 323 356 379
 203  88  78 263  94 117
 358 326 386  16  93
 272 160 351 221  34 144 229
 153 158 354 280
 303 247 162 379  65
 289 378 163 232 184 338
 216 385 259 370  18 321 389
 361  76 262 344  15 228
 384  74 201 386
 194 353 285 213 141 271 370
 331 200  13 156  85 144 182 277
 331 182  79 387  35  43  87 153 277
 289  67 145  98 184
 180  69 313 179 153
 264 298  52 212  63 353 388
 158  28 181 174 121 338
 202  42 317 108
 216  63 293 353  31 389
 334 325 115 146 191 270 299
 284 261 193 190  44
 235  26 365 192 215
 261  52  31 188 100
 187 270 299 140
 235  26 137 159 167 189
 224 227 320 247 188 261 284 362
 178  27 285 391 380
  84 297  47 269 356
  40 267 292 333
 138  38 204  33  21 341
  40   7 241 383
  59  17 220 218 384
 160 179 221 144  13 151 156 280
 363 357  72  60 177
  42 309 260  29 127 185 317
 132 129 263  67 117 169 207
  33  20 222 197  61
 390 237 308 228
 316 283 218 145 111 233 309 346
  44 121 129 203 118
 280 341 225 156   3 155 236
  96  60 377 217 294 326 359
  70 357 368 303 230
 280  97  30 378 338
 264 298 360 296  29 109 145 183 249 271 289 309 388
 271 264  52 285  69 103 116 139 141 178 374
 278  26 310 235   3  38
 364 137 189 277
 259 186 175 385  31 321 370 389
 336 243 130  22 209 294
  59 248 298 348  63 111 199 206
  10 251 133 256 125
  36 199  59 288  50  73 312 327 384
 160 200 351 171  71  87 144 366
  20 204 262  33 229 305
  64 329  83  59  12  14  19 102 233 238 245 332 347 363 371
 247 227 193 320  72  86
 344 305 149 160 155 208
 139 272 165  39
 162 247 224 355 193 284
 205 176 390 237
 335 222  79 171
 232 328 357 210  28  65 142
 257 158  30 303  80 142
 163 230 328  47  28  45 174
 288 223  64 206
  60 377  96  78
  26 159 192 189 137 148 214 365
 135 208   3 310 155 342
 344 361 205 364  71 152 228 390
 266 119 143 223  72 297 357
  35  43  79 351 123
 308 251 148  81 267
  99 333 292  94 118 198
 314 332  19 245
 112  96 300  92 217 336 386
  92  49 269 350 268
 329  12 223 332 161 242 255 266 314
  16 273 157 161  23
 224 316 227 162 173 193 303 355
 218 298 316 303   0 101 124 286
  27 212 298 348 330
  48 253 128 126 350
  10 375 290 256 133 219 240
 290 120 325 146 107 114 337
 250  47  48 356 367
 151 313 165 272  13
 245 332  12  51 130 147
 325 146 133 148  91 137 219 251 334
 231  30 388 108  32  80  85  98
 340 390 159 280 311 322
 216 385 175 353  18 116
  42  63 154 374 202 317
 190 188 193  35  32 100 123 291
 315  76 372 152  20 176 222 361
 269 143 129 128  62  92 132 169 203 275 301 318
 212 213 298 183  69 271 285 293 313 319
 353 150 348 285  39
 238 329  12 245 363 376
 133  81 240 113 196
 269 244  49 276
 263 195 143 244  62 268
 115 187 140 191 295
 213 264 212 178  69 104 324
 171 139  37 160 226 254 335 351
 246 157  16  54 287
 120 134  10 290  82 125 140
  62 350   1 263
  58 352 389  16   8 131 268 287
 331 180 387 179  85 106 215 354
 214  26  76 372 167 365
 113 282  74  81 322 338
 156 211 200 354 172 208 258
  93 384 386   7
  81 113   4  66  99 279 383
 373  64 316  59  14 206 348
 296 193 227 162 188
 178 213 265 264  55 103 194
 248 370  25  27 122
 276 273  44  94
 233  59 220 145 327
 346 296 360 212 158 174 181
 134  10 120 252 107 251 274 375
  56 306 104 261 307
 136  40 333  99 196 241
 374 186  63 264 312
 326 209 217 336
 270 115 140  90
 360 109 212  24  30  89 108 127 284 289 309
 126  12 316 238 195
 212 218 264 183  24  89 248 249 360 388
 138 187 115 334 191 359
 243 112  88 336   7
  92 129 263 112 117 318
 319 150 345  25
 248  24 247 368 110 173 210 231
 108 132 309  67  11 317
 225 149 222  33
  21 291 123  18  56 307
 291 323 306  56
 240 390 205 148
 360 212 206 296  29 108 127 202 304
  38 214 137 166   3 135 236 342
  98 339 258  13
 293 352 220 105
 378  69 103 264  75  97 151 182 254
 242 332 245  19
 372 365  26 262  20 114
 206 247 283 248  84 119 126 163 297 346 368
 304 260 202 185
 301 129  88 263 118
 302 345 264 374
 168 224 343 193 323 362 379
 216 389 175 370
 383 113 279 258
 379 320 168 367  56 307 362
 381  68 271  43  87
 334 256 146  91 187 252 337
 170 209 386 294
 220  50 288 348
 232  47  84 163  65 230
 245 223  83 376  12  64 101 143 161 266 332
  86 249 163 391 345 367 381
 277 180 179  79 156 354 387
 314 245 223 329 161 242 255
 292  40 241  81 196
 325 146  91 256 115 187 299 337
 272 160  39  37  34 165 229
 217 300 243  96  22 294
  91 334 252 325 359
 184 211 279 174
 311  13  66 142
 258 159 390 361   9
 208 366  43 197
 310 236 135   3
 391 371 355 102  19  68 320 352
 152 225 237  76  71 176
  55 319  73 330 302 381
 206 316 289 368 369
  59  83 102 223  36 111 373
  59  27 218 283  25  46  73 249 265 327
   7 136  80 125
 250 244  48 112   1  49 130 275
 160 171 272  37 221 239 366
 164 343  57 102  58 276 312
 178  63 265 183  31 186 259
 153 331 277 156 172 280
 162 391 247 227 168 343
 253  47 195 168 367
 128 238  72  70 201 210 230
 161  16  23   1  53  93 170
 140 209 299 337
 296 212 309 298  89 109 289
 159 237 176 262   9 340 364 390
 193 323 320 147
  83  12 223 266 201
 159 237 149 361 215
  26 315 278 235 148 167 189
 160  37 351 221 341
 356  86 330 253 323
 119 162 316 303  70 110 210 346
 111 346 374 102  68 131
 286 216 122 178 175 321
  19 343 143 223
 315 278  76 262 114
  14 283  59 347 102
 293 145 213 260  42 319 369
 251  10 134 290   4  66 125
 329  50 266  64  95
  60  96  78  77 209 234 386
 313  75 109  30  97 174 211
 173 320  86 168  45  65 323
 194  27 391  51   5  86
 324 330  86 345
 100  79 160  71
 113  66  40 282 198 322
 177  36 220 199 281
 259 216 175  25   2  18
  88 112 243 377   7 118 170 177 281 326
 149 180 277 331
 212  29 183 298 257
 216 186 175 321 276
 205 308 237 361   9 114 228 258 340
 355 168 343 194   6  68 164 330 380
