 245 172 183 157   1  90 186 246 321 353
 273 213 183   0 186 240
 332 229 208 216 242
 171 281 374 156  40
 198 230 337 391 180 338 373
 236 375 231  85 383
 275 358 226 224
 283 159 228 346  97
 343 270  71 109
 198 260 230 374 136 180 243 325
 352 197  24 104 287 345
 355 197  24 209  17  58  97 140 388
 347  94 159 346
 135 356  51 298
  76  64 384 145 173 327 376
 279  19 371 158  16  51 129 135 340 356
 214 391  15 370
  11 267  64 105
 175  20 204 385 115
  69 340 302 370  15  75 158 185 243 349 356 371
 204 222 216 175  18 385
 237 306 346 162  89
 343 355  24 351 131
 371 286  54 314  49 130 185 278 298
 104 137 171  11  10  22 191 303 343
 229 152 190 147 242 372
 310 330 179 111  81 181
  46 151 103 233 365
 296 244  30 297  70  79 126 169 190 253 344
  48 163 250 294 160 189
  28 250 244 255 160 296
 109 388 194 270
 210 128 354 263
 236  41 150  43  88 154 362
 311 129 156 349 240
 390 291 110 117 241 339
 329 137 343 283  93 165 202
  84  63 265 263  39  41 168 221 361
 123 308  62 315 211 280 289 300 316 318 319 364
  52  41  37  63 112 139 179
  44 281  54   3
  84 128 263  37  33  39  52 324
 238 218  76 267
 150  84 138 210  33  60 236 362
  40 334 281 374
  53 357 203 134  72 217 359
 283 209 197 343  27  58 134 312 352 355
 198 134 206 312 325 338
 163 244 309 149  29 132 193 255
 122 116 182  23
 329 301 288 137 165 266 267
 298 371  15 259  13 135 373
  39  41 128 324 111 112 139 179
 323 217  45 134  72 311 313
 371  23 185 349  40 278
 261 364 162 258 142 235
  96 254 201 181
 258 121 203 196  71  91 103 170 233 256 277 290 357 359
  11 109 380  46  65 194 200 341
 151 380 199 381  87 273
 167 138  43 128
 227 367 319 307 124 272
 308 123  38 280 174 200 239 291
 263 152 265  84  37  39 112 147 324 354 368
  14 312 348 384  17  80
 333 105 380  58 192
 251 390 134 110 207 339
 288 105 238 267  83 218 384
 143 137 347 391 114 131
  19 370 266 302  75
 244 297  28 344 101 253
 261 331  57 357   8 106 233 264 277
  45 134 357  53
  99 113 380 304  87 232
 170 203 228 140 282
 185 370  69  19
  14 145 288 105  42  83 202 327 384
  78 320 160 113  92 192
  77 320 382 113  92 192
 101 190 152  28 284 326 368
 305 352  64 202  92
 350 166  26 231 127 201 268
 230 323 281 328 156
 145  76 153  67
 263 354  41 107  37  43  63 128 150 265 324
  88 207 375 339   5
 184 126 212 386 379
 381 376  59  73
 236 252  33 367  85 375
 306 274  21 293 115
 116 122 161   0 164 224 321
 258 256 290  57 237 313
  80  78  77 178 192 358
 159 137  36 346 387
  12 237 328 357 131 287
 104 157 171 295 146 271
 181 330 262 310  56 201
 162   7 258  11
 378 149 244 184 215 252 284
 113  73 117 366 178
 316 108 309 123 132 193
 344  79 190  70 326
 302 374 223 370 155 214
 109 121  57 170  27 151 195 196 277 285
 171  24 137 329  10  95
 384  67 288  76  17  65
 177 256  71 331 187 292
  84 263 169 138 150
 174 382 304 100
 103 195  31 162   8  58 188 194 225 285 341 388
 390 170 113 241  35  66 119 207
 179 128  52 330  26 310 361
  39  52  63 265 201
  99 249  73 304  77  78 110 178 239 333
 391  68 347 328 155
 175  18 385  89
  90 122 335 182  49 161 224
  99 251 232 365  35 178
 366 249 255 378
 110 232 365 251
 331 274 237 306 133 177 219 264 293
 196 258 103  57
  90  49 116 161
  38  62 308 315 100 141 289 300 319
 367 359  61 307
 257 241 269 184
 297 184  86  28
 135 220 373  81
  84  41 354 263  32  52  60 111 147 310 330 361
 158  15 243 356  34 135
 389 185  23 279 240 317
 343  94  68  22
 174 100 304  48
 120 364 306 211 272
 205 203 357  46  45  47  53  66  72
  51 129  15  13 127
 158   9 180 243 336
 329 301 171  24  36  50  68  93 104 172 270 295 343 347
 107 210  43 263  60 252 361
  52 221 262  39
 162 209 346  11  74 188
 289 294 123 308 189 381
 151  55 209 352 235
  68 301 286 370
 273 270 353 213
 327  76  14 376  83 173 226
 267 238  95 303 275
 368 263  63 128  25
 316 318 364 307
 244 309  48 163  98 215 257 378
  43 210  84 107  33 236 379
 103  59  27 142 233
  79 296 190  63  25
 172 270 157  83 176 246
  33 386 252 326
 234 302 102 114
 369 391   3  82  34 311
 172  95 270 295   0 153 321 353
  19  15 340 356 129 136 279 317
 346 237  93  12   7 191
 189  29 199  30  77 208
  90 218 116 122 224
 140 261 346 258  21  55  97 109
  48 255 250 291  29 149
 298 259  90 349
 202  36 329  50
 350 262 268  81 377
 272 252  60 220
 221  37 265 354
 296 253  28 107 379
  74 103 203  57 110 227
 104 137  24   3  95 295 301
 270 153 137 157   0 182 183
  14 376 232 145 336 358
 108 304  62 382 132 341
 204  20  18 385 115 222
 246 245 186 153 226
 106 274 120 203 187 293
 333  99 113 117  92
 111 310  52  39  26 220
 198   9 243   4 136 338 373
  96 330 262  26  56 254 377
 314 183 276 172  49 116 335
 172 295 276 182   0   1 273 335
 269 126  86 250  98 125 212 386
  54 302  19  23  75 130 298
   1   0 245 213 176
 106 177 293 331
 382 140 304 109 271 292
 381 160 141  29 199
  79 101  28 152  25 284
 346 295 159  24
  78  65  77  92
  48 100 284 280 208 372
 285  31 109  58 213 320 380
 109 103 351 346 305
 121  57 258 103 292
 352 209  46 283  10  11 345 355
   9 230   4 281  47 180 337 338
 160 381  59 189
 239  62 381  58 333
 112  96 330  81  56
 165  36  76 345  80 248 376
 357 228 256  57  45  74 134 170 177 282
  20 222 175 385  18 216
 134 282 209 256
 325  47 312 363
 241 390 110  66  85
 229 160 193   2 242
 197  46 140 352  11 142 205 283 290 365
 150 368 138 263  32  43 212 375
 280 359 364  38 133 227 235 367
  86 184 378 210
   1 245 320 194 144 186 248 273 353
 391 369 102  16 243
 149 244  98 294
  20 222 204 385   2 229 332
  53 311  45 323
  42 267  67 314 161 224
 235 120 319 318
 167 350 179 310 127
 354 265 168  37 139
  20 204 216 175 332
 260 266 391 288 102 342
 161 218 116  90   6 275 322
 277 341 388 109
 271 246 176 145   6 275 358
 359 211 367 170  61
 357 203   7  74
   2 208  25 216 242 332
  82 281 328 198   4   9 323 337
  81   5 268 350
 251 119 117  73 173 333
  27 151  71  57
 155 334 238 302
 211  55 142 258 219
  33  88 150  43   5 362 375
 159  91 346  94  21 120 274 293
  67 288  42 267 146 234
 200 386  62 113
 321  34 130   1
 110 390 300  35 125 207
 229   2 208  25
   9 214 340  19 129 136 180
 149  48 250 297  28  30  70  98 215 257 378
 246 353 213   0 176 186
 245   0 153 353 176 226
 286 301 276 314 259 321 335 387
 202 213 376 285
 309 255 113 269 118 366
 163 244 297  30  29 184 299 360
  66 232 365 117 119 339
  88  98 367 138 154 167
 297  28 296  70 169 344
 377 350  56 181
 163  48 249 291  30 118
 203  91  57 258 106 205 282 290 292 313
 269 244 149 291 125
  57  91 121 162  55  97 196 235 256 261 277 331 359
 389 247 286 371  51 164 335
 223 391 374 266   9 303 342 363
 162 331 258  71  55 306 364
 166  96 377 181 139 268
  84 368  63 107  32  37  41 128 138 147 210 265
  71 120 277 331
  84  63 263  37 112 168 221
 223 260 391  50  69 342
  67  50 288 301  17  42 146 218 238 303
 350 166 262  81 231
 309 184 360 291 125 249 257
 172 295 137  31   8 144 153 157
 351 188 305  95 226
 326 133  61 167
   1 213  59 183 144
 120 237 293 177  89
   6 146 226 224
 314 301 286 247 182 183
  57 258  71 103 225 264 319
 302  23 371  54
  15 158 389 371 130 317
 211  62  38 308 193 307 318
 328 230  82 374   3  40  44 198 323
 203 205 256  74
  46 197   7 209  36 348
 190 378  98  79 193 372
 194 341 109 103 248
 301 314 247  23 143 259 276 389
  94 290  10 343
  67 329  50 105  76 223 238 267 363 374
 141 294 123  38 360 381
  91  57 209 256 287 365
  62 163 308 309  35 255 257 269 299 318 367
 196 106 256 188
 274 120 177 237  89 187
 289 316 308 141  29 215
 270 346 137 171  95 157 183 191 351
  28 297  30 169 152 253
 244 126  70 250  28 253 296
 371  23 185 349  13  51 164
 291 386 378 250 366
  38 123 319 315 241
 137  50 329 171 143 247 267 276 286 314
  19 371 102 340  69 155 185 234 278
 267  24 342 260 146
 174 108 382 132  73 113 188
 355 195 352 351  80 271
  21 120 331 261  89 133
 364 280 148 318  61 124 372
  62 315  38 316 123 141 280 291 294 319 381
  48 149 100 269 249 291 360
 330 128 179 111  26  96 220
 217 323  53 156  34
  64 384 348  46  47 206 334 363
 256  91 323  53
 276 286 182 301  23 218 247
 308  38 123 316 300
 308 100  38 315 148 294 318 364
 158 279 356 130 322
 316 280 291  38 148 219 307
  38 277 308 123  61 219 300
  78  77 194 380 213
   0 157  90 247 240
 317 383 224 358
  82  53 230 281 217 311 313 337
  63  41  84 354  52
 206 363  47   9 336
 272 344 101  79 154
 145 376  14  76
 281 230  94  82 114
 137  50  36 288 104 165 301 348
 310 128  96 111  26 181 201
 261 120  71 258 106 187 264 306
   2 216 222 229
  65 113 200 232 178
 312 384 363 374  44 234 336
 247 183 182 259 116
 173 334 325 136 383
 323   4 230 198 373
  47 180 198   4
 390  66 251  35  85
  19 302 371  15 158 243 356
 109 285 174  58 225
 260 223 374 266 303
 355  46  24 137   8  22  36 131 287
 101  70  28 253 326
 202 197 352  10
 159 162 140 295   7  12  21  93 191 195 237
  12 137 369  68 114 387
  64 283 329 312
  54 371 369  19  34 164 298
 166  81 268 377 220 231 254
 355 388 195 295  22 271 305
 197  10 209  46  80 142 305 345 365
 245 157 213   0 144 246
  84 221  63 128  32 168 324 379
  11 343  46 197  22 305 351
 158 340  19  15  13 129 317
 203 228  57  71  45  72  94 134
 226  92   6 173 322
 211  45  57 258 124 227 367
 386 250 289 309 269
 111  37 138 128
 375  33  43 236
 260 288 384 312 206 325 334
 261 211 316  38  55 133 148 307
 209 290 352  27 117 119 251
 118 249 299  99
 359 211 227 291  61  88 124 252
 263  79 210  63 147
 156 391 214 347 349 387
 371  19  69 143  16  75 102 389
  23 370  19 302  15  51  54 259 278 279 298 340 349 389
 284 193 307  25
   4 180 337  51 127 383
 260 281 102 288   3   9  44 334 342
 362 236  88 210   5  85
 327 145 202  14  87 173 248
 262 350 166 181 254
  98 149 244 299 118 212 284
 354  86 169 150
  58 194 320  73  59  65
 189 141 308 289  59  87 199 200
 108 174 188 304  78
 322 336   5 373
 105 312  76  67  14  64 334 363
 204 175  20 216  18 115
 360 299 184 239  86 154
 347 369 247  93
  31 351  11 109 225
 371 370 286 391 130 259 279
 110  66  35 241 207 339
 260 223 214 266   4  16  68 114 156 369 389
