 263   8  51 247 229 320
  67  97 209  44
 196 246 307 140 186 385
 221 329  38 168   7  35 114 200 230 316 367
 184 125 105 109 232 347
 283  27  44  23 177
 380 293 140  26 113
  63   3 296 239 141 165
  51 293  85  26   0 259
 118 112 279 142  10 241 290 383
 279 383   9 339 241 292 326
  58 290  99 294
 188 363  50 214 103 133 178
 164 295  16 372 192
 177 220  97 217
 170  66 344 357 151 197 254 342
 330 349 150 185  13 143 164 212 302
 345 348  64 233  62 145 217 223 238
 286 370 248  24
 155 371 372  68  43  49  86 119 294 295
 247 216 157 335 222 229
 162 257 352  82
  43  46  90 343 143 185 323 378
  44 358   5  45 271 298
 248  98  69 318  18 286
 335 171 321 222 164
  32  94 293 301   6   8  51 191 209 361 390
 283   5  44 166 272 384
 117 253 126 169  84 158 205 219 250 257
 169 244 250 329 249
  73 120 274 224  74 133
 263 349 184  54  33  65 109 172 226 234
  26  94 293  51 125 194 361 390
  54 349  31 150 218 226 388
 373 337 121 147
  38   3 316 285 317
  93  37 340 105 261
  93 149 340 333  36
  35 221 168   3  69  70  79 131 316 367
  49 155 302 343
 223  64 152 217 252
 288 125  42 308
  41 259 258 299
  22 343  67  19 119 143 308 328
  23   5  27 358   1  45 138
  23  44 138 358 271 384
 323 321 171  22 176 191
  86 323 166 155 299
 132 163 244 174 249 386
 371  68 343  19  39 161
  76  12 363 260 334 391
   8  26 390  32   0  55 194 361
 285 117 253 131 162 356
 235  70 228 232 252
  33  31 226 349 312
 350  51 390 194 258
 305 298 328  57 273
 141 305  56 351 273
  11 166  99 389 113 289 294
 167 122 161 116 364
  71 100 156 282  88 243
 215 197 211 377
 238 348 345  17 144 177 220
 165 296 285 188   7 237 284
 348  17 233 345  40 217 223
 150  31 195 234 106 153 218 229
 292 357  15 254
 209 191  43   1 288 328 362
 371  49  19 343 215 372
 221 168  38 318  24 162
 249 318 244  38  53
  60  92 319 251
  76 266 210 260 128 311 344
  30 133 188 255 309 379
  30 363 126 102 265
 142 277 375 118
  50 260  72 214 101 102 128 334
  78 109 105 184 232
  77 109 105 184 232
 235 338  38 381
  81 322 375 281
  80 322 112 279 134 251 281 292 375
 352 202 364 284  21
 303 304 308 199 135
 250  28 165 124
 321  94 116 157   8 259 264 330
  47 155  19 294 376
 160 249 200 386 235
  91  60 359 366 243 261 306
 116 157 353 380 355
 380 301 171 335  22 264
 217 190 145  88 306
  71 111 369 136 278 306
  37 340  36 333 373
  26 293  85 321  32 330 349
 183 175 293 353 148 204 387
 267 332 104 199 106 154 314
   1  14 177 220
 318 124 169 168  24 248
  58 389 113  11 115
 156 282 382 123  60 190 310 336 379
 190  76 282 206 319
 266  76 179  74
 296 284 201  12 213
 248 199 163 332  96 208 267 346
 109  77  78 195   4  36 261
 276 212  96  65 388
 368 325 316 248 189 242
 329 132 124 169 331
 184  78 195  31   4  77 105
 181 201 206 217
 319 217  92 233 369
 279  81 322   9 118 134 142 152 281
  99   6 140  58
 168   3 329 316 165 202 231
 389  99 176 272 129 387
 167 353 321 122  59  85  89 171 176 264 293 380
 253  28  52 182 120 158 205 219 224 257 265
   9 290 142 112  75 277
  19 294  43 295
 274  30 117 224 121 205
 224 274 120 127  34 354
 116 167 353 307  59 139 259
 382 366 296 156 100 236 268
 169 329  98 318  84 108 244 250 253
 390  32 173 361   4  41
  28 269 250 363  74 297
 147 121 365 159 354
 206  72  76 291
 148 175 339 115
 374 304 163 132 227
  52 285 224  38 149
 163  48 374 108 130 174 244 304 386
  73  12  30 188 309
 251 112 279  81
 346  83 303 231
 383 339 326 279  92
 359 287 255 366
  45 358  44 323
 262 122 385 355
 307 380   6 196   2 113 176 387
  57 341 381   7
 118   9 112 290  75 203
  16  43 191  22 308 378
 254 238  62 357
 345  17 220 223  91 327
 158 159 257 253
 127 337 365 255  34 213 270 340
  95 247 183 293 129
  37 131 365 317 373
 234  16  65  33 218
  15 197 375 170 245
 112 233 283 281  40 369
 172 234  65 330 192
 199 208  96 314
  19  86 372 371  39  47 302
 100 282 310 291  60 123 319 379
 216 335  89 380  20  85 247 321 355
 257 253 117  28 146
 280 365 253 205 127 146
  87 374 200 231 225 256 351
 166 323 289  49  59
  69 356 163  52  21
 132  48 374 174 104 130 162 304
  16  13  25 185
  63 114 329   7  84 284
  58 161 289 323  27  47 186 358
 116 122 321 171  59 176 185
 221  38 329   3  69  98 114 178 200 356 367
 124 329  98  29  28 108 250 318
 357  15 377 348 151 197 245 384
 335 116 167 353  25  46  90 183 187 222 301 307
 153 234  31 330 192 229
 275 193 180 350 125 258 362
 374 132 163  48 245 386
  95 183 204 246 129 187 324
 140 116  46 167 115 272
 283 220   5  62  14  97 300
 182 168  12 221 286
 266 102 297 311 342
 193 275 173 272 300 360 376
 110 201 291 217
 188 363 221 269 117 178 219 230 297
  95 175 171 335 148 204 247
 109  31 349 195   4  77  78 232 320
 321 167  22  16 164
 290 166 385   2 277 384
 171 222 324 175
 182 363  12  73  63 133 214 239 291
 276 107 325 315 240 370
 101 282 206 100  91
  26  46 301 216  67 143
 153  13 172 234
 180 275 173 209 299
 350  51 207  32  55 209 324
 109 184  65 263 105 388
   2 246 140 307 385
 151  61  15 170
 243 379 310 274
 104 346 208 248  83  96 154 303
   3 231 168 374  87 160
 110 181 206 103 366
 325 315 114 317  82
 142 360 387 383
 175 183  95 262
 120 274 117  28 159 336
 101 128 190 201 110 291
 194 387 361 209 258
 199 225 346 104 154 256 303 351
  67 288 194  26   1 193 207 275
 266  72 311 344 342
 225 372 295 305  61 303
 106 276  16 302
 147 368 284 103 354
 363  12  76 188 334
  61 295 371  68 378
 157 335 380 301  20 191 259
 223  17  64  14  40  91 110 111 181 306
 150  65  33 388
 269  28 117 182 252 265
 177 283 345  62  14  97 145 376
 168   3  38 329  69 178 182 230 356 367 386
  25  20 171 321 187
  17 217 345  64  40 145
 255 274 120 117  30 121 131 337
 211 208 372 160
  54  33 355  31 312
 130 341 374 381
 268 333 315 316  53 347
 172  20   0  65
 374   3 221 182 344
 200 114 381 160 135 256 341
 184  77  78   4  53 347
  17 348  64 345 111 152 278
 150 172  31 330  65 153 192 263
 381  79  53  87
 315 368 382 123
 285  63 296 331 366
  62 345 348  17 144
 188 382   7 391 338
 242 189 370 388
 383   9  10 279
 315 240 107 368 370
 359 198  60  88
  29  48 132 124  70 249
 151 174 269 170
 353 196   2 307 175
  20 263 183 157   0 148
 104  24 199  98  18 107 267 332 346
 244  29  70  48  87 252
 126 124 169  28  29  84 309
 134 326 279  81  71
 219 249  40  53
 117  28 318 124  52 146 158 159 257 356
  66 266  15 144 313
 296 280 224 287  73 137 147 337
 351 231 208 160
 158 253 117  28  21 146
 207  55 173 390  42 347
   8 122  85 216  42 312
 344  76  50 334  72 311 327 357 377
 105  88  36 333
 139 385 307 335 204
  31 247   0 234 195 312
  85  90 116 330
  74 117 219 363
 210 102  72 179 254 313
  96 332 104 248 314
 287 280 123 338 228 286 333 359
 363 297 126 182 219 245
 365 287 280 147
 358 357  23  45
 389 176 115  27 180
 328 381  57  56
 120 224  30 205 121 198
 180 173 193 209 360
 106 212 189 302
 186 289 118 385  75
  92 369 326 233
 112  10 322 326   9  81 134 136 241 251 281 339
 287 255 159 296 268 270 337 338 365 379
 322  81 112 279  80 152
 100 156 310 190  60 101 319 336
   5  27 177 220 152 376
  63 296 285 165  82 103 213 331 336
  52 296  63 329  35 131 237 284 331
  18  24 268 178
 280 268 255 296 137 270 338
 209 299 362  67  41
 166 161  58 323 277
 118  11 292   9 142 186
 156 310 188 206 128 181
  66  10 290  81
  26  94 353 116   6   8  32  95 148 361
 119  19  11  58  86 298
 372 371  19 215  13 119 211 378
 255 285  63 123   7 103 237 280 284 287 382
 269 363 182 126 179
  56  23 377 294
 362 288 193  47  42
 376 180 322 177
  26 171 380 216  90 191
  39 212 155  16 276 308
  83 208 211 199 135
 130 163 374 132  83
  56 341 328  57 211
 217  91  88  92
 140 122   2 171 196 246 262 385
  43 302  83 143  41
 382 250 133  73 391
 282 156 291 100 198
 344 260  72 210 179
  54 263 226 259
 375 254 369 266
 154 332 267  96
 368 242 202 317 189 228 236
  35 114  38   3 107 228 368
 325 368 338  35 149 202 315
  98 124 253 169  24  69  70
 111 101 282 156  71
 361   0 184 390
 116  85 157 167  25  46  94 185 222 330 355
  81 279 112 281  80 300 375
  46  22 161 166  47 138 289 358
 350 187 175 194
 317 202 107 368 189
 279  10 136 251 278
 260 357 145 345 352 364
  56 305  43  67 273
 124 221 169 168   3  29 108 114 165 285
  85 321  94  16 153 172 234 264 349
 108 285 284 237
 267  96 104 248 314
  37  93 268 228 261
 260  76  50 214
 171 157 380 216  20  25  90 183 262 355
 282 205 100 284
 224 147 280 255  34 373
 287 239 317 280  79 268
 383  10 279 136 129
  37  93 147 365  36
 381 141 305 231 227
 210 344  15 179
  49  22 371  43  39  68
 260 311  72 230  15 210 342 377
  17  62 348 238  64 145 220 223 233 327
 199 248 208 104 135 370
   4 228 258 232
  62  17  64 345 170 233 238
  16  31 330  94  33  54 184
 194  55 173 324
 256  57 160 208 352
 364  82 327 351  21
 116 380 246 293  89  95 122 171
 121 213 127 365
 157  89 335 321 139 226
 221 168  52 253 162
 377 170  66 260  15 144 271 327
  23  44 166 323  45 138 271
 243 379 268  88 137
 275 180 387 203
  26  32 293  51 125 207 320
 299 288  67 173
 214 269 188 182  12  50  74 126 265 297
 352 384  59 327  82
 270 280 147 159 127 149 340 354
 123 382 201 237  88 137
 168 221  38   3
 315 317 316 107 213 236 242 325
 111 152  92 313 278
  18 242 346 189 240
  68  49  19 343 155 215 295 372
 295 371  19  68  13 155 211 225
 337  34  93 149
 174 132 130 230 160 163 200 227 304
  80 313  81 322  75 151
 180 220  86 283 300
 357 170 344 260  61 298
  22 215 295 143
 156 100 280  73 198 359
 335 353 157 116   6  89  90 140 216 301
 341 231 235 141  79 227 273
 123 391 309 296 100 236 239 366
 339 241  10   9 136 203
 186  27 170  45 364
 307 262   2 196 139 186 277
 132 174  48 221  87
  95 115 207 140 203 360
 218 106 195  33 240
 272 115  99  58
  51 125  26  32  55 258 320
 382  50 239 309
