 171 335 157 222  20 187 234 247
 173  55 258 193
 196 307 246 140 186 385
 221 230  38 329  35 114 200 227 316
 184 212 125 390  53 232
 283 177 223  27 298
 293 140  26 183 361 380
  63 128 141 296 165 236
  85 321 116 353
 118 142 112 279  10 383 387
 383 279   9 339 203 241 300
  58  99 290 272
 363 133  72  50 178 214
 295  65  16 302 164 192
  71 177 223  91  92 306
  66 102 170 210 151 197 265 342
 349 150 330  65  13  43 143 212 276 302
 348 223  64 238  62  91 111 145 210 233 345 376
 286  24 199 370  82
 155 371  49 372  43  68 119 294 295
 247   0 216 222 229
 352 162 278 127
  46  90 191 259 378
 358  44  45 166 271
  69 199 163 318  18 107 248
 263  31 335 157  78
  51 361 293 191   6  46 194 301 320 390
 283 272   5  44 203 384
 117 126 169 253  29  84 250 269 297
 169 244  28 250  84 249 386
  73 224 120 274 100 282 319
  25 263 349  85  65  77  78 184 195
 173 275  55 288
  54 226 349 185 150 388
 278 313 121 265
 329  38 108   3  70 244 316
  37 340 261  93
 213 354 340  93  36 333
 108 221 168   3  35  79 131 132 316
 155 302  49 161
 233 152 283 223
 288 308 125 362  42
 288 364  59  41 352
 343  19  16 143 119 138 294 328
  23 358  27  67  45  47
  23 358 138  44 271
 259 176  26 301  22  47  67 191 380
  86  44 362  46
 132 163 318 174 146
 371 343  68 226  19  39 155 161
  76 260 239  12  72 391
  26 390 191 301 194 350 361
 285 131 253 356 162 255 257 337
   4 240 232 235
  33 185 349 226 312 355
   1 194 173 258  32
 298 273 141 305
 141 298 273 145 352
 166 140  99  11  75 289
  42 167 153 172
 201 190 206 181  88 243
 211 215 372 295
 238 348 345  17 144 217 220 223
 296 284 165 329   7 237
 348  17 223 238 233
 195 150  16  31  13  77 106 218
  15 292 281 112 144 377
 390 209 191  46  44 362
 371  49  19 372
 374 221 132  24
 249 244  87  35
  14 251 326 111  92 278 369
  12  50 363 133 179 210 260 266
  30 188  76 101  74 128 133 379
 126 363  73 274
  58 241 277 142
  50 239 101 188  73 102 260 391
  78  31 263  65 105
  77  31 263  25 105
 338 235 381  38
  81 322 375 292 313
  80 134 322 251 198 254 375
 202 370 286  18
 202 315 231 346 189 228 303 308
 250  28 126  29
 321 116  94 330   8  31 185 264 323
  47 155 273 164
 160 249 235 367  70
 201  91 306  60 261
 293 157 380 167
 301 259 171 216  22 264 378
 145 190  17  14  88 359
  71 326 136  14 278
 107 370  37 213  36
  85 321 293 330 184 320
 183 175 293 246 140 148 204
 267 104 332 154 215 370
 350 299 324 241
 169 168 124 329 248 314 325
 115  58  11 389 113
 282 156 190  30 123 310 359 382
 190  76 156  73 206 238 319
 269 266  76 297  15 151 170 210
 296 284 366 206
  96 199 208 163 135 154 215 267 332
 109 195  77  78 261
 212 276  65 349 388
  93  24 163 199 189
 124  38 329 253  35 285 318 338
 184 105 234 195 153 164
 291 310 123 111 137 181 376
 319  71  17 369 110 254 376
 292 279   9 118  66 142 152 281 290 322
 347 387  99 380
 132 304 163   3 202 227 231 317
 389 183  99 176 129 203 241 272
 353 321  85 122   8 167 171 264 293 335
  28 120 253 169 159 205 224 265
 142   9 290 112 277
  19  43 294 155 299
 274  30 224 117 205 265 297
 337 274 205 127  34 354 373
 116 167 171 353 187 262
 291 382 100 366 110 137
 108 318 329 253  98
 390 361 173 362   4  41
  28 269 250 363  74  84 297
 147 159 336 121  21 340
 188 239  73 296   7 206 366
 148 115 175 246
 374 163 367 304 227 231
  52  38 285 221 149
  48 374 318  38  69 114 163 174 367
  12  73  72 214 179 309 334
 251  81 279 292 326
 370 104 208 240
 339 326 279 383  92 360
 110 291 123 310 376
  45  43 328 323
 262 259 167 385 378
 307   6 183  95   2  58 389
   7  57 381 145  56 341
 118   9 290 112  75 277
 150  16  43 349 229 308 328
  62 357 345  66
  91 238 223  17  57 141
 318 158  48 257 314
 127 284 336 237 340
 353 246  95 293 129
 131 285 365 331 162
  16  65  33 195 143 218
  15 197 375 102 245
 112 283 233 369  40
 172 234 330 109  59 192
 208  96 199 104
  19 372 371  49  39  86 119 294
 100 282 291 190 101 181 206 379
 335 216 321 171   0  25  89 247 262 263 312 355
 257 337 253 318 146 373
 280 205 253 117 127
 367 374  87 231 225 252 256
  49 166 289 323  39
 356 257  52 149  21
 132  48 130 304  24 104 107 114 367
 109 184  86  13
  63 329   7 284
  58 323 161 289  23 358
 259 116 122 321  59  89 139 176
 221  38 356 329  98 200 248
  29  98  28 329 117 250 386
  15 377 357 102 245 384
 335 157 116 122   0  90 187 216 262 301 353
 153 330 234 222  59 192 229
 275 193 272 180   1  32  55 125
 374 132 221  48 219 245
 183  95 204 307 129 324
 167  46 259 293 115 389
 283  14   5 223 306
  12 188 182 363
 266  72 334 133 311 342
 173 193 275 272 300
 156 366 291 110  60 243
 363 221 214 356 178 219 230 334
  95 175 247 140   6 115 204
 330  94 349  31   4 109 164 195 232
 321  54  85 330  33
 385   2 196 307 245 277 384
 324   0 171 122 350
 239  73  76 269 128 178 296
 276  83 107 199 228 240
 101 100 156 282  60  91 206 359
  26 390 301  46  22  51  67 320 347
 153 172  13 234
 275 173 180 258   1 288
  51 350 209  26  55 207 258 324
  65 150  31 184 105 109 212 218 388
   2 246 353 262 186 289 385
 151 265  15 269
 375 310  81 369 243
 208 104  24 346  18 107 154 189 267 286 332
   3 168 221 374 231
 236  88  60 206
 114 304  83 317  82
 115  10  27 383 300
 175 183 247  95
 274 117 120 280 121 159 336 379
 156 101 128 190  60 103 201
 258 387 194 209
 199 256 154 104 135 211 225 346
  67 258 194 288 207
 266  17 102  72  15
 208 372 225 256  61
 106  16 276 195   4 302
  37  93 365 270 354
 363 182  12 133 309 334 337
 343  96 104 371  61
 157 335 321 171  20  90 222
 220 345  62 306
 150  65 195 388
 182 344 363 174 342
 217 345 283  62 327
 168   3 356  38  69 131 174 182 200 230 329 374 386
   0 216  20 229 172 234
  17 348  64  62   5  14  40 145 177 298 345
  30 120 274 117 265
 256 211 160 208 252 351
  33  54 355  49
 316 114 130   3
  83 189 315 242
 222 172  20 143
   3 221 182 374 311 344
 200 114 160 130  83 305 341 351
 349 184 355   4  53
 348 345  17  64  40 152
 172   0 222 330 109 153 192
 381 341  79  87  53
 201 315 368   7
 296 280  63 284 147
  62  17 101  64 145
 188  50  76 382 128 391
 242 388 370 189  53 135
 115 389 383  10  75  97
 315 268 368 240 228 333
 181 198  60 310
  29 249  35 386  70
 151 170 174 186
 353 196   2  95 129 148
  20 183   0 157 204
  98  24 168 325 303 314
 244  29 386  70  87
 329 126 169  28  29  84 309
 134 326  71  81
 225 160 377 342
 108  28 124 117  52 158 159 257 318
 319  81 111 313
 280 287 296  52 336 337
 208 225 211 160 327 351
 253 158  52 162 146
 207 209 194   1  55 193 288
 167 301  46 307  22  90 139 176 380
  50  76 363  72
  36  88 333 105
 157 335 171 122 139 196 385
  25  31 355 157  77  78
  85 323  90 116
  15 117 224 120  34 197
 210 102  72 319 179
  96 332 104 199
 287 331 280 316 242 315
 297 126 363  28 102 188 197
 365 285 213 331
 358  45  23 357
 389 173  27 115  11 180
  56 381  57 298  86
 120  30 224 205  74 121
 173 193 180  32 347 360
 106 302 212  16 189 388
 142 118  75 186
 369  71  92 319  21  34
 112 322 134 326   9  10 136 292 339 383
 331 287 255 159 205 237 268 336 365 379
  66 322 112 292 300
 100 310 156  30 190 319 359
   5 177  27 348  40 152 220 360
 296  63 147 237 103 165
 331  52 287 108 131 149 270 316 365
  18 346 199 303  82
 280 268 331 255 285 338
  41 209 193 258  32  42 362
 166 161 196  58
 118 292 142 112  11
 123 310 156 110 137 181 382
 112 134 322 279  66  80 281 290
  94  26 353 116   6  89  95 148 176 301 361
 119  19  43 155 328
 372 371  19 343  13  61
 284  63 255 188   7 103 128 237 336
 269  28 120 126 102
 223  56   5  57 273
 362 119 358 323  97
 180  10 203 281
 259  26 171 293  46  51  90 191 307
 276 212  16 372  13  39 308
 346  83 286 248
 114 130 163 374 202
 341 231 328  56
 177  14  88 217
 140   2 259 301 175 186 385
  41  83 302 143
 250 133 214 391
 291 282 110 100 137 198 243
 344 357 179 230
 355  54 321 157
 375 254 369  80  34
 146  98 248 325
 242  83 368 268 228 236 333
  35   3  38 285 227 268 368
 325 114 331 368 202
 124 132 108 253  24  48 146 158
 111 282  30 101 254 266 278 369
 361  26 191  94
  85 116 157 185   8  94 167 216 312 323 330 355
 279  81 112 292  80 281 375
  85 264 343 321 138 161 166 299
 187 175 350 194  97
  98 368 317 248 314
 251 279  71 134  92 136
 357 256 341 220 364
  43 305 294 143 138
 108 221 168 124   3  35  63  98 165 169 250 338 356
  85 321  94  16 153 172 184 185 234
 280 285 287 268 149 270 317 365 368
 267  96 104 199
  37 315 242 261
 214 182 179 133
 157 171 216 116   0  25 262
 280 205 296 255 127 147
  52 214 121 255 158 373
  79 108 329 287
 383 136  10 279
  37 127 147  36
 381 235 231 141 305 327
  15 219 344 179 252
  43  49 371 323 215 295
 230 311 219 357 342 377
  62 223  17 233 144 217 220
 199 303 286 208  83
 113 275 191 390
  64  17 223  62 233 283
  16  54  31 184  33 106 143 232
 194 187  51  97 324
 256 377 225 231 352
 364  57 351  42  21
 116 122 171 246   8 148 196 293
  37 365 121 213 373
 312 157 321  54 226 232 263
 221 168 182 329  52 162
 377 311 344 170 144 271 327
  23  44  45 166 271 299
 190  91 100 282
 275 387 136 283
  26 293  51   6 125 320
 299  67 125 288  41  47
 182  12 214 269  72  74 126 178 219 260
  42 352 384 327
 331 285 270 280 149 213 354
 123 181 128 382 103
 374 132 130 163  87 160
 316 325 331 315 236 242 317
  71 111 319 313 152 198 278
  93 135  96  18  82 240
  49  68 343  19 155 215 295 372
 295 155  19 371  61  68 211 302
 354 121 337 158
 367 132 174 221  69 130 160 200 230 304
 313  80 322  81 151 198
 110 111  17 137
 357 170 344  66 252 351
  22 139 380  90
 156  73 205 280
  89  46   6 259 113 378
 235 341 141  79 273
 123 100 239 291 366 391
  10 339   9 279 136 203 241 387
 186  27 170 364
 307 262   2 196 139 186
 169 244  29 221 249
 207 383 113   9 360
 195  33 276 106 218 240
 115 272 176 140  99 241
  51 191  67  26   4 125 347
  50  76 239 382 309
