 171 259 301  26  51 172 229 234
  55 173 193 125 261
 196 246  95 307 175 186 204 247 385
 230  38 374  35   7 344
 105 212 390  67 294 328 347
 283 223 177  14
  26 183 361 140  58  89 176 380
   3  35 128 280 236
 116 321  25  54 166 323 350
 118 112 142 290  10  11 383
 383 279   9 339 300
  99  75 129   9
 363 133  73 182  63  72 255 287 309
 295 276  77  65 192
  71 177 223   5  92 193 243 306
 269  66 363 102 151 170 197 265
 349 150  77 330  19  43  65 119 195 212 276
 348 223  64 238  62 210 345
 286  24 199 370  82
 155  16 349 276 232 302 371
 216 259 247 157 139 222 262
 167 144  75 248
 191  46 380 301 378
 358  45  44  40 271
  69 199 163 367  18 104
 157  31 335 116   8  77  78 262 263
 361  46 301 191   0   6  51 176 320 390
 207 387 283 180 384
 117 126 363 269  29  84 159 169 297
 169  28 244  98  84 249 386
 224 188  73 319 127
 321 157 312  25  33  54  78 184 195 330 349 355
 173 275  55 125 113
  54 226  31 312 150 343 349 388
 278 127 369 319
  38   3 230 108   7  70 149 316
 340 333 153 227
 213 354 149 368
 108   3 374 230  35 131 149 316 318
 302  49 155 226 362
 233  23 345 220
 288 362 308 125  42
 288 333  41  59 364
 343 143  16 349 119 138 294 328
  23 207 209 258  47 358
  23 358 138 323
  26 361 301 191  22 380
  86  44 164 125
 132 163 367 318 124 146
 371 226 343  68  39 155 161 232
  76 260  73 239 133 363 391
  26   0 194 301 350 390
 131 182 285 356 149 214 337 365
 294 211 235 240
  33 226  31 312   8 150 154 263 349 388
 173   1  32 272 125 261
 141 273 366 145
 137 141 178 382 273
   6 176 140  89
 172 153 324  42 384
 217 201 345 144 359
 270 267  96 211
  91 345 181  17 233 359
 329 296 165  12 159 284
 348  17 223 190
 185 195  16 349  13 143 218 295
 266  15  80 210 281 342
 390 209 191 361   4 347 362
  49 371 388 226
 374 318  24 174 365
  87 249 367  35
 111 251 369  14 278
  12  73 255 128 179
  76  50 363  30  12  72 102 206 210 266 379
 205 274 120 126 121
 241 166  11  99  21
  50 260  73 101 133 188 239 391
  78 349  16  25  13
  77  25  31 349 184 263
 338 268 331 381
  81 375 292 322  66 198
 134  80 251 292 198 254 298 369
 202 286 370  18
 315 202 231 303 346
 250 126  28  29
 321  94 116 122 161 185 264 323
  47 164 125 273
 160  70 367 249 235
 217  91 220 201 236
 380   6 247 183  58 176
 335 216 301 171
  62 359 345 181  88 220
 326 136  14 278
 107 370 267  96 213
  85 321 293 335 109 320
 183 307 140 175   2 115 196 293 301
 267 372 332 276  61  93 135 154 211 215 370 388
 350 299 241 166
 169 168  29 329 244 314 325 386
  11 115 140 129  75
 238 282 156 101 123 145 190 291
 190 238 156 100  76 206 336 379
 274  73 120 266  15 170 210
 296 336 284 237 147 268 368
 295 346  24 371
 109   4 195 212
 372 212 276 295 189 240
 163 130 199  93 270
  38 253 329 230  35 250 280
 234 105 172  94 153 164
 310 291 111 123 137 376
 319 310  71 238 110 278 369 376
 292 279 322 118   9 142 152 281 290
 387  32 272 339
 304 130 374 132 202 231 317
 389 175  95 183  99 129 241
 353 321 122  85   8  25 148 166 264 335
  28 363 126 169 120 159 197 205 265 297
 142 290   9 112 277
  43  16 212 276
 274 297 102 117  74 151 265
 337 144  74 255 354 373
 116 353  85 321 171
 291 382 100 110 237 366
 132 318 174  48
 173 288  32  55   1  41  47  86 153 164
  28 205 117 363  74  84 250 274 297
 224 147  30 284  34 340
 206 255 280 366   7  72
 148 115  99 246  11
 163 114 367 132 107 270 304
  52 149  38 365
 367  48 124 163 114 130 158 174 318
  50  12 260  76 327
 251  81 292 326
 370 256  96 211
 326 339 279 383  92 360
  57 110 376 291 273 298
  45  43 358 328
 247 385 259  20 378
  95 307 183 293   6  58  99
  57 145 382 381  56
 118   9 290 112 203 277
  43 229  65 185 328
 255 337  60 121  21
 382 238 223 100  56 141 273
  48 318 174 245
 127 103 284 296 352
 353 246 293 116 129
 131  38  35  52  37
  16  54 330  33 195
 375 274 120  15 245
 283 112 177 279 203
 172 234 125 109  36  59 164 192
  96 226 256  54
  19 302  39  49 232
 238 100 101 282 181 190 206 336 379
 335 216  31 321  20  25 222 262 312
 174 257 311 132 245 373
 117  28 329  63
  87 374 367 231 225 252 305
 289  49 323  85
 221 356 168 285 352
 132 130  48 367  24 107 248 256 304
  86 125 109 153  47
  63 329 285 331
   8 323 241 116  75  97 167
 263 330 166 184  21
 221 329 356  98 162 200 374
  98  29  28 117 178 244 386
  15 102 269 363
   0 335 122 353  90 187 293
 234 153 185   0  59 109 192 218
  55 275  32 125   1 180 193 261
 318 132 374 124  69 146 158 257
 183  95 307   2 115 204 324 385
 187  89  26   6  58
 283  14 243   5 152 306
 188 296 169 260  57 352
 357 311  72 334 342
 207 173 275 193  27 300
 366  62  91 156
 230 356  12 329  52 214 219 221 253 334 344
  95 175 247 140   6  89 115 307 385 389
 330  31 349  78 167
  85 321  65 349 143 172
 385   2 246 196 277 384
 176 324 385 171
  30  76 382 269 178 224 239 260 296 338
 372 276 302 106 228 308
 238 101 100 156  64
  26  22  46 390  67 234 320
 153 172  13 234
 275 288 173  14   1 180 306
  51 209 389 258 272 324 350
 150  16  31  65 105 218 388
 246   2 353  95 186 289
 224 269  15 117
  81  80 369 322 281 375
 208 256  24 372  18 107 248 267 286 332
 168 221 374 231 316 341
 236  60  88 217
 304  83 317 114  82 315 327
 383 142 152 243
 175   2 307 247
 126  74 274 117
 156 128 101  73
 272 258  27 209  44 180 387
 372 199 256 211 225
 258 194  67 207  44
 266  17 102  73  66 254 298
 208  96 256 372  53  61 135 225
  16 106 276 302   4 105 119 240 308
  37 365  93 242 354
 182  52 255 309 257 334 337
  96 343 370 371
 157 335 259 321  20  90 222 229
  60 220  88 345 201 300
  65 229 195 172
 344 182 357 311 342 377
 345 217  91  88  40
 168 329 356 182 162 200 386
 216  20 157 321 229
  17  64 348 238   5  14 145
  30 188 269 319 127 197
 208 160 256 211 252
  54  33 343 312  39  49  68 154
 338 340 331 237  36
 341 235 308 189 242
 222 216 143   0 218
   3 182  38 356  35 108 280 344
 341 200 114 160  83 305 346 351
  19 349 155  49
 345  62 348 266  40 359
 109 172   0 191 153 192
 228  87  53 341
 201   7 315  88
 296 284 103 123 227 340
 100 156 190 101  17 111 145 223 282 291 319 382
  50  76 188 382 379 391
 212 106 388 276  53
 166 350  75 115  97 300
 315 316 228 213
 177  14 326 306 203
  29 169 386  98 249 325 338
 146 257 158 151
 353 196   2 148 129 186 289
  20 183 259   2  89 139 204
 367 199 163 286  21
  29 244 386  70  87
 253 108 126  84 309
 134 326  81  71
 377 357 225 160 271
 108 329 182 250 257
 319 292  81 210 298 313
 280 214  12 128  72 121 144 337
 208 199 163 135 154 211 225 286
 253 174 158 214 245
 209 207 194  44
   0 301 216  20 139 247
  76  50 188 363 133 178 269
   1  55 173 390
 157 335  20  25
  25  54  78 330 167
 330 116 323  85
 117  15 120 274
 102 210  73  66 233
 332  96 199 372  61  93 370
 287 331 316 103  79 315 327
 188  28 363 260  15 170 197 224
  61 107 130 365
 357 358 252  23
 207 387 389 194  55 113
 381  57 137 145  56  86
 120 102 205 126  74 151 265
 173 193  32 360 180
 302 372  16 212  13  19  96 106 119 189 240 295
 142 118 290 186
 369  71 319 111  34  92
 326 112 322 292  10 136 152 339 383
 255 230 329 108   7 128
 198 322  66 112
 100 238 310 156 319 348
   5 177 152 348  27 360
 296  63 103 237 127 147 352
 331  52 329 287 162 165 365
  18 256 199 351  82 248
 268 331  12 329 285
 193 125  41  42 333
 161 196 246 353
 118   9 142 112 277
 123 310 238 100 110 137 366 382
 112 322 134 279  80  81 254 313 375
  94 353  95 171 140 148 361
  53 328   4  43
 372 106  65 276  13 104
 284 103 336 188  63 147 178 237 331
 120 126 117  28
 254  81 137 210
 362  97 330 350
 241  10 180 217
 259   0  26  95  22  46  51  90 320
 276 372 212  19  39 155 189 308
 346  83 351 315
 114 130 317 163 202
 231 341 160 328
 177 193  14 243
  95 140 183 175   2 204 385
 189 228 212 302  41
 391 214 250  12
 291 282 110 111 376
 344 357 219 179 158
  31  54 157  33 226 355
 292 375 254 322
 376 378  98 325
  83 242 202 268 236 303
 200  38 331  35 242 268 317 325 341 368 381
 304 114 202 316
 174 124 132  38  48  69 146
 111  30 282 238  34 224 254 278 369
  94 191  26 301
  85  31 116 157   8  94 122 185 216 222 330 355
 292 279 112  80 198 281 313
  85 343 264   8  45 161 166 358
 187 175 389 194  59
 368  98 244 316 314
 279 251 134 136  92 243
 391 133 268 202
  43   4 294 143 138 305
 221 108 168  63  98 159 165 182 253 280 285 287 331
 184  31 321 150  16 167 263 264 299
 285 287 329 296  79 165 227 268 316 368
 267  96 372 199
  36  42 288 352
 357 214 182 344 179
 157 216 116 171  25  90  94 262 353 355
 296 103 101 156
 214  52 255 121 144 373
  79 244 188 227
 383 136 279  10 113
  36 227 127 237
 231 381 200 316 228 235 305
  66 219 179 357
 226 349  33  43  49 215 323 371
 219 230 182   3 311 334 377
  62  17 233  91  40  60 217 220
 303 231 351  83 104
 361 390  67   4
  64  17 223 282 233 283
  16  31  54  33  19  43  65  77  78 184 185 232 343
  97 194  51   8 241 299
 346 231 286 367 303
 284 162 178 147 333 364
 116 122 246 335 148 171 196 289 293
  37 213 365 121 373
  31 321 312 335
 221 182 168 230  52 162
 179 334 219 311 252 271 342 377
  23  45  44 323 138 271
  91  62 233  60 364
 275 136 387 283
  26  46 293   6  67 347
 299  41  67  39
  73  28 117  50  12  15 126 170 260 269
  42 359 384 352
 131  52 285  69 213 270 354
 123 181 128 291  56
 132 163 130  48  24  70  87 160 248 351
 331 316 325 103  37
 111 319  71  81  34 198 278
 135  96  93 267  18  82 215
  49  68 343  19 104 215
 276 106 208 302  96 189 199 211 267 295 332
 121 337 354 158
  38 174   3 168  69 114 160 200
  80 313 198 292 151
 110 137 111 310 314
 357 344 219 252
  22 314 139 380
 156  73 101 239
  89   6  46  22 378
 341 141 316  79 273
 188 238 123 291  57 141 145 239
  10 339   9 279 136 203 387
 186 364  59  27
 307 175   2 183 139 186 187
 169  98  29 221 244 249
 272 383 207 113  27 360
  33  54 195  96  68 240
 115 183 194 272 324
  67 191  51  26   4 261 347
 309  50 239  76 327
