  16  88 107  96
  74 243 263  82  85 207
 321 268 293  24
 380 310  29 158  45  69 197 236 351
 128 301  66 206 105
 139 149 271 348
 355 370 389  54 171
 170  64 280  17
 376 353  25 303 276 371 373
 277 339 279 305  26 142 231
  99 251 118 136 134 290
 129 101 217 207
 206 317 333 128  64
  21 214 146 179
 363 220 348  64
 154  34 332 122 189 295 329 358 369
  88  94 143  19   0  44  83  96 120 240 347
 249 253 147 113   7  51  97 170 198 210
 385 222 204 229
 180  25 353  22  16  50  93 167
 204  54 222 262 259
  38 364 305 214  13 146 221 307
  43 284 247 185  19 194
 339 313 135 242
 268 211 175 321   2 287 308 389
 167  19 353 180   8  68  93 355
 270 277   9 335  89 214 231
 391 313 305 380  80
 250 126  29 253  33 130
 253  28 174   3  33 126 130 249 250 310
 123 380 174 159  32
 122  90 321 211  63 114 143 157 186 247 252 284 343
  30  61 383 380 325 327
 291  29  28 249
 154 122  15  90 125 127 173 332 388
 212 341 306 381 256
 358 288  58 218
 204 259 194 116 165 202 208 315 345
 272 364  21 331 307 342
 148  54  46 218 232 259
 236 354 319 135
 212 104 366 225 103 302
  76 135 271  80 142
  22 211 247 321 178 284 286
  94 203  16 329 124 246 273
 253   3 197 249  51
 218  63 148 154  39 160 189 199 227 314 323 388
 159 181 123 147  98 133 265 351 356
 250 132 304 108  62 228
 277 214 270  92 362
 180 260 353  19 223
 198  45  17 197  55 190
 285 179 361 156
 384 140 170 357 207 217 346
  90 157 122 247   6  20  39 160 199 259 274 370
 320 261  51 271
 385 330 349 222  65  86
 255 361 328 285
 369 131 344 323  36
 218 188 199 329 288
 377  96 207 234 217
 334 380 383 391  32 182 387
 132 108  48 196 350
 252  46  31 160 114 218 323
  12 367 280  66   7  14 210 220 363
  95 185 360  56 330
 113   4 230 128  64  75
  78  77  92 317
 167  25 116 303
 387 334   3 310 179 182
 244 297 326 191  84
 115 378 255 272
 357 296 273 298
 356 283 280 334 102 340
 368   1 243 263 195 234 275 318 377
  66 119 282 147 289
  42 345 214 176 146
  78 317 206 248  67
  77 317 206 196  67
 194 315 200 284 145 390
 313  27 391 236  42
 333 301 128 136 112 147 177 181 292
  85 384 140   1 219 224 296 328 346
 347  96  16  93 223
 297 375 174  70
  82   1 263 368
 330 360  56 349
 200 381 341 343 137 324
  94  16 143 347   0  96 107 120
 335 142  26 270
 122  31  54  34 125 154 157 311
 336 115 258 261 221 281 316
 111 290 112 266  49  67
 355  19  25 353  83
 203 143  88  16  44  96 107
 360 185  65 274
  88  16  94 107   0  60  83 276 377
 190 198 135  17
 265 181 375  47
 136  10 118 279 112 134 251 309 375
 109 137 178 355
 107 120  11 274
 257 290  73 191
 285 366 255  41 153 264 278
  41 150 344 212
   4 241 177 147 121
 235 332 211 127 192
  88 101 143  94   0  96 318
 132 250 304  48  62
 100 178 137 306 138
 252 211 287 203 162 368
  92 290 112 375
 266 279  99  81  92 111 290
 269 304 169 244  17  66 119 209 249 291 294
 349  63  31 343
 378 197 272 159  71  91 302
  68 180 353  37 165 213
 282 140 294 129
  99  10 136 279 386
 177 300 238 113  75
 274  88  16 203 101
 105 276 230 241
  31  90 157  34  15  54 127 154 175 203 211 295 321 332 370
 159  47 174 367  30 237 340
 308 246 287  44 273
  34 154 332  90
  28  29 130 250
 321 122  34 175 106
  81 333 301 326   4  12  66 206
 207  11 117 386
 126  28  29 250 139
 235 332 187 188  58 226 344 369
 304 108 294 169  48  62 196 317 361
 159 265  47 372 289 331
 251  10  99 333
 313 236 391  23  40  42  97
  99  81 279 177  10 118 292 309
 178  87 306 109 100
 306 187 164 109 226
 149 271 130   5
 282 384 261  53  82 117 219
 193 194 178 152
  89   9  42 176
 203 157  94  31  16  88 107 162 240
 257 248 163 191 166
 208 345  79 155
  21 214  76  13
 177 181  47  81  17  75 105 205 258
  46  39 388 218 202 227
 378 197 139 272   5 342
 378 352 261 104 190
 322 372 254 383 319 354
 360 222 232 194 141
 172 103 285 220
  34  15  90 122  46 125 245 311 323 332 388
 214 213 208 145
 163 159 196 237  52 289 361
 122  54  31  90 143 203 252 293 295 321 329 370 389
   3 237 310 244 191 228 342
  47 174 123 356  30 115 133 156 163 237 265 331
  63  46 173  54 168 323
 199 232 218 274 314
 343 143 110 211
 257 237 156 159 144 196
 306 225 298 200 138 382
 116 353 260  37
 183 239 214 144 365
  25  19  68 353
 381 341 160 385 193 227
 269 304 113 301 132 244 297 326 386
   7 230  17 282  53 210
 175   6 315 178
 153 285 220 296
 332 160  34 323 344
 159  29 123 356  30  84 257 280 283
 321  24 389 122 127 171
 232  76 347 330 142 316
 181 147 136  81 105 119 238 241 258 309
 137  43 262 286 100 109 141 171 373 390
  69  52 387 367  13
  19 353  25 216  50 116 303
 177 147  47  81  98
 387 334  61  69 348
 365 166 214 239 223 278
 346 224 255 377
  95 360  22  65 194 240
 321 268  31 343 286 293
 235 131 337 332 138 226
 252 245 311 332  59 131 233
  46 388 369  15 217
  97 198  51 150
 257  70 297 158 102 144
 235 106 308 287 226
 168 306 341 299 141 324
 247  22 185 284  37  79 141 152 299
 234 245  74 252
 156 163 317 132  62  78
   3 249  45 391  51 115 149 198 271 378
  51 197 236  17  97 190
 161 218  46  54  59 274 329 358
 381 341  87 225  79 164
 230 241 300 238 205 282 363
 345 148  37 330
 157 143  94 122  44 110 120 287 329 358
 222  20 385 262  18  37 216 229
 300 201 147 282 219 261 289 359
 269 317 128  12   4  77  78
 129   1  60  53  11
 341 381  37 315 145 155 213
 292 230 113 304 228
  64 170  17 249
  31 321 122  43  24 106 110 162 268 343
 225 341 381  35  41 104
 379 208 155 116 223
  21 155 277  26  13  49  76 146 166 183
 258 313 309 242 221 359
 262 229 180 204 335
 189  60  53  11
  46 199  63  39  36  59 148 161 233 288 299 314
 140 261  82 205
  64  14 172 281 153 363
 316  91  21 215 338
 204 385  20 349  18  56 152 229
  50 183 213  83
 337 352 184  82
 200 341 164 212  41 264 324 382
 187 138 192 131
 148  46 168 388
 209  48 158 363 350
 222 216 204 349  18
 201  66 294 282 121 170 209
 277  26 362   9 335
 314 360 161  39 152 176
 298 218 188 252 288
  74 243 377 368  60 195
 131 187 332 337 106 192 298 344 368
 391 313 334   3  40  80 135 198 342
 163 159 123 356 156 158 257 340 354 367
 241 326 177 300 119 201 386
 354 362 319 166 183 325 365
 347 143 185  16
 238 300 201 177 105 121
 305 313 254 375  23 215 277 339 354
  74   1 234 263
 269 113 169  70 158 291
 311 154 188 252 195
 308 273 124  44
 284  54  31 321  22  43 194 259
 290 317 257 301  77 144
  17 253  29 113  33  45 197 210 291
  28 108  29 126  48 130
 134  10 279  99 266 322 372 383
  63  31 188 157 110 195 233 245
  29  28 249 310  17  45
 151 322 242 372 277 319
  57 285 103 366  71 184
 364  35 315 345
 163 191 174 237 102 144 248
 215 313 147 177  91 336 359
  54  39  20 247  37
 376 165  50 355
 320 378 140 205  55  91 150 219 328 352
 216  20 370 204 178
 275   1  74 368  85 243 318
 225 278 103 308 374 379
  98  47 159 380 133 331 354
 112 279 322 251  92
 270 303 371 376
  24 211 321   2 186 286 287 308
 169 304 113 244 206 297 301
 303  26 267 371  49  89
 387 197 139 391   5  42  55
  38 331 364 149  71 115 307
 246  72 124  44
  95 199 161  54 101 120
 318 263 368  74
   8 121  96 371
   9 305 254 242  26  49 214 231
 264 103 365 183
 251  99 136 372   9 112 118 266 309 339 375
 356 174  73 283   7  64
 220 350  91 302
 230 140  75 201 117 170 205
 333 383 174  73 280
 247  22  31  43  79 194
 103  52 366 255  57 153 172 302
 178 268  43 186
 203 268  24 321 110 124 192
  59  36 218 233
  75 205 156 133
 333 301 112  10  92 102 111 248
 113  33 244 249 361
  81 326 136 333 209
   2 321 157 186
 132 230 113 304 117 361
 122 157  15 321
  72 357  82 172
  84 169 269 301  70 191
 164 233 235 332  72
 194 218 330 314 193
 241 119 238 201 205 336
  81 169 128 269   4 248 290 297 317 386
 366 115 285  41 281
 270  68 180 353   8 267 371
 169 269 132 113  48 108 209 294 317
 242  27 391 313   9  21 277 319 327 364
 164 382 138 341  35 109 137 193
  38 272  21 331 338
 246 124 268  24 192 264 374
 136 279  99 177 215
   3 253  29 367  69 158
 245 154 188  90 337
 373 371 374 365
 391  27 242  80  23 135 215 236 258 305
 232  46 218 161 299
  37 341 171 208  79 256
 221 338 176  91
 206 132 304 301  12  67  77  78 196 248
 275 107  74 263
 354 305 151 254  40 239 325 327
 261 328 378 384  55
 122  31 211 157   2  24  43 127 175 186 247 268 287 293 295 343
 151 372 383 251 254 266
  46 154  63 160  58 173
 193  87 341 225
 327  32 319 239
 169 292 128 333  70 238
 319  32 325 305 362
 320 384 261  82  57 352
 157 203 199  15  44  59 347 358
  56 360 299  65  86 176 202
 272 159 265 133  38 307 364
  15 122  34 154 106 125 131 173 187 188 235 298 369
  81 128 283 326  12 134 290 292
  61 391 380 387  69  73 182 236
  89  26 216 231
 258 359  91 300
 235 382 344 311 187 224
 307 221 316 352
   9 279 375 242  23
 237 123 367  73
 381 200 225  87  35 168 193 208 212 306 315 324
 149 236 158  38
 211 186 321  31  87 114 162
 235 337 173 131  58 104
  76 145  37 202 256
 184 357  53  82
 240  88  16 329  83 176
 182   5  14 363
 114 222 360 385  56  86 229
 281  62 386 228
 380 391   3  47
 261 224 328 150 338
 180  19  25 355   8  50  93 116 165 167 303 376
 265 237 151 242  40 239 319
   6 389 370  25  93 100 260 353
 174 367 159  47  73 237 280
  72 384  53 296 346
 329 199 203  15  36
 336 258 205 215
  95 185 349 232  65  86 152 330
 156 294 132 291  52  57
 239 231  49 327
  14 220 201  64 228 348
  38 305 272 331  21 256
 183 166 278 239 312
 103 285 302  41 255 379
 356 123 237 310  64 179 340
  74 110 275 235  85 234 263
  58 131 332  15 189
 122 389  54 157   6 262 355
 270 267 303   8 276 312
 383 322 279 251 133 151 254 375
 390 312   8 178
 312 264 308 379
  99 383 279 372  84  98 111 242 339
 260   8 353 267
  60 234  74  96 184
 115 149 197 261  71 150 320
 213 390 264 366 374
 351 391 383 334   3  27  30  32  61 265
 341 200  87 168  35 208 212
 306 337 225 164
 372 380 251 322  32  61 151 283 375
 140  53 357 328  82 320
 222  18 349  56 168 204
 169 238 301 118 129 350
 391 334  69  61 179 182 271
  34 154  46 148 189 227
 370 157 175  24   6 355
 373  79 379 178
  27 380 313 351  61  80 135 197 236 271 305 334 387
