 301 171 259 293  26  46  51  90 361
  55 261 173 275
 196 246 140  95 186 204
 230  38 344  35   7 114 149
 105  67 212 390 294 328 347
 223 110  14 310
  26 183 191 361  89 192 380
   3 236  35 128
  25 116  54 150 148 166 350
 279 339 322 383  10 290
 383 279   9 339
  99 129  75 241
  73  50  63 363  72 287 309
 276 372  77  78
   5 223 283  71 177 193 243
 269  66  30 224 159 170 197 265
 349 150 276  31  43  77 119 195 212 323 343
 348 282 156 100 177 283
 286 199 370  24
 155  49 302  65 232 371
 222 216 157 259 204
 167  75 241 154
 191 172 234 380 153 192 378
  97  45 358 350 201
 199 208  69 225  18 146 351
 157 335 116  31   8  77  78 148 262 263 264
 361  46   0 234   6 109 191 390
 207 180 258 306 364
 117 126 363  29  84 159 169
 169 244  28 329  98 249 252 325 386
 224 319  76 127  15 269
 157 321 312  25  16  54  78 150 184 195 330 349 355
 173 275 288  55  42 113 125
  54 150 226 312 343 388
 278 369 127 290
  38   3 230 149   7  70 250
 340 333 227 288 378
 228 308 189 315
 108 374 230   3  35  87 131 149 160 318
 302 276 372 226 161 362
  60 359  62 181
  67 288 362 315
 333 288 352  32 364
  16 343 349 143 119 138 328
 261 258 209 361
 264  23 135 328 138
 234  26   0 361  59 109 172
  86 164 125 173
 132 124 163 367 146 174
 355  68 371 343  19 161 218
  76 260  73 239  12  63 133 336 363 391
 194 293   0  94 320
 182 357 356 230 131 179 214 271 334
 294 235 211 135
  33 150 226  31   8 263 312 388
 173   1 272  32
 366 141 237 103
 137 141 237 178 273 352
 176 187  89 113
 161 172 324  46 364 384
 201  40 144 217 359
 270 211  96 267 373
  91 345 181 233  40 359
  50 260  12 329 165 379 391
 348 282 100 101 190
 185 349 355 143  19 218 232 295
  15 266  80 159 281 375
 390 191 209 361   4  41 105 261 362
  49 371 218 332
 160 374 174  24 351 365
  87 367  35 225
 111 369 127 223  14 251 278
 255  74 214  12 128 206
  50 101  76 363  12 102 147 210 266 379
 205 120  72 342
 241 166 167 129  11  21
  50 260 101  30  73 133 239 284
  78 349  16  25  13
  77  25  31 349  13 184 264
 338 368 331 103
 375  81 198 292  66
 134 198 251  80 142 254
 358 286 256 213
 315 303 231 202 346
 250 126 165  28
 321  94 122 323 161 171 185 355
 164  47 125 273
 160  70  38 318
 201 217 220  91 180
 380   6 109 234  58
 229 216 335   0
  62 181 359 345  88 220
 326 283 136 152 233
 370  96 343 267 135 215
 293  85 321 335  51 320
 175 183 140 307   2 115 301
  93 267 343 211  61 154 215 332 370
 350 241 299 358  23 236
 169  29 168 386 244 314 325
 129  11 115 148
 238 223 282  64  17 123 156 190
 190  76 238  64  73 102 156 348 379
 274  73 266 101 170
 296 382 336 145  56  79 268 273
 295 371 346 162
 109 390   4  67
 372 212 276 189 232 240 295
 211 256 163 199 135 208
  38 253 230 329 219 250 374
 234  46 361  26  89 105
 291 310 223 111   5 123 137 376
 319 310  71 238 110 127 369 376
 292 279 322 118 281 290 313 326
 387 339  32 275  58
 304 130 132   3 231 317
 129 140 175  95  99 389
 353 321  25 157   8 122 264 323 335
  28 363 126 159 265
 142 290 292 112 277
  43  16 212 302 294
 274 297 210 205  74 151 265 313
 144 270 158 377
 353  85 321 116 171
 291 223 100 110 298 366
 132  48 174 367
 173 288  32 153  47  86 164 176
  28 205 117 274  84 297
 319  30 224 111  34  71 147 278
 280 206 255  72   7 366
 148  99 246 115  11  75
 163 367 132 256 114 304
 230  38 149  52 311 365 377
 367  48 124 163 114 130 174 304
  50  76 260 296 147 336
 251  81 326 292
 370 107 256  93  45  53 213 270
 339 326 279 383  92 360 387
 110  57 376 224 340
  45 358  43 143
 247 385 307 259
  95 183 247   2 115 175 293 307
 237 145  57 296  56 368
 118 198 369  81 203 277
  43  65 185 229 138
 121  60 337 255
 382 284 238 103 141 333
 318  48 174  24 245
  73 133 296 127
 353  25 246   8  99 129
 131  35  38   3
  54 330  33  31   8  16 184 195
 120 274 375 297 245
 243 283 177 369  92
 172 176 125  22 164 187 192 378
  96 256 226 167  21 248
  19 302 371 295
 238  17 100 101 239 336 379
 335  25  31 216  20 116 222 262 312 321
 174 311 257 337 121 354 373
  28 117  15 363  66
 318 374  69  38  87 365
 185  49  85  39  59
 221 260 269 331 104 271
 256 132 130 367  48 107 211
  86  47 125 153
  63 334 329 391  84
 263 167   8 241  75 350
 263 166 154 330  21  75
 221 329 200  98 252 356
  29  98 269  28 178 221 244 386
 363 269  15 102 197
   0 122 301  85
  46 234 185  22  59 153 192
  55 275  32 125   1  47 180 193
 318 124 132  48  69 146 158 245 257
  95 183 307 140 115 186 204 324 385 389
 187 153 125  58
 283 243  14  17 152 306
 296 188 169 260  57 352
 357 214  52 342
 207 173  88 275  27
  91  62 366 345  40
  52 356 357 329 214 219 253 280 309 342
  95 140 175 247   6 385 389
 330 150  31  78 347
  65  85 172 143 161 218 295
 385 373   2 175 384
 176 324  58 153
 296 224 382 260 178 227 237 269
 372 276 106 308  37 228
 238 101 100  64
  26 234  22 390   6  67
 153 172   6  22
 275 288 173  14 306
  51 258 209 350
 349  31  16 150 212 232 240
   2 246 353 335 289
 224 269  15 170 277
  81  80 281 369 142
 208 256 107 372  18  24 225 248 286 332
 316 168 285 329 341
  60  88 358  23 217 236
 317  83 315 304
 243 281 306 142
 175 307   2  20
 126 120  74 274 297
 345 128  72 233
 272 258  27 209 180
 199 372 107 256  24 211 225 332
 258 194 390  67  44 207
 120 266 274  73 254 298
 107  96 208 163  53  61 235 270
  16 106 276 195   4 119 240 302 308
 305 286 370 135  82
 357  52 334 182  72 179 337 377
 343  96  93 370
 157 335 321 222  20  90 229 259
  88  60 201 220 300
  68  65 185  49 303
 253 344 108 182
 306 345  88  91 217
 168 329 285 169 162 252 386
 216 157  20 321 229 320
 100 238 291 310   5  14  71 110 123
  30 188 127 269  15 137 197
 367 208  24 199  70 351
  54 312  33 343  39 154 388
 340 338 237 188  36 314
  37 308 242 189 235
 216  90 259 222 143
 344   3 131  38  35  52 108 280
 316 341 374 114  83 305 315 317 346
  19 195  65 106
  62 206 345  92
  46  26 191 109  22  89 172 380
  53 228 211 248
 299 358  97 201   7 300
 188 296 382 291  56  57 141 227 338
 100 190 223 156 101 111 145
  50  76 296 156 391
 212 106 388 195
 350 166  97  75  11  21 300
 305 228 315 341
 177 152 283  14 203
  29 169 386  98 249 325
 257 146 151 174
 353 196   2 148 129 289
 140 259 307 183 139
 154 256 367 199 235 270
 386  29 244 252
 253 108  84  35
 134 326  81  71
 386 221 168  29 249
 108 219 182 342 250 257
 292 319  81 210 298
 280 344  72 377 128 144 337
 163 107 199 130  82 135 154 208 248 286
 311 174 357 253 158 245
 209 194 207  44  27
   0 301 216 247  20 139 229
  76  50 296 188  63 133 162 178 269 284 363
   1  44  67 390 347
 157 335  25 263
  54  25 166 167 262
 330 116  25  78  45
 117 120 274  15
 102  73 274  66 210
 332  96  93 372  61
 287 331 368 103 327
 260 188  30 224  15 162 169 170 197
  61 135 211 248 121
 162  52 303 352
 207 387  55 389
 103 368  57 382  86 381
 102 120 266 210 126 151 205 265
 193 173  32 360   1 113 180
 302 343 372  16  13  39 106 189 212
 142 197 118 375
 369  71 319 127  34
 112 326 322 292   9  10 136 339 383
 255 344 230 182 128 342
 198  66 322 112 203
  64 348  17 100 310 319
 177 348  14  17  92 152 243 306 360
 296 382 260  76 145 327 352
 331 287 221 329 200
  18 256 370 199  82 213 351
 268 285 331  12
 333 193 125  42  32  36  41
 246 353 196 312
 118 292 112   9  34 313
 310 123 223 110 237
 112 322 279 134  80 118 254 290 313 375
  94 353   0 140  51
  53 328 119   4
 106 371  65 185 104 155 346
 188 284 260 382 103 133 141 147 178 237 239 331 336
 120 342 205 126 151 377
 254 366 123 210
  97 236 350 330 358 362
 241 236 217 350
   0 259 171  95 320
 276 372 212  39  19 119 155 308 362
 346  83 218 315 271
 114 317 130 132 202
 242 213 328 231
 220 177 283 193  27 203
  95 175 140 247 139 204 385
 189  37 212 302 228
 391 357  12 182
 291 282 223 111   5 110
 257 344 357 131 158 337
  31  54 226 157  33 289 388
 290 292 120 112
 340 376  98 227 378
  83 202 231  37  41 242 303
 200 341 231 381
 304 202 114 231
 174 160 374  38  87 146
 111  30 127 282 254 278 369
  94 301  51 222
  85 116  31 157  94 122 216 222 323 353 355
 292 279 112   9 281 375
 321  85  16 116
 389 187 175 385  59
 368  98 244  29
 251 134 279 112  92 136
 268 284 368 391
  45 294  43   4 305
 168 221  29 182  63 108 165 200 285 356
 184 150  31 264 167 299
 285 287 296 268  79 162 338
 267  96 208 199  68
 288  42  36 145
 357 214 165  52
 157  25 216 116  90  94 196 262 355
  50 296 133 156 103
 214 311 158 255 144 354 373
  79 237 227 331
 383 279   9 136  10 113 387
 227  36 137 376 314
 316 231 381 200 242
 182 253 297 280  74 179
  33 276 349  16  43  49  93  96 215 226 370
 230 280 219   3 255 311 365
 206  62 233 181  91 220
 303 231  83 295 104
 184 261 361   4
  64 282  17 101 283
  16  31 195  77  43  65  78 343
  97 241   8 166  23 194 299 300
  24  69 225 286
 284  42 178  57 271
 116 122 321 246 148 196 289 293
 384 158 373 337
  31 335 321  85  49  65
  52 182 168 329
  52 214 182 179 257 309 311 334
  97 299  23 236  82 138 201
  62  91  40  60 364
 275 387 283 136
  26  46   0 390   6  44  67 109 347
 299  39  67 302  41
  73  50  28 260  12 117 159 170
  27 359  42  59 384
 344  69 160 131
  56 123 181 128 298
 132 163 130 225  48  70 124 248
 381 268 141 325  79 273 327
 319 111 278  71  34 142 152 198
  93 135  96 343  18 213 215 286
  49  68  19 295 104 155
 276 208 106 302  13  39 189 199 267
 158 186  61 337 354
  38 318 160 108  69 231
  80 292 322  66 151 277
 110 137 382 111 314 340
 255 214 131 297 121
  36 314  22 153
 156 101  73  63
  89   6 234  22
 368 316 341 273
 284 188 296 145 103 237 273 376
 339  10 279   9 136 387
 354 186 364  59
 307 139 175 183 186 324
  98 169  29 221 244 249 252
 339 272 383 136 113 360
  54  33 226 312 240
 183 175 115 272 324
  67  26 191 361   4 105 209 261
 309  50  63 239 165 327
