 122 161  37 189
  30 366 110 223 117 310
  93 222 196 293 204
 367 124 257 304 219
 232 151 328  47 386
 278  64 251  14 282 376
  67 298 164 268
 297  75  97 121 342
 226 263 166 154 163
 383 292  10 322 120 152 181 207 217 274 279 290
 322 383   9 279 136 217 281
  70 365 350  75 342
 152 348 336 170  92
 146 139 130  45 301
  64 283 278 326   5  55 102 177 220
  34 203 329 238  58 131 197 331
  77  25  31  78  94 106 211
 348  64 283 278  92 156 177 282
 199  69  93 335 307
  49 171 155 104
 204 160 231 242
 144 299 154 166 194 255
 109 314 161  41 316 320
 131 233 171 203 343
  94 370  31 116
 116 370  78 114  16  77 140 148
  67 268 191 153 275 316
  34 238 239 283
 282 205 126  29 266
 336 290 254 126  28  86 169 380
 100 111  71 223   1  50 117 145 224
 157 349  16 321  24
 147 103 381  57
 353 195 226 150 149 189 388
 287  15  58 283  27 127 192 238 329
 131 303 115 298
 368 331 164 329  89 176 178 197 325
 245 189   0 385
 377 374  51 356 115 228 294 317
 354 143 229 186  87 247
  88 280 181  60 201 241
  46 165 314 161  22
 327 288 178  83
 373 305 293 323  95 308 362
 287 243 375 313 155 328
 253 130 129 328  13 219 304
  41 168 247 161 162 165 314 378
 338 375 243  80   4 139 151 232 277 380 384
 132 107 318 174  96 330
 371  68  19 286 171 185 346
 100 319  30 101  63  73
  38 230 115 374
 385 213 245 122
  99 108 129 253  61  75 228 365
 335 216 321 157 116 276
  81  14  58 134 252
 265 258  91 305 141 193
 284 159 378 363  32  79 272 381
  34 287  15 155  55
 385 324 221 186 162 165 354
  74 280 205  97  40  88 182 250
 253 108  53  75 124
 120 207 126 217
 101 239 110  50
 283  14 278 348   5  17 102
 225 208 229 267 105
 198 251 142 134 389
  26   6 268 191 275 347
  49 374 232 139 304
 199 150  93  18 160 213 240
  11 365  75 191 351
 145  30 223 111 188 306
 274 230 151 345 233
 319  50 100 379
  60 128 280  99  84 182 205
  97 129 253  53   7  11  61  70 257 297 367
 284 382 190 363 180 272
  78  25 157  16 114
  77  25 157  16 114 140
 340 284 125  57
 339 383 292 375  47
 142 251 113 118  55 134 198
 174 158  85 257
 153 172 178 218  42 202 259 327 390
  74 205 357 128
 332 130 289 371  82 215 301 302
 249 169  29 386
 341 143 160  39
  40 206 181  60
  36 303 329 197 252
 161 175 109 172 320 390
 258 265 359  56
 283  17 348  12 389
 199   2 150 222  18  69 196 204 246 262 372
  24 370  16 157 119 135 148
 293 305  43 353
 330 312 256  48 106 351
  75  60 129 253   7 179 182 257
 386 249 384 338 169 252
 128  53 290 120  74 108 280
  30  50 111 223  73 190
 306 369  63 239  50
 345 220  14  64
 284 319 188  32 381
 185  19 371 331 285 295
 221  65 173 240
  16  96 212 312
  48 318 174 302 211
  53 280  99 253  61
 316  22 390  90
 369 223 123 111   1  63
  30 223  71 369 100 110 319 366
 279 292 206 210 156
  81 142 118 338 249 376
 370  25  77  78 140
  51 345  38 179  35
 370 157  25  54  24 135 307 311
 366 223   1  30 275
 383 322 326 142  81 113 210 243 375 387
 148  94 343 135
  62 207 290   9  99 126
 350 124   7 236 201 300
   0 370  52 355
 110 223 238 260 197 298 319
  61 158 253 367   3 121 174 248 270 350
 340 382  79 273 244
 290 128 120  62  28  29 205
 238  34 260 239 203 331 368 369 376
 290  99 126  74  84 280 357
  53  75  97 253  45 130
 146 253 367 129  13  45  85 228 248 365
 329  15 203 303  23  35
 330  48 174 256 236 300
 324 221 273 363
 251 326 142  81  55  66
 148  94 343 116 119 311
 279  10 383 207 198 210
 237 296 360 382 261 316
 196 315 373 305 337
 356 377  47 374  13  68 380
  25  78 114 157
 193 173 352  56 209 360
 118 326  81 251  66 113 134 198
 354 341  39 200  87 168 320 378
 255 194  21 166
  71 223 188  30 227 288 306
 130 365 253  13 248 294 367
  32 159 381 200
 135 119  94  25 311
  33 195 362 308
 262 167  93 246  33  69 184 195 240 264 267 299 335 388
 313 375   4  47  72 230 328
 336 383  12   9 170 217
 172  83 178 268  26 218
 226 263   8 166  21 163
 287 232  44 277  19  58 271 346 371
 282  17 251 112 177 310
 370  54  31 116  77  78  94 140 212 355
 350 124 257 174  82 270 312
 200 341 272  57 147 381
 229 231  20  69  87 247 344
  41  46  22  90   0 175 314
 168 221  59  46
 154   8 226 166 256
 368  36 329 303   6 298 325
  41  59 186  46 175 363
   8 299 154 263  21 144 163 255
 299 184 150 222 235 263 359
 221 378  46 143 162
  86 269  29  98
 336 287  12 152 364
  19 317  49 271  23 215 343
 153  83 218 202  90
 141 221 324 193 105 273 352 360
 257 124 107  48  82 132 158 312 318
  90 165 161 272
 331 227  36 368 333
  17 156  14 369
 368  36  83 288  42 153
 214 357  97 358 115
  76 363 190 272
 274   9 207 290  40  88
 357  60  74  97 304
 372 362 315 324 221 242 361
 167 235 222 150 388
 346 371 104  49 295
 231 324 354  59  39 165 307 337 344
 285 331 368 329 327
 288 145  71 296 103 224 227 237 382
 267 245 195  33   0  37 212 234
  76 296 100 382 180 291
 268  26 365 294  67  70 301
 329 325  34 203
 141 173  56 273 352 360
 144  21 255 342
  33 240 150 267 149 189 212
 138 323  93   2 315 337 372
 329  15  36 123  89
 136 251  81 142  66
  69  93 262  18 208 216 229 264 267
 143 341 159 354 147
 236 241  40 121
 259  83 285 172
  15 329 238 127  23 131 192 285 389
  20 344   2  93
  60  74 280 126  28  84 250 266 297 309
 112  88 210 279 233
 274 290 120   9  62 136 181
 225 199 293  65 234 245
 245 360 352 141 261
 136 279 118 322 112 206
 107 270 343  16
 355 195 157 189 106
 293  69 373 264  52 245 344 385
 358 179 377 334 294
  85 302 171 371
  54 335 321 199 307
  10 152   9  62 357
 172  83 153 259
 241   3  45 257 311
 345 102 326  14 233
 324 231 242 183  59 105 133 162 168 173 273 341
 246 353  93 308   2 167 184
 369 111  30  71   1 100 110 117 123 145 306 319 366
 188 382 296  30 244 291
 293 208 362  65 245
 321 154   8  33 163
 176 188 288 145 333
 367  38  53 130
 160 231 199  39  65 247
 151 313 328  72  51 304
 242 221 186 229  20 160
   4 155 328  47  68
 345  72 220 206  23 379
 352 189 245 208
 184 305 167 258 265
 241 121 201 132 300
 296 137 188 382
 127 260  15  34  27 123 203 239
 238 127 260 369  27  63 101
 195  69 150 388 105
 236  40 257 219 201
 231 341 221 183  20 273
 118 338 375 322  44  47
 224 125 333 269
 385 213 225 208  37  52 189 209 234
 222 353 150  93 263 299
 160  39  46 229
 130 286 146 124 332
 386  98 113 387  86
 205 297 257  60 309
 134 142  81 326   5  66 156 198
  55 386  98  89
 129  97 130  53  45  61  75 108 124 146 257 367
 292 290 339 274  29 387
 144 359 166  21 194
 163  96 330 132
  97 253  75 174   3  82 158 219 241 250 350
 265  91 305 373  56 235 359
 202 303  83 289 218
 238 127 239 369 123
 360 291 137 209
 264 150 199  93
 167 154 246   8 166 388
 262 150 267 199 213 299
 258  91  56 235 359 361
 309 297 205  28
 199 264 353 150  65 189 195
  67   6  26 191 153 275 333
 169 376 282 310 244
 211 124 158 330 347
 317 334 356 155 171 391
 159  57  76 180 175 390
 221 173 133 242 125 193
 181   9 207 292  72 254 384 387
  67 268 117  26 347
 349 335 321  54 355
 338 287  47 375 155
  64   5  14 283  17 376
 292 383   9 290  10 112 136 206 210 281
  60  74  99 128  40 108 205
 279 383  10 292
 156   5  17  28 269 310
  64 348  14 278  17  27  34  92
  76 363 382  57  79 103 340
 187 331 104 203 202
 334 377 358 364  49 248
  44 155 338 277  34  58 170
 188 145 296 178  42 227 327 333
 332  85 301 317 259
 128 292   9 254  29  99 120 126 181 207 279 336
 382 224 296 190 261
 383 339   9 254  80 112 274 279 281 290 387
 225 373 305  43   2  95 208 213 308 353 362
 365  38 146 214 191
 346 104 185 303
 382 188 288 237 137 190 224 291
 250   7 205  75 266 342
   6 123 303 164  35 347
 167 246 150 264  21 166
 236 121 132 361
 289  85  13 191
 318 332  85 215 107
 329 164 131  89  35 259 295 298
 230  45  68 182   3
  43 293 373 308  56  95 138 235 258
 101 145  71 223 379
  18 116 186 216
 305 293 222  43 149
 250 350 266 205
 269 282 156   1
 148 135 116 219
 330  96 158 174 106 351
 151  44 375 322 230 345
  41  46  22 161
 138 196 362 324 183
 109  22 137  26
 271  38 171 371 289
 107  48 302 174
 223 123  50 111  73 103
 354  90 143  22
 226  54 355 276  31 216 349
 383  10   9 339 118 210 243 313 375
 373 372  43 196 337 361
 221 315  59 183 133 173 186 385
  36 164 329 376 192
 118 383 142 339  14 134 220 251 345
  42 288 187  83
   4 232 151  44  45 230 374 377
  15 203 303  34  36  89 131 164 187 192 197 325
 132 312  96  48 256 270 351
 127 368  36  15 104 176 187 285
 289  85 302 248
 268 288 176 227 244
 358 356 377 357 214 271 286 364
  54 216 276 150  18 349
 152 290 383 338  12  29 170 384
 196 186 138 323
  47 243 336 287  98 113 277 384 386
 383 292  80 322 254 326
  79 125 284 363
 242 143 200 221  87 159
  11   7 350 297 194
 211 171 135  23 119
 204 160 213 186
 220 102 313 326  72 115 233 391
 185 371  49 155 295
  67 298 275 270
 283  64  17  12  92 391
 276 321  31 335 355
 121 158 124 257  11 309 342
 312 330  70  96
 141 234 193 173 209
 246 222  33 293  95 267
 143  39 186  59 200 320
 321 157 276 349 122 212
 139 377 334 357  38 271 358 364 374 380
 182 356 128 217  84 179 334
 334 214 377 356 179 286
  91 258 265 167 255
 141 173 193 137 209 261
 372 265 323 183 300
 373 293  43 225 149 183 315
 284  76 165 133  57 180 340
 377 356 334 170 286 391
 146 294  53 130  11  70 191
   1 117 223 111
 130 253 146  75   3 124 228
 164 331  36 127 176 178 187
 223 239 127 110 101 111 177 260
 116 157 114  25  24  94 122
 374  49 155 185  85 104 215 317 346
 323 183  93 196 361
 323  43 293 362 138 213 258 305
 356  38 328 377  51  68 139 371
 322 383 118  47  44  80 151 243 277 313
   5 278 113 127 269 325
 356  38 328 139 214 286 334 358 364 374
 168  57 143  46
 389  73 233 306
  29 139  47 356
  57 103 147 159  32
 296  76 224 188 125 137 190 237 284 291
   9 322 339 292  10  80 118 136 152 279 281 326 336 375
  47 336 338 274  98
 245  59 213 324  37  52
  98 249 338   4  86 252
 254 118 292 274 249
 150 263 184  33 240
 379  66  92 203
 109  83 272  90
 271 364 348 345
