 228 347  54 332  37  53  77  78 189 195 240 247 268 333
 291 104 221 378  74 187 235
 176  59 196 265 175 203
 230  57 363  50 367
 365 236 350 106  24 356
 182 345 357 348  72 134 256
 310  93 121 254  25 232 314 379
 209  41 378 221 369
 259 347  54 247 232 379
 266 112 151 102
  76 358 292  81  13 136 185 326
  76  81 292 363
 182 223 305  14  67  69  72 351
 174  10 136 311
 345  12 130  61
 266 134 112 126
  25 254 262 216 116
 220  66 225 344 233 294 342 377
 285 385 107 366
 383 180 266 151  92 122 353
 204 175  96 276  88
  31  78 109 247
 335 111  94 389  79 124 307
 283 358 363  76  64 208 342
 325 365   4 350
 167  16 254   6 121 165
 319 360  89 171 203
  86 386 380 343 304 313
 253 217 126  29  70 251 309
 126  28  58 134
 188  35 378 382 135 187 222 284
 109  21 317 105 159 373
 277  44 350 376 183 246
 249  82 369 147
 340 123 296  35  71  95
 212 275 117 382  30  34  41  87 133 162 235 296 316 360
 105 149 340  37
 333 247   0  93  36 129 195 213
 206 169 163 318
 362  80 199 303  89 298 376
 219 106 160  56 356
 338 212  35 139   7 224
 273 390 356  51
 208 185 144 231 111 155
  76 288 214 376  32 277
 271  64 233 220
 215 319  47 137 171 176 209 274 298
 200 225 221 311  46 190 193 196 215 219 289
 318  99 152 283 113
 371 102  83 279  68 151
 260 363 160 329   3 138 141 230 231 327
  55 150 131 320  42
 189 157 301  90 240 302
 228 301 252   0 195
 157 321 259   0   8 228 247 347
 261 320  60 131  51 280
 160 288 363 138  40 356
   3 311 174 210 219 367
 384 126  29 113
 186 185 199 191   2
  55 261 337 361
 290 279 334 371  14  83 173
 281 163 174 108  98 101 143
 190 303 330 311
 348 357 283  23  45  69 179 182 233
 153 172 315 109
 225 211 238 220  17  86 164 177 186 227 281 289 294 299 344
 305 223  12 134  68 273
 389  49 112  67 272
  64 103 119  12
  28 309 253 126 387
  34 156 359 287
   5 384 357  12
 251 309 134 217 273
 187   1  85 117  91 115 119 140 205 234 282 304 386
  91 361  85 115  82 207 226 245 385
  44 288 363  81  10  11  23 130 214 283 292 376
  78   0 247 105 268 333
  77 247   0 347  21 105
 239 218 135  22
 174  81 349  39 185 362
 288 174 132  76  10  11  80  97 160 271 323 349
 147 205 263  75  33
  49 371 279  61 202 278
 257 318 152 350 154 293
 320 117  74 275  75  91 115 140 156 245
 343 225 188  66  27 386
 308 265 114  35
 373 317 268  20  96 204 276
 362 319  26  39 146 183 203
 301 391 321 157  52 216 254 262 302
 123 156  74  85  75 115 235 282
 180  19 355 383 122
   6 270 310 121  37 167 232 314
  22 335 194 116
 203 146 175  34 148
  20 267 204  88
 108 132 288  81
 281  62 349 190 143 306
 279 118 290 322  48 246 339
 287 359 317 107 204
 238 329  62 211 364
 334 290 279 166   9  49 151 180 355 371 375 383
 206 364 284  69 285
 221 378 110 328   1 227
 109  77 317  78  31  36 159
 349 336 331 219   4  40 201 236
 100 153 172 315  18 204
 132 292 288 163  62  97 206 326
 317  31 105 153  21  65 159 172 373
 104 378 221 237 316
  43 155  22 154 194 335
 266   9 134 389  15  68 142
 126  48 384 334  58
 265 200 221 378  87 137 308 352
  91  75  85  74 245 307
 151  16 353 389  94 122
 275  35 346 296  74  85 150 235 320
 322  99 380 166 142 170 297
 140 227  74 294  69
 274 190 303 349
 310  93   6  25 129
  19 180  92 116
 125  91 296 218  34 131 135 158 287 388
 304 162 307  22
 123 388 135 131 158 218
 113  29 383 334  15  28  58  70 217 384
 354 340 237 242
 358 238 220 130 206
 121 310  37 314
 214 292  76 128  14 206 250
 123  55 125 261  51
 108 292  81 288  97 163 169 318
 346 382 209  35
 266 251 112   5  15  29  67  73
 123 125 296  30  79 366
  10  13 292 326 250 339
 338 319  46 114
 160 329 211  50  56 208 231
 275 338 212 382  41 354
  85 241  74 377 119 245 249 369
 327  50 200 341 145 193 343
 297 313 112 118
 163  98  62 349 154
 372 374 329 363  43 155
 327 141 178 191
 312  89 175 325  95 148
  82 263 243 205  33
 158 146  95 198
 337 172 198 317  36 159 258
 296 117 275 212  51 218 312 368 388
 102 389   9  49  19 116 339 353 355
 169 290  48 318  84 154
 172 109  65 315 107
 152  84 111 143
 372 374  43 144 111
  91 261 282  85  71 255
  54 321 347 332  52  90 259 301 391
 359 125 123 175 148
 109 105 149  31 198
  50 138  81 288  40  56 208 211 220 323
 186 299 233 179
 187  35 386 222 124
 292 132  62 108  38 143 169 206 318
 177 238 289  66 300
 353 167 254  25
 279 102 371 334 118 179 180 295 375
 254  25 165  93 267 270 353
 381 341 188 308 178 364
 318 152 163 132  38
 357 118 297 348 244 272
  46 303 199 274  26 222
 153 109 149  65 107 195 315
 256 290  61 371
  81  80 349 288  13  57  62 311 323 326
 312 388  20   2  95 146 158
 215   2  46 209 196
 281  66 311 225 164 294 300
 308 145 168 381 239 286 360
 233  64 166 283 161
 102 371 290 166  19  92 122 293 355
 328 336 378 237 222
  12   5 256  64 223 264 305 351
 277  32  89 278
 258 337 359 317 385
  80 362  10 329  43  59 186 277
  59 185 299  66 161
  74   1  30 205 162 234 284
 200 327 221 168  30  86 364
  52 332 228   0
  63 120 331  47  98 237 274 306
 199 303 329 327  59 145 298
 234 368 354 263
 311 141 281  47 306
 335 111 267  94
 172   0  37  53
 377 176  47 215   2
 378 291 221 328 224
 149 337 258 159 148 243
 303 330 191 329  39  59 171 248 362
  47 221 225 141 114 188 265 381
 236 336 330 106
 387 383  83 309
  26 360  89   2  95
  20 107 100  88  96 276
 282 187 263  74  82 147
 128 163 130 108  38 103
 361 258 226  75
 160 138 211  23  43 231
 378 377  46 133   7 176 369
  57 311 271 219 344 367
 220  66 329 160 101 138 208 238 289 341 374
  35 346  41 296 139 150 222 316 390
 285 240 370  37
  76  44 345 130
  46  47 378 221 176 196 265 352
 262 270  90  16 370
 384  28 253 126  73
 123 296 150 125  79 388
 210  57 311  47  40 106
 260 358 211 160  17  45  66 128 233 271 342 374
 378 104 328 200   1   7  47 110 114 188 197 215 352
 171 181 212  30 162 335 354
 256  12 182  67 273 305 351
 338 382 197  41 324 368
  66  47 200 289  17  86 177 241 300 343 344 377 386
 207 258  75 359
 238 104  66 230 119
 347   0  54 332  53 189 252 268 333
 242 390 368 324
   3 341 260  50 227 299
  50 208 138 363  43
 379   8   6  93
 220  64  17 358  45 161 179 313 342
 192 187 368  74
 117  35  91   1 255
 350 365 201 106   4
 336 190 331 181 110 127 242
  66 211 227 101 128 164 294
 360  79 178 308
 370  52   0 333 213
 300 140 289 225
 229 325 248 237 127 286
 263 147 198 261 280
 250 170 272 357 269
  75 115 140  85 385
 277  32 279  99 293
  78  77   0  54   8  21  37
 331 319 330 199 242 325
 300 140 291  33
 357 292 136 130 244
  73 134  28 266
 228 301  53 391
  28 217  70 310 309
 167 165   6  90  16  25
 366 156 235 368 280
 223 182   5 290 173 264 356
 350 365  84 376 278
 359 337 184 149 198 207 226
  54   8 347 157 270
 363  50 220 230 299 372 374
  55 320 282 156  60 131 243 263 340
 216  16  90 321
 205 261 282 320  82 147 192 243
 305 182 256 351
 114 215  87 200   2
 112 134  15   9  19 251
 167 270  96 194
 373  77   0 228  88
 272 307 244 313
  93 167 259 216 267 370
 288 220 210  81  45
 297 351 170  68 244 269
 223  67 351  73  42
 120 190 171  46
 117  35 139 382  85 150 296
  20 317  88 204
 376  32  44 185 183 246 278
  83 183 277 257
 290 371 334  99  49  61  83 102 166 246 322
 243 255  55 366
  62 177 311  66  98 193
 205  74 261  91 156 263
  23 358 348  76  48  64 179 345 357
 364 103  30 187
 213  18 103 370
 390 242 316 178
 366 359 100 123  71
  81  76 363 132  44  56  97 108 160 174 271
 225  66  47 211 164 241 300
 371 279 345 102  61  99 152 173 180 256 322 334
 197   1 378 328 249
 132 358  76  10  11 108 130 136 163 250
 180 383 246  84 387
 177  17  66 238 119
 345 348 166 372 375 389
  35 212 117 275  34 123 135 150 218 368
 118 170 313 272 142
  46 191  39 327
 327  66 260 230 161 186
 164 177 289 225 241 249 306
  90 321 391 157  52  53 252 302
 301  90 391  52
 199  63 191 330  39 120 171
  27 386 124  74
  12  67 182 223 264
  98 300 190 193
 124  22 115 269
  87 178 168 114 239 360 381
  28  70  73 253 202
 121   6  93 253 129 314 379
 281 349 174 193  13  47  57  63 177 210 219
 390 146 175 150
  27 297 380 233 142 269
 310   6  93 353 129
 153  65 172 107
 382  35 212 110 286
 373 109 105 337  31  88 100 149 184 276
 169 163  48 132  38  84 152
 338  46 137 248  26  89 324 390
  85 261  55 117  51 263
 157  54 301  90 262 391
 118  99 279 290 339 380
 358 174  81 160 326
 224 338 319 352 229
 248 242 331 365  24 146
 174  10 108 323 136
  50 141 145 191 188 298 299 377
 221 104 378 344 181 197 291 352
  50 191 211 138 101 144 185 199
 199  63 303 331 201 248
 336 248 190 330 106 237 325
   0 228 157 189
   0  77  37 228 240
 102 279 345 290  61 113 126 166 383
  22 111 222 194  94
 331 237 106 181 201
 149 258 184 359  60 198 317 361
 382  41 319 137 139 224 324
 151  99 136 322
  34 354 261 388  36 127
 230 141 343 211 168 364 374 381
 233  17 220  23
  86 341 225 141  27 386
 225  66 328 210  17 367
 214 290 283 348   5  14 295 334
 133 212 378 382 117 369
 228   0 157  54   8  78 259
  64 283 372 345   5 170 295 357 380
 174  80 311  81  98 106 120 143
 365 236  32 257   4  24  84
  12 223 272 182 264 273
 221 328 114 215 324
 165 151  19 167 116 314
 368 222 340 139 127 192
 151 180 102 389  92
  40  56 256   4  42
  64 348 283 170   5  72 244 250
 220 292  23  10 128 233 283 323
 258 287 184 100  71 158 226 337
  35  26 178 308 203 239 390
  75 207  60 337
  39  80 199 185  89
 260  50 288  76   3  11  23  56 144 231
 101 188 168 341 103 284
 350   4 236 257  24 325
 287 255 135 368  18 280
 344 210  57   3
 224 296 150 354 192 229 234 255 366
 209   7 140 346  33
 240 270 213 216 285
 290 279 166 102  49  61  83 173 180 375 389
 374 348 260 144 155 295
 317  88 109  31 268
 260 341 211 220 144 155 372
 102 371 166 295
 277  44  76  39  32 257
 209 225 327  17 140 196
 221 197 104 328   1   7  30 110 114 181 209 215 291 346
 232   6 310   8
 118 348 322  27 313
 168 341 200 308 178
 338  35 316 346  30 133 139 224 275
 334 126 102  19  92 202 293 387
 217  72 113 126  58
 184  18  75 245
  86 343 225  74  27 162 304
 202 293  70 383
 125 123 150 218 175 340
  68 151 295 371  22 112 116 355
 286 212 360 319  42 229 312
 301  90 321 157 252 302
