 245 229 247 157  90
 137 335 172 314
  49 229 122 245 155 332
 260 156 346 391  15 114
  12 198 306 346 311 337
 251 201 139  60 220
 377 322 317 226  56
  46  93  97 328 198 337
 343 289  27 109
 281 140 156 171 136 180 198 243
 352 346 191 343 118
  24 355 194 140 197
 346 162 391  55   4 114 120 191
  56 254 262 377
  64 384  76 376 173
   3 286 156 114 135
 214 347 369 391
 303  64  58 194
  20 204 216 222 175
 157 302 185 371 158
 204  18 216 222  51 385
 306  82 274 120
 355 303  24 295 208
 371  54 286 340  90 122 278
  11 104 171 295  22 191 303 342 355 374
 384 334 374 105 192
 310 330  81 179 181
 315 316 364  55   8 199 233
 244 250 163 296  30  70 126 255 297 381
  48 163 250 174 341
 296  28 381 294 141 160
 109 343  68 388 131
 210 150  43 107
  84  41 150  63 236 324 362
 129  44  69 217
 390 291 378 110 325
 329 109  50  59  93 165 199 202 248 273
  84 354 263 168  39 128 221 361
 149 316 315 123 215 277 289 291 294 360
  52  41  37 324 112 179 220
 243  54 198 214  44 338 372
  84  33  43 107  39 236 324
 238  76 327 245 192 218 242
  84 138  41 150  32  88 362
 180  40 205 230  34
 359  53 203 367 124 133 217
  58 109   7 209 141 312 363 365
  66 339 134 198 147 338
 163 174 132 304  29 100 244 255 309
   2 122 229 116 144 155 298
 329 223 301  36 202 248 266
 186 216  20 182 135 240
  39 111 128 231 179
 359 313 256 211  45 124 217
  23 286 371 349  40 164 185 278 340
 364 162 346  12  27 142 233 290
 317 254   6 322  13
 258 211 121 256 299
  46 109 355 343  17 160 194 303
 199  36 376 202 248
 219 375   5 251 220
 367 293 264 359 252
 163 123 291 149 200 294 308 309 318 378
 101 168 152  79  33 112 265 324
  14 312 384 352  17  73  80  99
 105 160  76 238 192 208 234 333
 386 239 299 360  47 117 147 210 241 339
 288 384 238 105 267 271
  31 295 137 270 102
  95 146 143 342  34 213
  28 297 244 250 253 381
 261  94 174 237 103 287 307 318
 284 227 299 280
  64 283 142  74 118
 170 348 228 162  73 289
 185 370 246 157
 105 288 238 327  14  42  65  83 145 376
  78 105 305 271  80  92
  77 105 238 271  92 305
 101 152 215 297  63 272 326
  99  77  64 305  92
 350 166  26  96 127 231
 281 230  21 323 156
 145  76 176 153 234 278
 263  37  33  43  41 107 265 324 354
  88 236 207 212
 126 212 253 390 169 184 207 366 379
 344 366 253 184 154 213 221
 236 138  43 212  85 167
 306 274 120 114
 259  23   0 314 116 122 161 216 332
 258 256 211 357 235 313
  77  78  80 218 358
   7  36 183 347 337
 261 237  71 331 131 159 328
 157 342 137 171  69 146
 181 262 377 330  81 383
 162 121 280 228   7 193
 318 308 367 244 252 257 368 390
 117 206 113  64  80 178
 108 309 123  48 132 151
 152  79 190 360  63 189 326
 374 295 171  68
 308  71 287 304 151 285 307
  24 171 223 295 266 352
 288 384  76  67  25  65  77  78 160 238 363
 177 319 120 331 187 292
 150 210  84 125  32  41 375
 382 174 209 100 132 140 188 205 304 309 388
 343 355 121  31   8  36  46  58 195 225
 206 113 269 249  35 365
 179  52 128 330 310 361
 373  39 327  63 383
 249 110 119  99 117 173 178 206 232 333
  89  12 391   3  15
 175 204 222 385
  49 122 161  90 298
 206  99  66 113 147 336
  73 290 255  10
 312 239 113 141 232
 274 177 306  12  21  89 106 293
 196 258 109 357  57  97 290
  90  49  23 116   2 161 332
  62 309  38 174 100 294 308
 359  53  45 274
 241 107 300 219
 250  28  86 297 207 253 263
 350 268 167  81
 236  37 354 361  52 111 310
 158 349 243 279  34
 340 389 279 158
  31  94 294 341
  48 174 100 108 292
 293 274  45 306 272
 280 170 283 228  47 142 219 251
  51 164  15 332
 156 352   9 266 336
 295 171 172 270   1  68  95
 212  43 368  88 167
   5 201 251 145
 209 108 230  11   9 197 205 281 352
  46 239  30 119 160 365
 283  55 134 290  73 219
 213 157  69 285 155
 302  49 155 314
  76 327  83 165 139
  69  95 218 320 226 275
  66 339  47 117
 364 264 225 277
 291 316  38  62 215 315 367 378
 210 107 386  33  32  43
 103 308 195 100
 101 190 360  79  63 189
 172 288 353 270  83 176 245 246
 344 184 307  87
 144  49   2 143
 391 214   9  82   3  15 136 311 349
 353 247 314 270   0  19  75  95 143 302 342
 130  19 185 342 129 356
 230  94 237 209 195 328 345
  58 141  30 105  65 178 333
 218 116  90 122 224 356
 346  55 283  97  12  74 193 228
  62 244  48 250  28  29 255 308 318 378
 349 371 259  54 135
 202  36 329 223 145 186
 262 350  81 268 377
 272 138  88 373 127
  63 354 265  37 221
 184 257 253  86
  74 280 134 228 189 190 227 284 300 348 360
 295 104  24 137   9  95 102 266 342 370 391
 270 153 137 223   1 183 273 353
 232  14 376 113 336
 108 304  48 123  29  71 132 287 341 382 388
 222  18 204 115 385
 246  83 153 327 186
 120 106 274 306 187
 113  99 333 160
 111  52 310  39  26 361
 198 205 230   9  44 338
  96 377 262  26 254 322 383
 183 186 286 301  51 240
  93 172 276 391 182 186 273 335
 169 257 344  86  87 154
  19 302  54 371  75 158 298 356
 182 165 183 176  51
 106 177 293 319
 382 108 304 249 380
 190 152 101 170
 360 170 277 152 101 189 284 386
  24 346  12 343  10
 238  65  25  42 242
 194 346 162  97
 343  11 193  58  17 260 348
 109 355 351 159 151 305 345
 121 258 290 256 292
 209 140  11 352 320 345 380
 281 348   9   7   4  40  47 180 243 334 372
  59 376  27  36
  62 380 308 381 285
   5 139 251 220
  50  36 165 329  59 248
 261 258 331 357  45 282 318
 222  20  18 175 115 385
 309 108 382 140  44 180
 117 110  99 113
 212  86 126 253  85 379
  22  65 353 341
 140 197 108 352  46 159
 150 299  66 386  32 107 362 375
 258 357 359  91  53  57 235 256 364 367
  86 366 368 138  85  88 207
 143 285  69  87 226
 391 281 156 347  16  40 243 349 369 387
 149 316  38  79
  18  20  90 335  51 332 385
  53 313  45 359  34
 161 245  42 229  92 146 224 226 242
 134 280 251 142  60 125 240
  60 201   5  39
 354  37 168  87
 204 175  18  20 115
 329 104  50 295 165 172 301
 242 161 356 218 275
 148 277 341 109
 213 146 358 218   6 275
 360 280 170 228  72 284
 280  74 162 170  97 134 227
 245   0 246  49   2 218
 159 140  82 261  44 180 281 282 328 369
  52 330  81 310
 119 113 380 384 173 325 333
 315  55  27 364 337
  65 334  83 384
 290  91 211 258 339
  88 354  33  41  85 128 379
  94 261 159 331  71 287
  67  76 105 288  42  65  78 192 267
 299 119  66 386 141
 251  51 219 182
 300  66 125 386 251 375
 224  42 192 218
   9 281 198 214  40 129 372
 163  28  48 250  70  98 253 257 269 296 297
   0 229 246 153   2  42 218
 245 153 353 176  75 229
 321 157 389 314   0 259 335
 202  59  36  50
 113 304 309 255 110 188 366
 163  28 244 297  29  70 126 255 381
   5 219 134 241  60 139 201 240
 367  98  61 390
  70 126 297 244  86  87 169 207 263 344
 377 181  56  13
  48 163 250  28 118 249
 258  91 261 211  53  57 196 282 313
 184 169 244  98
  91 211 357 256  57 121 196 203 235 331
 321 371 389 247  90 164 279
 329 346 301 194   3 374
  94  71 357 331 203 230 237 256
 166 350  96 377  13 181 268
  84 126 368 253  37 265
 293 148 331 357  61
  84  63 168 263
 104 171 295  50 136
  67 238 288 320 271
 350 166 262 127
 390 110 244 308
 172 137 295  68 153 157 273
  77  78 267  67
 326 133 167  79 373
 270 172 183  36 373
 120 306 177  21  89 124 133 293 311
 226 358 146 224
 301 314 353 183 286 340
  38 357 316 364 148 190 225 280 319
  83  23 286  54
 130 389 259 340 129
 228 134 170 277  72  97 219 227 284 300
 140  82 230   9 198 214 243 323 328 374
 230 203 331 256
 162 134 348 346  73 142
 280 190 170 227  72 326
 103 320 200 287 143 213
 370 301 276 353  15  23  54 182 278
  71 308 174 237 103 285
 105  67 329 384  76 153 238 267
  38  74 315 309   8
 196 121 315  55 118 142 235
 149  62  38 378  35 299 390
 132 196 106 315
 331 264 274 120  61 133 187
 123 308  62  38  30 131
 171 137 104  24  22  68 102 223 266 270 347 370
  30  28 244 297
  70 250 244  28  79 126 253 296
 116 302 185  49
 239  66 291  57  72 210
 280 170 360 386 125 241
 260  50 329 223 182 276 286 370
 157  19 185 371 144 298
  17 355  58  24  22
 174  48 108 249 103 188 305 341
  77 304 195  78  80
  21 274 120 177   4  89 133
  71 308 103 318 154
  62 294 163 123  98 103 151 200 269 287 307
 123  62  48 108 100 205 249 289 382
 330  26 128 111 179 231
 323   4 274 156
  64 384 119  46 334 363
 256 323  53  91 217
 276 157 247 371   1  90 144
  27 316  38 149 233 289 290 292 319 339
 149  38 315 364  27 215 277 319
 322 358  56   6
  71  62 163 203  98 307
 277 106 316 315 187
 380 197 267 351 146 285
 247 259 335 371
 317   6 181 358  56 383
 313  82 281 311
  33  63  41  84  39
 365  35 232 366
  79 272 101 284
 376  76 145  42 112 176
 230 281 159  94   7 372
 223  50  36 260 165 202 288 301 374
 310 111  26 231  96
 261 357 258  94 106 203 237 264 282 293
 122   2 216  90 135
 160 113  65 232 178
 384 312 198 374  25 234 336
 321 247 183   1 216
 173 136 334 117
   4  93   7 233
 180  47  40 339
  47  66 315 235 147 338
  23  54 130 276 279
 174 304 355  29 131 208 225
  95 171 157  24  69 158
 109 355  31 194   8  10  58 191 351
  87 184 253 366 154
 195 159 197 352
  12 162 260  55   3   4  10 191 193 283
 391  93 295 214  16 369 387
  74 283 194 170 198
  54 371 156 214 129 164
 166 268  81 262 127
 355 388 343 195 320
 209 355 104 140  10  64 136 197 345
 172 157 276 153 208 246 286
 168  37  84 221 128 236 379
  11 343 109  24  22  58 195 303 341 351 352
 185 158 224 161
 258 211 261 364  91 121 203 264 277 331 359
 226 317  92 275 322
 211 367 357  53  45  61 124 217
 190 386  38 170  66 101 152 227 300
 128  37 179 111
 375  33 210  43
  46 105 365 312
 357  55 316 211  27 148 233 277
 363 110 141  46 325
  87  86 212 249 325 344
 359 211  98 149  45  61 252
  98 378 263 390 138 212
 387 214 347 230  16
 286 301 171 295  75 389
  23 259 389 314  19  54 164 185 302 321 349
 243 198  40 328
 112 167 273 272
 329 260  24 281  25 102 334
 362 210 241 107  60
 199  59 327  76  14 173
 181 254 262 166   6  13  96
 291  62 149 163  35 368
 236 354 207  86
 320 197 382 188 200 232
  30  28 250  70 200
 108 188 309 174 205 380
 112  96 181 322
 105  67 288  64  14  25 232 234 312 334
 204 216  20 175 115
  66 360 239 190 150 210 241 300
 369 347 214 389
 108 174 351  31
 371 247 370 259 130 279 387
 269  35 291  98  86 252 368
 171  12 214 347   3  16 114 156 183
