  16  88 229  96
  74  85 243 117 107 195
 321 175 293  24  44 137 246
 158  29 253 380  45  69 228 236 272 351 367
 113 301 128 181 105 147
  14 357 130 182
 370 355 389 157  37 259
  17  30  64  66  53
  96 353  25 371 365 376
 277 339 279 254  92 142
  99 118 251 136 134 297 372
 339 129 217 309
 333 206 317 174  64  77
 214 116  83  68
 182 271 363 387   5  42 348
 154 332 122 157  34 173 189 295 358 388
  25  19 216 353   0 167
 249 230 201  66   7  97 197 198
 385 349 222 388 168 330
  25 353 180  16  83  93  96 116 167 347
  54 204 157  31  22 161 186 199 274 293
  38 362 364 319 145 307 325
  43 262 204  20 178 194 284
 313 339 135 242
 175 268 211 321   2 106 171
  19 353  16 167   8  68  93 116 180
 231  89 335 277 303
 313 380 351 158 327 354 363
 126  29 253 250 130 310
 253  28 250 174   3 126 130
  66 123 159 206   7
  90 122 211 321  20  34 114 160 186 252 284 332
 383 334 248 387 325
 291 230 250 249 170
 154 388  15  31  63 125 127 162 287 311
 212 382 184 366 307
 358  58 288 148
 259 314   6 247 165 202 208 256 345
 364  21 331 272 307 325
 148  46 199 154  59 161 232
 236 319 135 334
 377 212 104 224 153 302 366
  76  14 135 142
  22 247 321 157 137 178 208 262 389
 389 203   2 175 246 376
 197   3 253 249  51 271
 388 148 160 199  39 189 218 299 323
 159 181 356 177  98 123 147 265 354
 132 250 108 304
  83 371 270  92 121
 146 260 376  76 303
  45  60 198 197
 285 179  78  77
 384 140 170   7 357
 157  20 122 204  59  90 143 199 247 259 329 370
 320 261 198 150 217
 349 314 229 385 330
 361 285 255 328 302
 369 131 344 337  36 234
 204  39 199  54 138 288
 147 201 177  69  51
  73 334 151 391 121 182 310
 108 304 132 196
 218 252 188  34 110
 201 367 280  12   7 210 220
  95 161 360 185
 230 201 291 300   7  17  30  75 386
 144  77  78  92 365
 167  25 116  93  13  83
 356 367   3  60 179 236 387
 326 244 191 169
 115 378 255 346
 357 298 192 273
 334 151 383  61 102 310 387
   1  85 243 263 107 275
  66 230 119 300 207 289
 176 345  42 288  50
  78 248  12 317  52  67 144 350
  77 248 317 257  52  67 350
 284 315 390 200 145
 391 254 313 334
 333 136 292 301 128 181 372 375
  85 328 140 263 219 384
  49  19  68  93  13 155 256 371
 375 297 326 301
  74   1 243  82 234 368
 330 360 349 152
 200 343 381 211 137 308 324 341
 262 216 143  94   0 120
 335  26 142 176
  31 122  54 157 138 154
 359 115 378 261 221 281 316 336 342
 144   9 270  67  49 267
  25  19 353 116  68  83 165 202
 203 143 186 321  88 120
 360  65 274 222 101
   8  19 270 180   0
 190 198  17 207
 265  47 181 258 105
 136 118 251  10 129 134 279 309 375 383
 109 382 212 103 260
 107 120 274  95
 144 257  73 290
 255 377 172 153 100 184 296 366
 224  41 150 377 226 234
   4 147  98 372
 332 211 235  24
 275 101  74   1
 132  48 304 250  62
 100 382 212 306 124
  63 252 287 162 368
 112 290 375 248
 266 279 251 372 111 290
 269 169 244 128   4 132 206 209
 349 222  31 388
 378  91 261 282  71 281
 180 353  25  19  13  68  93 165
 282 140 294   1 207
  99 136  10 375 129
 300 238 177 201  75 207 294
 274  88 203  94 101 146
  49  61 371 142
 157 321  31  90  15  54 175 211 295 332 370
 159  47 237 340  30 133 139 205
 308 192 287 109 273 318
  34 131 311 187
  28  29 130 253
  34 203 211 321
 301  81 333 113   4 206 283
 136 169 118  99  11
 126  28  29 250   5
 235 187 344 332  58 125 369
 108  48 317 113  62 304 361
 123 205 354 159
 251  10  99 266
 313 236 391  23  40  42
  99  81 118  10 129 292 309 375
  43   2 389  87
 306  90  59 311
 282 205 123 378 195 296 338
 282 261 117  53  82 219 384
 193 178 194 299
  89   9  42 176 121
  94 321 262  54  88 240
 102  67  77  92
  79  21 345 381
  50 223 120 214
 181 177  47   4  60 105
  46  39 388 199  36 227 358
 378 320 261 197 342
 224 261 378 320  55 104 184 190 328 352
 322 254 266 383  61  73
 232 360 194 247  86 314
 172 103 296  41 348
  15 388  34  90  39 173 245 323 332
 214 223 208  83
 196 159 163 237 289 331 361
  54 122  90 370   6  15  20  43 203 247 293 295 321 329 355 389
   3 356 237 244  27 228 363
  47 356 237 156  30 123 133 196 280 331 340 354
 252  46  31 204 173 323
 199 232  39  20  65 274
 110 343 287  34
 237 156 317 257 196
 306 225 337 188
 353  93 116  37
 183 365 214 379
  25  68  16  19
 381 341  18 193 227
 269 113 326 244  70 129 297 301
 249 210  33 326  53
  24 178 175 188 315
 153 103 328 296 220
 332 160  15 154 323
 269 356  29 333  12 257 280 283 367 380
  24 321 389 122   2  44 171 246
  76 232 347 330  89 142
 238 147 181 119  47  60 241 249 258 300
 286  22 284  43 141 171 373 390
  52  69 361 285
 353  19 116  25  96 347
 380 147  81  47   4  98 177 265 351 372
  14  61 334 363   5 348
 365 166 223 214 278
 255 346 103 150  35
 216 262 229 247  65 240
  20  94 321  31 268 293 343
 131 235 337 188 125 226
 311 252  63 218 164 171 187 233 344
 388  46  15 314 217
 378 150 346 198  97
 257  70 209 269 228
 287 235 308 124  72 226
 324 168 306 341 141
 247  22 262 204 141 152 299
 338   1 221 139
 156 163 237 159  62
  45 249  17 201  51 149 198 271
 197  17 378 205  51  55  97 190
 161  46  54  20  39  59 148 218 274 329 358
 381 341  87 343  79 225 324
  66 249 300 230  17  60  64 119 197 210 241 291
  37 345 232  93 217 256
  94 157 295 321  44 120 127 329
  20  54 222  22  59 160 194 284 385
 282 300 359 123 133 139 198 219 261 289
 269 317 128 113  12  30
  97 117  75 119
 341 381  37  43 155 213
 113 269 191 292
 170  64 201 249
  31  24 321 122  87 106 127 252 268 284 287 343
 382  35 225  41 100 109
 373 208 312 390
 155 223 362 231  13 146 166 183
 258 313 309 242
 185 262  16 240  88 347
  11 189 202  55
  46 252  63 199 188 233 299
  82 140 261 205
  64 291 172 367 281
 316  91 359 195 338
 349 204 385 360  18  95 114 229 343
 214 183 155 379 146
 150 352 104  41
 164 200 382 306 212 337 377
 187 243 192 104 276
 168 148 344 388
 158   3 191 313 350
 349 222 185 360   0  56 335
  66 291 294 201  17  33  75 249 304
 277 362 214  26 335
 152 314 161  39 176 202
 298 218 252 188
  85 243 104  58
 131 344 337 187 106 192 368
 313 391   3  69  40 135
 340 159 123 163 156 158 196 331 354 367
 177 241 119 300 386
 354 340 319 331 276 327
 216 347 185 143
 238 177 201 300
 305 313 375 391  23 215 364
   1  74  85 263 226 234
 169 269 113  70 158
 311 388 385 154
  44 175   2 268 264 273 278
  54  43 321 157  37 152 185 194 259
  77  78 257 290  32 111 319
  17 201 230 177  33  45 170 197 210
  29  48  28 108  33 130
 134  99  10 279 112 290 309 322 383
 160 218 211  31  63 110 188 233
  29  28   3 326  45 126 310
 151 322 305 279   9  80 277 350
 103 184 366 328  57  71
 379  37 202  83
 191 163 174 290  78 102 248
 336 215 177  98 359
 247   6  54  37
  50 376 303 100
 378 320 140 205  55  91 115 149 150 219 282 328 346 352
  22  43 370 216  88 143 185 194
 275  74 368 243  82 318
 278 308 246 374 379
  98 181  47 380
 112 279 322 383 134 151
 270 371  92 376
  24 211 186 321 246 286 287 308
 169 113 174 206 191 209 244 301 326
 267 371  96  92  49
 387  45  14 197
  38 364   3 351
 246  72 278 124 276
  95  20 199 161 101 120
 263 368 318  74 107
 303 226 273 239
   9 254 305 231  26 339 362
 264 183 246 365 273 374
 251  99 266 383   9 112 254 309 339
 356 159 174 283  64
  91 320 115 220 342
 205 140 139 261 115 117 296 346
 333 174 128 380 280
  22 204 211  31  79 178 315
  52 366 179  57 302
 178 268 343 287
 268 343 211  34 110 124 162 192 286
 345  36  59  76
  75 156 361 205
 257 297 112 251 102 111 248
 230 201  66  33 220 294 361
 326  81 333 136 209
   2  20 186 157 298
 230 304 291 119 117 361
 157 122 321  15 203 298
 346 282 103 139 153 172
  84 326 169  10 290
 332 233 295 293  72
 330 218  46 194 141
 119 238 201 177  66  75 205 241 336 386
 128  81 169 269   4  84 317
 366 285  41  57
  26 327 260  50 276
 294 108 132 230  48  62 386
 242 391 254 313 277 362 364
 164 225 337 382 109 138 193
  38  21  35 373
 268  87 124 192 264 374
 136 279  99 251  11 215
  28  73 253  61
 245  34 188 388 125 138
 365 374 373 213
 242 391  27 236  23  80 135 215 228 305
 232  56 152  37 189
 284  79 341 171 390
 221 338  91 359
 206 132 301 163  12  77  78
 275 263 124 368
 354  40 239 248  21 325 327
 261 378 149 328  55 150 281
 122  31 157 175   2  24  43  94 127 143 186 203 211 247 268 295
 151 383 372 251 254 266
  46 160 154 173
 193  87 341 200
  32 319  38  21
 292 169 333 269  70  84 170 253 297
 239 319 354  27 303
 320 261 150 378  57  82 172 255 352 357
 157  54 203 199 358
 360  18 299  56  86 176
 159 156 354 237  38 239 364
  15 154  31 122 106 131 173 298 369
  81 326 128 283  12 174 292
  73 391 383 387  32  40  61  80 182 363
  89  26 231 229
 258 359 300  91
 344 235 306 225  58 164 187
 195 316 221 139
   9 279  23 277  11
 237 123 159 367 239
 381 200  87 208 168 193 315 324
 149  91 281 378
 211  87 222 186 162 200 286 287
 337 235 131 188  58 227 369
  76 202  37 288 145
 282 296 378 261  71 184 190
 240 216  19 180 176
 363  14 182 153
 222 229  18 114  56  86 360 385
 228  77  78 254
 380 181   3 391  27 272
 150 224 328 261
  19  25 180 116   8  16  93 165 376
 237 159  47  27 133 239 319 327 331
 389   6 370 157
 367 174 159  47  69 158 280
  72 384  53 328   5
 199 329  15 148  36
  91 205 336 258 221 316
  95 222 349 330  65  86 152 229
 156 294 291 132  57 179 289
 277 214 231 305  21
 334 348 158  27  14 182
  38 331 242 305  21 272
 183   8  67 166 278 312 379
 103 285 255  41  35 302
 356   3 237 174  64  69 220 340
 235 110  85 263 275 318
  58 131 332 344
 157 389 122  54   6 262 355
  49 270   8  83 121 267
  81 181 383  10 105 112 322 375 380
 390 213 178 312 307
 264 312 278 308
  99  81 372 136  84 111 118 242
 267  44   8 353  50 260
 103  41 382 225 104
 261 115 320 149  71  91 139 150 190 198 328 342 346
 166 365 223 264 256
 181 351 174 372   3  27 265 283
 341 200  87 168 145 208
 212 225 306 109  35 100 377
 251 322  99 372  32  73 151 266 279 334 391
  53 357 140  82
  18 222 349 204  56 245
 304 300 238  66
 334 391  69  73  14  32 271
 154  46  34  15  18 114 148 189 227 245 311
 370 157 175  43   6  44 137 355
  79 373 178 315 213
 334 313 383 351  61  80 135 236 242 305 387
