 175 202 262  33  95
 259 188 110  42
 222 229  59  65 183 258 276
 151 232 266  61 102
 326 313 243 290 241
 384 206 364 277  92
 153 317  49 312  16  23 106 140
 310 330  75  85
 135 167  24 352  31  56 105 234
 251 322 292 383  81  99 118 290 326 357
 113 383 279 118  47 134
 348 376 277 342 346
  97 290 356  60  38
  70 158 309  84 191 232
 142 339 170  72
  34 333 146 239 187 240 256
  23  25   6 216  89 131
 375 356 198  74 130 334 348
 229 116 385 175  41 314 343
 233 107 211 171
 204 229 335 160 323 343
 298 259  42 144 145 317
 360 161  83 245 195
 140  16   6 370 106
 137 180 167 135   8 109 316
  16 319  41 314 226
 194 191 122 303
 119 104 306 255  71 164 203
 250  86 297 249  29  48 269 300
  61 257 250  28  48 130 236 269
 227 331 148 100  63 101
 135 311 192   8
 372 337 263 242
 267 190 245 340   0 189 202
  15 256  51 187  44 111
  57 272 154 209 307 352
  83 114 161 109
 209 109 272 135 289
 294  12 358 356 369
 199  59 229 341 138 363
 282  45 230 304 201 236
  69  18 216  54  25 319
 145 259 188  21   1  90 122 288
 349 208 141 221  94 293 299
 121  51  34  53 256
 330 253 124  84  40 107 108 236 282 309
 165 199  59 229 314
 313  10 383 322 332
 250  28  29 249 163 236
 220  64 312 118   6 106
 123 284 382 100 264 359
  34  44 127 121 369
 119 255 355 197
 217 336 374 338  44  62 243 281
  69 183 216 175  41 125 150 314
  82 146 333 219 192
 234   8 293 105
  35 272  79 344 103 133 159 162 180 200 213 265 307
 302 185 312 260 252
 165 341 196 229   2  39  46 199 273
  99 280  97 290  12 207 210
  29 257  74 266   3 130 384 387
 243 338  53 217
 100 227 327  30 101 285 291 359
 339 283 220 292  49  72 350
 222 199   2 363 150 183 258 388
 214 377 365 334 294 371
 212 261 301 137 154 176 228 379
 120 260 185 134
  54  41 314 175 226 246
  13 158 297 309 191 248
 164 203  27 379
 220 112 339  64  14
 204 231 242 335
 182 336  61 257  17 130
   7 310 176 330
  91 378 320 327 190 237 291
  78 296 227 378 211 275 331 391
  77 331 227 296 211 275 391
  57 159 272 265 133 162 224 352
 230 128 129 367  88 155 233 278
 113 251   9 118 136
 333 146 306  55 219
 355 161 360 137  22  36 109 114 178 212 296
 253 124  45 330  13 156 325 328 380
 219 215 176 146   7 177 228 248 301
  28 249 174 297 169 244 269 351
 225  93 263 349
 128 230  80 336 201
 321 131  16 252 163
 370 172 216  42 153 157 246
  76 308 193 327
 364   5 271 115
 354 225 341 167  87 105 168 196 231 247 263 315
 299 195  43 349
 385 262   0 175
 350 170 102 365
 290  12  60 113
 174 304 177 253 107 300 318
 112   9 251 136  60 207 254 357
  63 227  30 148  50 284 382
 115 223  30  63
  96 232 233   3
 307  57 133 235 361
 306 119 239 380  27 215
 168 315   8  93  56 240 293 373 390
 270  49   6  23
 177  45  98 253  19
 309 156 250  45 132
  37  83  24 161  36
 115 144   1 259 270 359
 187 256 240  34
  99 142 339 254  72 283 386
  10  81 383 322  97 120 136 279
 171  83 119 212  36 211
 223 271 101 110  92 144 194 391
 385  18 175 370 343 389
 171 197 261 164 148 329
 292 322 383   9  10  49  81 279
  52 255 104 306  27 114 171 366
 274 134 279 113  68 371
  44 230 374  51 281
 172 259 145  42  26 303
 223  50 271 148 218 264
 330 328  84 253  45 248
 388  54 353 183
 257 181 277 348
 325  51 164 130
 129 336  80 230  88 132 282
 128 152  80 336 139 278
  74  29  61  17 127 325
 321  89 166  16 163
 108 304 128 309
  57 337 159  79 103 147 273
 279 292 274  10  68 120
 167   8  24  31  37 311
  99  81 113 251
 212 149  24  83  67 261 295 316
 305  39 196 293
 129 152 205 336
  23 317 270   6
 340  43 208 267 195
 339 112 283 357  14 179 254 377
 186 353 216 246
 271 115  21 259 110 145 270 288 298 317
  42  21 144 259 122 172 288 303
 333  82 306  55  15  85 192 268
 378 133 159 184
  30 117 223 378 100 123 218 284
 316 137 209 212 234 295
 353 183  65  54 166
 266   3 387 339 332
 205 198 129 336 139 210
 172 157   6  90 288
 379  35 272  67
 367  80 230 374 286
 328 253 309  84 108 232
 153  90 353 172 166 226
  70  13 215 169 238 347
  79 184  57 272 133 147 224 344 378
 165 221 204 231  20 276 324 372 381
  83 360 272 355  22  36 109 213 237 245
  57 265 225  79 203
 252  48 131  89
 171  71  27 239 117 127 203
 160  59 341 221  46 204 381
 131 321 150 157
 225 272 135  93   8  24 349
 221 231 242  93 105 299 372
 244  86 297 351 158
 365 350 283 277  14  96
 117 114 164 119  19 211 329 379
 370 122  90 145 153 157 303
 213 362 305 247 264
 297 253 249  86  98 215 250 304 318 351 380
 262 385   0 222  18  54  69  95 116
  85 268 310  67  75
 215 219  98  85 107
 355 296  83 360 202 218 285 366 368
 142 283 348 339 332
 354  24  57 213 315
 257 182 126 338 241 386
 336  74 230 205 181 201 287 367 375
 222  54   2  65 125 150
 378 159 197 272 147
 302  58 312  68
 143 353 246 216
  15  34 240 390 111
  42   1 382 259
 202 195  33 267
 291 296 227  76  33
  13 248 194  70  26
 311  31  55 146 289
 225 265 320 208  91 224 237 305
  26 391 115 191 275
 267 245 141  22  94 189
 341 354 337  93  59 138 305
 235 184 255  52 117
 152 205 336  17 376
 229  39 222  59  46  65 363
 362 235 225  57 344
 230 182  40  88
   0 189  33 178 264
  71  27 162 164
 160 165 247 229  20  73 335 381
 336 152 198 182 139 210 384
   5 328 384 309
 280  60 290  99
  43 225 340 141 193 308
 352  37 212 272  35 149
 357  60 205 152 345
  77 114  78 171  19 275
  67 137 209  83 114 149 261 268 295 301 379
 180 173  57 161 245 320 362
 377 365 283 356  66 332 358
  85 104 219 174 158 177 228
 246  41  54  90  16 143 186
  53 243 336 338  62
 347 148 123 178 303
  85  82 306 215  55 177 239
  72  64 339 377  49
 324 168 160 165  43 231 276 299 372 373
   2  65 229 199 175 183 258 262
 123 271 115 148 101
 159 320  79 193
 265 354  93 167  87 162 193 200 208 272
  25 157  69 288
 331 296  63 190  30  77  78 100 285 291 368
 215  85  67 310
 204 199  59 222   2  18  20  39  46 323 335
  80 182 128 336  40  88 121 155 201 278 367 374
 160 242 221  93  73 168 247 373
 328 156  13 384   3 102 238
 367  19  80 102
   8  56 149 352
 362 200 197 344 103
  40  48  45  29
 320  76 193 161
 347 351 158 232 389
 306 104 333 219  15 164
 105  15 256 187 111 390
 181 243 280   4 386
 231 263 168 315  32  73
  62 217 338  53   4 241
 169  86 249 297 269
 161 213 360 340  22  33 195 267
 216 385  69  90 143 186
 204 173  93 231 273
 124 330  85  70 191
 174  86  28 318  48 244
  28 253 297 174  29  48 108
   9 292 322  99  81 136 280 290 326
  89 321  58 163
  84 156  45 124  98 107 174 250 328 330 380
 112 339 142  99 386
 119  52 306 355  27 197 366
  34  15 240  44 111
 126 181  61 277  29  74 338 376 384 387
 363  65   2 222 388
  42 370  21 144   1 110 122 145 188 298
 312  68 302  58
  67 212 301 137 117 329
 175 222 385   0  95
 315 242  93  87  32 349
  50 123 173 202 319
 225 162 354  57  79 193
  61 387 277 151   3
 141 195 245  33 189
 212 146 306 289 176
 244  86  28  29
 144 106 271 110 140 317
 223 115 144 123  92 270 347
  57 167 225  35  37  79 154 159 161 184 209 352
 133 341  59 247
 134 290 322 120
  78 194 211  77
 324 221 160   2 323
 376 257 364 126   5  11 170 266
 374 129  80 230 281
 292  10 118 113 120 134 312 371
 207 290  60 251 241
 374  53 278 121
 128 330  45  40
 142 339 377 112  64 170 179 214
  50 148 100 382
 327 178 227  63 389
 287 374 294 155 369
 286 336 182 374
  42 145 153 144 226
 268  37 192 311
  97   9 251 280   4  12  60 207 274 326
 190 227  76  63
   9 118 322 251  64 134 279 326
 105 362 305  43  56 138 323 390
  38 286  66 358 369
 149 316 137 212
 355 178  83 227  77  78 190 320 327 368 378
 174 250  86  28  70 169 244 351
  21 259 370 144
  94  43 168 221
 304  98 318  28
  67 261 212  85
 185  58 312 260
 172 145 122 218  26
 300  98 318 174  40 132
 196 173 308 193 138 293
 104  82 239 119  27 146 219 255 268 316 333
 103  57 344  35
 340 208 305  91
 156 108  45 328  13  70 132 206
   7  75 176 228
 192  31 333 135 289
 260  49 279 302   6  58 185
  47 322 383   4
  69  46  18  54  25 343
  93 354 263 180 105 242
 149 137 306  24 295
   6 144 270  21 140
 249 174 304  98 300
  41 361  25 264
 296 193  76 213 224 237
  89 131 166 252
   9 292 383 118  47 113 251 274 313
 276 229  20 293 361 388
 221 372 160 276 373
 127 130  84 380
   9 290 292 251   4 345
  76  63 378 296  91 285
 156 124  84 253 206 232 309
 171 261 117 379
 124  45  84 253   7  75 248 282
 227  78  30  77
 179 151  47 214
 146  82 306 239  15  55 311
 356 358  17 375  66
 204  73 229  20
 205 182  74 152  53  88 128 129 139 198 217 230 287 374
 196 341 133 354  32
 375 243 257  53  62 181 217 356
 142 112 283 357  14  64  72 151 179 220 254
 141 308 208 245  33
  93 196 165 354  39  59 273 337 381
  11 346 364 376
  18 116 314  20
  57 307 200 159 235
 358 210 326 377
 364 342 376  11
 218 238 158 271
 179 126  17  11 364
  43  87 167 263  94
  64 170 365 377  96
 174 297 169  86 238
 209  79 272  35   8 234
 143 150 186 157 125
  93 225 265 196 180 315 337 341
 296 178  83 360  52 161 255 368
 375  17 338  12  38 214 334 358
 142 339  99   9 210
 345 334 356 214  38 294
  50 382  63 110
  83 355 161 178  22 245
 319 323 362 103
 235 200 213 173 293 361
 199  65 258  39
 376 277   5 348  92 342 346
 214 170 377 350  66  96
 255 178 368 119
 155  80 182 230 233
 178 296 227 355 366
 286  38  51 294
 259 172 298  90  23 116
 120  66 279 377
 324 221 160 168  32
 324 105 231 221
 278  53 336 230 121 155 281 286 287
 338 356  17 182 334
 277 364 198 257  11 342 346
 214 283 142 365  66 220 345 350 371
 184  76 296 159  77 147 148 327
 154  67 212 171  71 329
 253 104  84 174 325
 165 160 204 341
 100 188  50 284 359
   9 322 118  10  47 113 313
   5 257  61 205 206 232
 175 262  95 116  18 246
 112 181 254 241
 266  61 151 257
 125 258  65 323
 285 238 391 116
 187 240 293 105
 194 115  77  78 389
