 246 371 245 273  90 164
 314 172 371 153
 229 332 122  19 298
 189 346 260 162  15 114
 227 228 280 233 337
 251 139 201 219  60
 226 317 322 262
  79 121  46 299  93 227 326
 260 343 281 162  25
  11 290 194  28  73
 142 290  27 277 279
   9  24 343 194 197
 346 391 170 319 114 148 214 219 306
 350  56  81 231 268
  64  73  67 202 168 242 267
   3 219 251 283
 187 215 293 274
 303  64 260 194  25
 175 204  20 115 216
 229 247 270  54   2  92
 204 216  18 222 115 167 175 385
 306 364 148 215  89 124
 223 329  58 199 266 303 340
 182 286 176 288  49
 171 343 355 104  11 102 160 295 351 352
  17   8 105  67 234
 181 254  96 330
  58  46 190 277  10 142 374
 250 309 149 244   9  30 126 263
 382  48 250 108  68
  46  28 312 110 119 363
  68 171 295 137 183 276 370
  41 339 117 241
 150 324  84 300 372
 131  81 387 231 275
 291 249  86 110 207 212 361
 329 101  59 199  50  79  93 223
 249 188 269  70 173
 215 316 261 211 256 281 294 315 328
 373 112 273 133  52
 334 107 386 339 338
 198  63 241  72  32  88 362
 327 248  76 288  49  80 112 192 218 275
  88  53  84 138 338
 263 154 126 368
 367 203 230  98
  30  58   7 299  27 363 374
  66 150 339 210 125
  70 163 132 296  29 100 205 253 297 304 382
  23  42 182 176 155
 301 329  36 223 340
 182 139 240 286 135 220
 324  39 373 155
 215 256 211 124  43 217 337
 270 186 370 247  19
 316 315 211 162
 350  13 127  81
 277 357 299 378  72 107 177 284
 190 152 374  46  22  27 194 208
 199  36 376  63 129 165 202 266 349
 219 251 311   5
 367 331 318 274 252 293
 209 140 108 261  91 174 287 308 390
  76 199 101  59  41  83 131 373
  99 312  14  67  17  73  78 303
  76 288 327  67 192 234
  47 198  84 299 150 206 210 239 243 337
 376 288 238 199  14  25  64  65 168 202 271 278
  31 295 171  29
  87 146 388  95
  48 253 100 188  37 132 249
  94 174 388 103  82 255 264
 284  57 306 265  41
 348   9  64 194  14
 121 348 170 228  84 198 289
 185 267 353 153
 327 376  63 288  42  65  83 145 165 238 384
  78 305 271 363 105 158 333
  77 271 305  64 105 333
 109  93 159  36   7 133 326 347 364
 384 136  42 248 275 383
 231  34 350 220  13  56 127 268 310
  94 264 359  71 255 323
 145  76 327  63 176 192 278
 198  74  66 121  33  43  88 150
 338 236 212 128 111
 119 232 126 249  35 180 212 236 366 379
 366 320 103 344  69 146 221
  43 138  41  84 111 154
 274  21 120 114
 371   0 245 335 116 122 161 164
 258  62 209 140 359 361
  19 229 226 325 317
  79  36 193   7 272 372
  71  82 264 359 195 270
 320 157 351 342  69 146
 181 254 377 322  26
 162 228 346 121
 308 203 367 318  45 128 252 257 390
  64 117 312 206 136 336 354
 230 261  48 123  70 132 294 309 316
  36 329 391  63 152 286 349
 225 343  24 353
 344  71 255 388  87 143 184 285
 171 343  24 109 267 295 303
 160  78 267  77  25 302
 319 120 191 256 125 187
 241 339 386  57  40
 382 174  62 140  29 195 209 381 388
 343 121  79 159 104 191 225 346
 119  30 239 249  35 365
 336 379  85  88
 373  42 327  39 231 383
 249 304 188 140 178 365
  89 306  12   3
 175  18 204  20
 122 259 321  90 161
  99 312 147 384  32 136 206 334
 323 197 381 341
 239 110 126  30  86 168 232
 274 211 331 364  89 106 187 311
 109  74 357 291   7  84  97 159 196 235 282 378
 116  90 321   2
 296 294 297 261 100 126 163 250 309
  53 217  21 133
 300 106 280  47
 123 250 309  28  44  86 119 205 263 269
 350  56 373  81 179
 184  85 169  98
  59 165 266 248 279
 267 351 340 353 279
 248 387  63 288  34
  48 297  70 100 292
 306  79 159 364  39 124 272 337
 170 386 228 283 219 241
 220  51 201 139 231 268 350
 142 117  99 147  80 336 383
 381  31 195 388 157 276 320 345
 212  88 378  43
 240 251   5 201  51 135
 209  62 108 297  91 113 141 352 360
 360 381 365 140
  10 290  27 265 136
 344 103 321 285 144 213 298
 302 157 270 143
  83  76 327 165 240
  69  87 178  95
 339 117 265 386 136
 364 225  21  12
 291 230  28 211 156 244 282 292 315
  47  66  84 239  33 236
 368 369 244 363
 190  58 101 289 214 374
 353 172 176 223   1  75 245 246 278 324 371
  44 155 307  88
 154  49 307 302  52
 191 346 149 233
 302 137  95 160 144 270
 218  77 271 238 358
 109 364  79 121 133 235 237 357
 105 355  24 171 157 178 302 333 342
 218  90 116 224 356
 346 281 260 343   3   8  55  97 193 280 300
  48 296 123 297 205 250 287
 186  90   0 183
 286  59 199  76 129 145 182 248 349
 262 377 254 181 179
 179 222 204  20
 232  14 119  67 173 234 324 333
 257 184 308 366 128
 190 134  74 348  12 198 241 284 289 386
 295 104 343  24  31  68 160 276 351 355
 353 153 223 301   1 273 314 371
 366  37 232 168 221
 108  62 304 382  71 308 341 388
  18 115 204  20 272
 153  83  23 245  49 246 278
 277 306 357  57
 113 320 160 342 146
 167 166 127 262
  86 390 269 249 212
  96 254 377 322  26 166
 286 248 165  23  49  51 240
 276 295  31 370 164 186 273
 169 257 344 103 128
  75 267 245 302 356
 370  54 183 164
 106  16 120 191
 249 253 304  70  37 113
   3 348 260 194
  58 170 152 277  27 265 284 289 386 391
 343 109 156 316 106 187 292
  65  42 327  83
 346 162 260  93
 348 301  58 343   9  11  17  73 189
 137 355  94 108 320 345
 256 121 291 315 282 292
 309 209  11 304 118 200 341 345 366 381
  74 170  84  66  41 243
  59 376 329  36  22  63  67 165 202 288 349
 197 232 380 250 221 366
   5 139 251 240 135 220
 376 199  59  67  14
 230 261 318 331  45  98 269 307 367
  20  18 222 216 115 167 175 385
 309 163 126  48
 312  99  66 117 336
  35 212 390 249
 380  58 374 286
 140  62 108 297  91 197 287 345 352
 339 386  66 299  47 362 375
 258  38 256 230  53  55 120 149 215 274 313 367
  35 138  86 180  85 207 236
 285 226 298 143 325
  12 152 319 347
  38 316 211 256  16  21  53 274 328
  20 204 385  18 222 259 321 332
 124  53 263 313
 245 158 314  42 161 224 358
 134  12 251  60   5  15
 135  51 201 251  81 310
 366  87 173 200 379
 204  20 216 385 167 229 332
 301 172 329  36  22  50 153 271 353
 242 161 356 218
 148 109 343 295 102
 213   6 298 229  92 317
 228   4   7 306
 227  74 134 346   4  97 280 300 319 386
   2  19 222 332  92 226
 261 203 100 149  45 211 237 263 318 331
  81 112  34 135  13
  86 168 200 119 173
 315 319 364 156   4 311
 168  65  25 333
 121 378 159 357 243
 390 212  86 150  85
 159 357 263 230 307 368 369
  67 376  76 288 158 242 340
 119 299 110  66 150
 139 251 182 145  51 201
 107 134 386 170  32  41 251 375
 224  14 238 267 356
  66 198 235 283
  28 149 250 291 151 369
 153 353 314 176   0  90 185 218 246
   0 245 153 176
 321 389 259 335  19  54 270
 182 384 165 288  42  80 129 131 266
 188 253  70 309  35  37  86 110 113 180 207 305 366
 309  28 123 163  29 126 200 244
   5 139 219 241  15  60 201 220 240
 359 367  98  61
 304  48 188  70 249 269 305
 181  96 377 350  26 166
 103  82 264  71 285 325
 258 196 211  38  53 106 215 313
 169 184 308  98
 211 256 261 331  91 313 328 359
 335 321 247 216 116
 283 301 346 329   3   8  17 162 189 193
 230 203  38 100  62 123 258 294 318 328 331
 166 377   6 322 179
  28 368 230 126  44 217 237 307
  94  82  71 293 255
 142 284 384 190  72 147
 248  59 391  22 129 279 380
 353  14 351 104  75 105 130 185 242
 350  81  13 135
 126 253 203 309  37 180 390
 157 247  94  54  19 144
  77  78  67 223 158
 133 326  93 175
 371 183 172 314   0  39 324
 120 215 211 331  16  61  89 293 311
  80 379  34  42 383
 183  31 137 171
 190  57 177 357  10  27
  83 153 176  67
 266 130 129  10
 162 228 300 346   4 125
 315  38 162 364   8 300 319
 149 121 357 196 369
 260 134 346 348  15 243
  72  57 190 170 265
 213 344 255 103 143 325
 165 182 101 391  23  51 208
 163 209 318  62 361
  67 376  76 199  23  42  65 131 238 248 363 380 384
 152  74 190 170
 142  10   9 291
 149 121 378 196  35 244 290 313
 191 132 196 149
 274 331  61 359  16 264
 123 100 261  38 308
 171 104 343  24  31  68 183 225 351 370 389
 297 123  48 163 305 365
 296 123 140  48 132 163 209 382
 213 226 143   2
  57  46 239   7  66 210
 228 281 280 162  33 125
 223 260 343  50 172 194 353
 157 160 144 105 155 185
  17 104  22  64
 253  48 382 188 113 174 197 341
 296 249 253  77  78 365
 347  12 357  21  72 114 133 177 227 326
 318 203 263 237 154 155
  62  98 294 174 169 257 390
 250  28 123 100 126 197 205 249 269
 338 330  81 220
 120 319 274 233  60 362
  30  64  99 206 117 354 363
 211 256 291 258 217 323 361
 371   1 172 353 218 245 273
 281  38 316 149  55 196 233
  38 100 215 315  55 191
   6 322 226  92
 261 331 203 230  61  98 287 307
 281  12 364 228 106 214 233 311
  95 195 342 137  87 178
 259 247 335 216 116 122 143
 377 181 317   6  96 262
 359 367  82 313 118
  33 273 153 168  52
 285 255 213 344  92
 347   7 306  79 272
  76  42 145  83  65 112 192 373
 215 258  38 261 372
  36 199 101 260  22  50 223
 310 338 375 362  26
 230 261 258 318  61 120 203 274 293
   2 385 222 216 229
 160  78  77 168 234
 384 117 386  40 354
 259 389 247 370  90 321
  99 206 354 136 111 358 379
  66 133  53   4 372
  43  85  40 339 310 330
 210 147 386  47  32  40 107 338 375
  22  50 238 353 130
 197 304 174 381 118 360
  95 320 160 351 178
 109 171  24 301   8  11 102 104 162 191 194 225 295
 103 143 285 184  87 325
 197 195 209 137
 162  12 260 109   3  97 156 193 228 280 283
 391  79 214 306 326 369 387
 194  74 170 189  73 283
  59 101 199 165
 127  81 135  56  13 254 268
 171 355  24 295  95 130 267 342
 355  24 209 140
 153 172 223 301  75 102 130 245 267 314 340 371
 312 363 334  99 336 379
  24 171 352 351 160 195
 224 185 161 242
 121 364  57 159 177 235 237 277 282 306 378
 336 218 158 379
 367  91 323 258  82  94 252 293
 141 381 140 341
 313  35  91 287
 375  41 311 210 330
  46  30 312 288  77 151 354
 159 281 357  79  21 120 133 148 233 319
 113 305 296 110 141
  86 200 197 249  87 169 173 221
 359  98 211 203  45  61 252 323
 263 237 378 151  44
 347 244 237 282 151 387
 183 389 295  31  54 186 335
 314 353 172 153   0   1  90 273
  93 337  33 328
  39 112 327  63  52 127
  58 152  46  27 208
 362 339 210 241 330
 202 199  67  76  59 238 288
 181 322 254 166  96 262
 291  57 121 357 138 235 368
  86 354 336 221 111 275 358
 384 288 200 266 208
 137 382 197 108 118 141 341 360
 108  29  48 297 174 304 381
 275  80 112 136
 288 248  76 265  80 117 334 380
 216 204  20 222 332
 134 170 228 190  40 107 147 210 241 334 339
 391 369 347 131  34
 174 137  71 108  69 103
 370 295 335 247
  98  62 308 269 180 207 236
  12 101 190 347 266 286 387
