  95 101 329 248 105 276
 275 358  92 217 129 140
 273 124 246 295 187 306
 310  38 236 214  91 257 258 342
  66  81 282 134
   6 194 283 348
 164  25  41   5 183
  93 377  96  72 349
 370 199  63 218
 258 251 279  10  98 339
 251 134 375  81   9  99 113 279 290
 304 118 129 107
 329 245  64 255  16 128 130 363 376
  76 152 214 176
  59 373 283  83  73
 127  34  67 131  75
 143 368 329  12  53 170 358 371
  36 360 347 327 309
 385 259 216 116 104
 343 224 247 332  22 328
 222 204 262 315  85 229
 197  69 149 387  32 115 291
 157 328 173  19 379
 242 147 244 161 191
 389 246 124 321  31  57 110 131 154
 164 298  90   6  41 183
 146 214 159 364 262 315
 391 348 265 380 147 242
 300 250 356  48 169 184
 272  39 202 309
  35 239 378 123
 389 321  24 175 188
 291  21 261 104 115
 331 149 179 180  71 166 204 229
 127 171 103 109  15  75 388
 239 123  79 109  30 104
  17  59 199 220 105 347 348
 272 366 271  69 139 160 378
   3 310 149 214  91 166 342
 265 202 139  52  29 226
 198 282 292 333 196
 164   6 183  25 324 381
 202 260 145 327 185 309 319
  87 211 264 381 106 308
 287  67 203 207
 232 336  86 253
  51 223  59  50
 195 356 253 163  84 232
 128 250  88 112  28 126 195
 314 355 371 161  56  65 244 320
 248  59  95 220  46 260 327
 248  46 303 286 194
 213 139  39 150 103 116 141 190 226 272
 170 358  78  16  93
  90 175 303 286 385
 335 380 249 151
 307 291  49 299  65 270
 374  24 298 264
 212 369 352 298  68 145 289 360
 218 248 199 348  14  36  46  50  64 206 283 288 347 373
 377  96  78  77 201 209 234
 182 151 387  69 155
 263 275 368 143 328
 150 353 186 218   8 183 260
 223 329  12  59 233 376
  56 173 323  49
 290 134   4 113 252 282
 203  44 287  94  15  74
  58 352 360 369 174 324
 182  37 116 180  21  61 345
  84 244 210 297 269
 237 344  33 149
 357 246  93 273   7  82
 348 220  14 327 345
 282 107  67 207 121
 156 109  34  15
 176  13 214 152 372
  78 377  96  60 230 357
  77  96 377  60  53  88  94 357
 382 171 100  35 190
 383  91 334 135 191 198
 113  10  99 134   4 121 240 267
 287 203  72 268
 347 363 329 223  14 238 266 371
 297 316  70  47 253
 365 235 192  20 107
 380 249 330 231  45
  43 211 381 341 106 308
  48  78 128 243 230 318
 249 309  98 181 105
  25  54 175 164 295
 258 383   3  38  80 135 236 334
 243 217 112 301   1 129 350
  72 357  53 170   7
  96  78 203 318  67 117 184 196 207
 248 303 286  50   0 101
 377  60  78 243   7  77  94 234
 144 200 155 176
   9 258 313 339  89 142 177 181 231 281
  10  81 279 136 118 241
 382  79 222 225
  95 329 119 248   0
 223 233 195 206 111 168 369
 213 285 264  52  34
 306  35  18 123  32
   0  89  36 260
  43 211 308  87
  11  74  85 282
 304 369 127 132 317
 296 293 213 212  34  35  75 239
  24 389 246 124
 102 218 288 199
 217 243 350  48  92 209 230 294 300 301 336 386
  81 134  10 383  66 136 267 322
 311 278 308 235 337
 270  21 334  32 349
  52  69  18 213
 294  94 169 318
 241  99 136 292  11
 238 297 101 316 269 304
 274 290 125 134
  81  74 333 240
 370 154 286 298 175
 261  35 271 239  30 104
 273 246  24 157   2 110 154 295 343
 120 274 219 290 349
 297 250 195  48
  34 296 108 369  15
  48 250  12  88 328 350 358
 301 318   1  92  11 132
 250 255  12 245
 268  24 246 389  15 211
 203 108 129 318 304
 256 267 148 146 189 219
  10 375 251 290   4  66  81 113 120 274
 236 310 334  91  80
  99 292 118 113 191 270
 325 256 166 235 192 365
 180 182 153 172 299
 272  52  39  37 202 271 388
   1 274 207 358
  52 150 178 353
 177 279  98 322 281
  16 368 275 329  62 170 263 358
  97 200 179 344 378
 212 288 360  58  42
  26 256 159 214 133 148 189 325 334
 242 314  27 391  23
 159 133 146 256 166 240 338 340
 387 305 364 204  21  33  38  71 197 221 257
  63 353 348 186  52 141 216 260 265 302
  61 335 254 313  55
  76  13 372 364 176 179
 172 180 138 382 167
 122 124  24 368
 208  97  61 160
 280 200 344 179  75
 332 273 275 124  22 173
 221 310 258 197 231
 148 340  26 256 146 214 338 354 364 390
 225 200 171  37 155 366
 245 303 314 329  23  49
 368 247 355 343 227
  47 195 328 356 367
  25 298   6  41  90 193 194 324 352
 222 226 272 176
 137  33  38 148
 365 153 278 235
 320 355 102 356 323 367
 301 294  28 300 117
 358  53 143  16  93 384
 160  79 200 272  34
 153 138 337 280
 379  22 323 157  65
 378 330  68 338
  54  90 370 122  31 321 389
  76 372 237 152  13  97 165 228
  98 181 142 279 281
 194 353 212 285 141
 344 200 152 237  33 144 156 208
 331 182 387  33  69 138 153 208
 177  98  89 322
  61  69 180 387 138
   6  63  25 285  41 264
 308  94 196  28
 202  42 317 327
  63 298 293 286 150 353
 299 192   2 196
 284  31 312 193
 256 133 365 146 192
 261  52  79 239
 292 136  80  23
 235 137 189 278  85 187
 224 164 227 352 188 284 306 320 362
 178  51 164 298   5
  47 126 250  48 102 163 356
  40 184  94 299 187
 149 387 305 351  21 158 221 257
  40  80 241 383
  59 220  36 218   8 111 317 384
 344 225 160 179  97 144 156 171 280 382
 363 238  60 234
  39  42 139 260  29 185 226 309
 318  67 263  94  44  82 132 207
 222  20 149  33 229
 390 361 237 340 228
 347 373  59 369 102 346
  94 318  44 203  74 140
 280 180 155 179 341 378
 112 300  60 294 336 359
 269 244  70 301
 308  43  87 131 106
  58 285 178 145 109 213 293 352 360
 103  52 285 212 109 116 271 302
  26  76 159 146   3  13  38 310 334
 277 364 258 387
 385 259 353 150  18 265 388
 243 112 350  92   1 300
  59 286 248 348   8  63 111 199 352
 125 133 256 390
 327 199  36 288  50  73 317 384
 351 149 197 387 158
  20 204 262 315 100 165 229
  64 245  83 102  46 233 283 363
 247  19 193 343 320
 200 160 344 382 100 278 341 366
 165 202  52  39
 355 303 248 162 193 362
 176 205 372 258
 222 204  33  20
 243 112  77  88 234 300
  86 359  98 158
 253  47 336  45
 223 102  64 376
  60 377  96 230 201 326
 278 365 137 192  85 114 167
 135   3 310  91 342
 354 364 205 315  71 176 179 344 361
 266  83 363 119 201 297 316
  35 123 109 272  30 190 261
 267 148 251  81 121
 333 118 292  99 198
 147 314  27  23 362
 217 112  96  92  88 230 300
 269 210  70  49  23
 329 255  12 223 130 161 303 314 332 376
 124 273  24 268   2  72 110 131 287 357
 224 343 162  19 355
  95 286  59  50   0  51 101 218 227 303
  89  55  86 313
  48 128 126 195  28 130
  10 375 134   9 240
 390 290  66 325 311
  47 297  84 356  45 232
 313 351 335 372 151
 332 245  12 303 130
 146 325 159 133 137 148 189 219
 305 149 197   3
   9  91  98   3 158 215 228 279 322
 216 385  18 265
 150  63 327  50  42 105 202 317
 123 190 239 291  32
 315 361  26 222  20
 275  62 143 368 203 318
 374  57 285 183  43 103 312 381
  39 150  27 216 259 380
 238 329 376  83
 133 240  81 113 333 338
 246 131 287 273  82 295
 210 244  70 119
 115 349 136  56
  37 123 139 213
 139  37  52  29 165 171 239 378 388
 124 246 157 343   2  72 268 287
 120 125 290 134 140
 263  62 143   1 157 318
 346 296   0 369
 387 215 364 331
 235 365 225 344 114 167 192
   9  99  10 258 142 177 322 339
 208 156 200 390 172
 142 177  98 322
 290  66   4  40  74 107
  14 223 373  59   5 316
 188 296 352 193
 212 213 178 183 103 264 302
 248 298  95 218  51  54 122 186 370
 268 273 246  44  67  82
 327 220  59 145 111
 346 296 369  58
 134 375  10  66 120 125 252 274 282
  32 261  21  56
 333 136 241  40 118 191
 374 186 298 212 109 296 312
 301 318 112 209 117 169 326
   2  90 124 268
 109 293 284 374 127 276 289
 316 126  84 238  70 119 253
  25 164 286 370  57  58 122 186 194 293 374
 306  56 187 138 196
 112 243 217 230  28 169 209 336 386
  92 112 129 294 169 210 326 386
 319 213 285 150
  95 248 332 245  51  54 161 227 255 314 355 371
 108 317 119 132  11
 149 197 257 351
 299 193 104   2
 323  56 379 324
 211  87  43 114 106 184
  42  29 202  17  89
   3  38 214 236 135 158 342
 114 337 252 390
 293 264 352 374 188
 351 254 335  98 151 249
  49 161 303 245 147 242
 262 361  26 364  20 222 237 365
 297  84 283 238 119 391
 108 199 220 260 185 304
 263 203 275  88  94 117 129 132 207 294
 302 345 330  42
 168 224 193  49 323 362 391
 389  31  24 175
 383 279 113 258 142 181 281
 379 173 320 168  65 307
 381  41  68 164 307
 256 146 137 334 252
 386 301 234 294
 288 220 348  50  17  42  73 185 260
 128  62  22  19 163
 376 245  12  83   0  16  64 101 143 161 266 371
 345 391 380 367  86 174 319
  33 387 180 364 277
 255 303 245 157  19 355
 241 292  40 267 121
 325 214  91 146  80 115 135
 351 313 254 151  55
 300 232 209 112  45 359
 172 311 341 114
 340 267 159 148 174
   9  98 375 279
 159 390 205 148 338
 208  87 366 225 337
 310 236   3  38
  19 247 162 124 224 273
 179 200 225 237  71 144 156 278
 319 330  69  73
 369 206 276 289
  83  59 206  36  17
  59 327 218  36   5  27  73 150
 270   7 125 115
 112 217 128  92
 313 254 221 335 197 305
  58 218 164 212  68 193 284 312
 178 150  63 186 141 216
 237 364 159 387
 162 303 332 247  49 168 227
  47 168 195 367  28 163 253
  72 246  78  77  93
 170 143  16 128   1  53 140
 231 362 209 336
 145  17  58 212  68
 315 205 237 390 262 365
 193 320 242 227 359
  83 238  12 223 201
  26 237 315 159 149 152 215 277 331 354
 315 235 361 137  85 167 189 278
  37 160 225 341
 356 168 379 163 330
 143  16 162  62 154 263
 346  58 206 102  68 108 127 276 289
 122 298 286 175   8
  16 303  83 329  49
 176 152  76 254 228
  59  14 283 206
 264  57 293 298 296 312
 251 134  10 290 339 383
 329  12  64 245 233 266 384
  60  96  78  77   7 234
 144 272  37 208  30 174
 173 323  22 367 307
  27 391 265  86  55 330
 324  87  41 264  43
  79 100 225 200 153
  80 322  91 375 113 198
 199 170 220 376
 216 259  18  54
 326 301 112 300
 149 277 331 197  21  61 180 182 215 221 354
 216 139  34 272
  24 321  31 175 110 131
 205 340 361 159 219 252 280 311
  27 316 380 320 147 330
