 262 385 122 175 202
 188 259 110 370
 222  65  59 340 183 388
 151 232  19 313
 326  14 375   9 241
 257 338 126 384  17  62 130 181 376
 270 317 312 153 106 140 157
 330  75 282 121  34
 352 167 225 234 237
 251 383 322 142   4  81  99 112 290 292 326 339
 118 113 383 322  47  49  81
 376  29 342 126 266
  97 210 357 152  17  38
 158 376  70  84 248 342
   4 375 326 313  72
  34 239  27  35 111 187 256
  23 370 270 298  89 106 140 216
 356 375   5  12 130 294 364
 229  20 385  69  41 314
 233   3 286 238 329 343
 204 229 381 160  18  46 335
  42 144 145 298 110
 360 161 355 245
  49  16 270 140  89 131 252
  83 135  35 272 295 390
 319 123 116 298  50
 194 191 122 391
 104 239 164 215  15 203
 250  86 297 169 244 269 300 309
  61 250 297  74  11 163 266 269 342
 255 366 351 119 100 359
  37 311 192 209 135 289
 337  87 372 263
 189 267 141 340
  15 239 228   7 111 187 256
  24 197 135 311  15
 329 295 303 135 343
 109 209  31 272
  12 358 152 139 294 346 369
 199 229 276  59 363
 206 121  45 304 201 236 282
  69  18 216  54 166 264 314 319
 145  21 370 259 188 288
 141 193 221 308  56
  51 230 206  45
 330 328 253 206  40  44  51 107 132 236
 199 165  20 314
  64 118 383  10 151
 318 297 250 249 163 236
 220  64 313  10  23  58  89 260 270 312
 123 319 116  25
  44 287  45 248 127 329
 119 255 355 307
 336 205 198  74 182 206 217
 216 175  69 116  41
 219 146  82 311 192
 193 141  43 305
 159  79 272 344 103 162 180 200 213 307 320
 302 260 185  49 131 252 317
 165 341 273  76   2  39 199 229 247
  97 290  99 280 207
  29  74 182 257 130 266
 243 338   5 384
 100 101 327 285
 322  47 118 220  49  72 170 283 313 371
 222   2 199 388 150 183 258 363
 214 365 170 377  96 294
 212 261 137 301  78 176 311 379
 120 185 302 260
  41 385  18 314  54 246 262
  84 158 253 156  13 191 309
 379 119 344 154 203 275
 220  14  64 274 102
 381 204 335 160
 206 182  53 336  29  61 130
   7 228 282 330 310
 173 208 213  59 245 291 327 378
  78 212 114  83
  77 212  67  83 211
 159  57 162 209 147 227 352
 129 128 367 336  88 139 230
 113 118  10   9 136
 333 146 306 311  55
  24 355 161 178  77  78 109 114 295 390
 253  70 124 156  13 158 325
 219 228 380 104 176 177 331
  28 169 249 250 244 269 300 351
 263 242 349 354  32
 128 217 182  80 201
 131  16  23  49
 157 370 172 153 143 216 321
 308 305 193 141 323 359
 364 348 277 214 115 346
 225 354 242 341 105 133 167 168 196 231 263 265 315
 299 135 349 165
 382 262 385 125 359
  66 334 371 350 102
 290  60 292  99  12 210 350
 174 177 253 219 300
 136 112   9 251  60  97 207 254 280 357
  63 148  30 101 284
 223  63 115 100
 334 233  72  96
 307  57 159 344
 215 331 239 380  27  85 119 164 171 203
 168 237  93 193 240 293 373
 270   6 312  16
 287  45 232 328
 156 132 253 128
  37 161  83 209
 259 115  21 144   1
 187 256  34  15
  99 339   9 142 254 274 386
  81  10 118 136 279
  83  77 119 212
 332 271 110  92 101 391
  54 175 370  25  50 343
 171 164 197 301
 322  10 383 292  47  64  81 113 134 279
  52 255 306 104  30  71 114 197 366
 279 274 292 134  68
 124 330 282 156   7  40
 172   0 370 145  26
 223  50 271 298  25 319
 330 121 253  84 156 215 248
 246 258 183  95 353 359 382
 257   5 338 254  11
 325  51 164 158 347
 336  80 129 182  88 108 132
 152 374  80 336 128 139 230 278 281
  74   5  61  17
  58 260  23  89 303
 108 304 128  45
 337  93 273 159 147
 292 279 251 118 120
  24 311  35  31  36  94
  99 113 251  81
 212 149 316 209  67 261 296 390
 373 305 293 196
 336 152 129  80  38 287 294
 270  16  23   6
  43 340 193 308  33  56  91 195 267
 339 322 383   9 112 179 254 283 357 377
 186 321 216  90
 298  21 259 271 110
  42 172 153  21 122 226 288
  82 333 306 268  55 192 228 256 310
 378 133 159  79
 171 223 197 100 284 389
 316 137 209 352 154 234 261
 183 353  65 222 166
   3  47 332 313 387
 129 198 336 217  12  38 139
 145 172 157  90   6 288
 149 162 333 316  71 379
 367 230 364 238
 253  84 174 124  70 108 121 309
  90 153 370   6 166 321
  70  13  84 253 127 325 347
  79  57 162 307 103 133 147 200 235 272 344
 165 341 204 231  20  73 276 381
  83 272 360 355  22 109 390
 159  79  57 225 154 224 272
  48 236 269  29
  27 171 239 104 117 127 187 203
 160 341 204  59  46  94 381
 321 157  41 150
 225  93   8 272 184 299 349
 221 242  93 231 105 240 299 324 349 372
  86  28 250 249 244 300 351
 214 377 283  64  66 277 332 358 365 371
 164 117 215 104 148 211
 122 145 153 370  90
  76 362 213 305 264 323
 253 249 250 297  98 156 304 318 380
  54 262 116   0
 268 310  85  67 301
 219  98 215  85
  83 355 366 255 202 218 285 327 368
 142 348 339 283
  57 320 213 354
 384 257   5 338 241 386
 336  74 206  53  61  88 128 201 205
 222   2  65 385 125 150 246
 362 235 167 213 361
 302  58  68 312 252 317
 143 321 216 246
  15  34 390 164 111
  42   1 370 259
  33 245 195 190
 291 208 296 227 189
 194  70 294 248  26
 311  31 146  55 289
  43 265 305 141  56  91 105 293 308 373
  26 391 191 218 275
 245 267 189 141 237
 341  93 337 354 138 273 305 373
  35 255 119 307 117 148
  53 152 336 205 376
 229  39  65  59  46 363
 159 344  57 225 235
 182  40 230  88
 218   0 178 366 264
  27 164  71 104 275
 160 165 341 229  20  73 247 335 381
  53 336 198 182
  74 182 336  53  40  44  45 236 328
 280  60  99 290
 225  76 340 354 190
 352  37 316 212  31  79 109 137 149 234 272
  12  97 357 290 345
 171 215  78 233 343
  67 137 209 261  77  78 114 268 295 301 306 379
 180 362 173  57  76 184 320 378
 170 377 356 365  66  92 369
 104 124 253 219  27 171 177 211 239
  54  41  90  16 143 186
 152 243 336  53  88
 347 202 366 178 194
 239  85 177 215  55  98
  64  72 313 377  49
 324 168 231 372  43 276 299 373
  65   2 183 388 150 258
 123 271 101 148 389
 265 235 162 352
  93 354 167 162   8 200 208 265 315
 288 264 145 363
 296 355 190  79
  85  75 330 146  34 310
 204 199  59  20  18  39 335
 374 129  80 328  44 155 201 233 287
 341 242  93 160 168 221 273 372
 367 374 328 278   3 107 238
 286 102  19 230 211
   8 352 149 209
 362 184 200 159 224 291 361
  40  48 206  45 163
 105 245   8 195 240
 155  19 232 367
 104 219  27 215  15  34 164 331
 105 168 237 315
 181 243 386   4
  93 263 231 168  87 315
 338  62 217 375 241
 169  86  28 351 269
 267 195  76 360  22 189 237
 125  69 353 183 186
 204 344 273  59
 330  13 124  51 191
 174  86 297 250  48 169 318 351
 297  28 174 253  29  48  86 169 249 309
   9 292  99 383 134 136 274 290
 302  58 185  23
  84 174 156 124  45  70  98 108 158 215 250 297 330 380
 112 339 142  99 126 386
 119  52 306 307  30 178 197 366
  34 146  15 333 111
   5 126 338 181  61 277 376 384 387
 388 222 125  65 353
 298 370 110  42   1 144 188
  58 345  49  68 131 303
  67 137 212 149 301
 385   0 175  69  95 382
 242 315  93  87  32 349
 173  41 284 202 226
 193 225 315  93 224
  61  29  11 376
 245 340 141 195  33
 212 146 306 176 289
 244  28  29  86 163
  49 298   6 317  16  23 106 140
 332 144 115 223 123
  57 159 162 209  24  37 161 167
 133 196  59 231 247
 292 112 322 251  72 120
  71 203 294 194
 324 221 160 341  39 323
 364 338 170 257  92 286 387
 374 281 129 232
 292 120 118 113 134 312 350
 207  60 290  99
 278 374 384 129
 121  40   7 330  75
 322 142 377  64 170 179 346 371
 264 148 361 100
 389 327  63 178
 287 233 277 374  19 329 369
 286 374 230 139  51 107 369
  42 145 226 153
 311 268 192  31
  97 292 251   9  60 207 210 280 326 357
 190 235  76 296
 251   9 118 279  97 120 134 274 290 350
 105 305 362 193 138
 139  38  17  66 191 275
  83 368 212  24  36
 355 360 227 137 190 291
 250 174  28 253  29  48 249
 259 144 370 270  16  21  25 123
 168 221 167 349  94
  28  98  86 169
  67 261 212 176 117
 185  58  68 312 252
 329 131  36 260
  40 318 132 174
 193 308 196 173  56  91 138 293 323
  82 333 316 212 119 146 255 268
 159 103 344  57  52 197 255
  91 305 141 193  43 340
 156  70 250  28
 176  75 146 228
 192  31  67 135  35  55  82 289 379
 350 279 185  49   6 106 302
  14 220 322  64   3  49 151
  46  69  18  41
  93 242 263 225 240 265
 149 209 137 306 154 320
   6 270  58 185
 174 249 304  48
  50  25 123  41
 180 213  57 316 327
 143 186 157  90 166
 142   9 118 383  10  64 274 283 313 339
 276  91 305 173 361
 221 372 276 168
 347 127  84 158
   4   9 290  14 345
 178  76 355 320  63 285
  45 206 330 230 107 232 367
  19 286  51 303  36
 124 121  45 253   7  75 228 248 282 328
 104 239 368  85
 271 151 115 170
  82 146 306 154 256
 358 356 102 375  96
 204 229  73  20
  53 182 205 198  74  80 128 129 139 152 206 217 374
 341 354 133 196  32
 375   5 384 257  62 126 181 243 277
 142 383 322   9 112 179 254 357
 141 208 267 308   2  33
  93 231 160 354  59 165 196 204 276 337
  11  29 376  13
 116 211  19  36
  57 307 200 159  71 103 247
 358 377 326 210 260
  92 364 283  38
 218 325 158 127
 364 179 356  92
  87 167 263 168  94 299
  97 365 279 292  96 312
 380 169 249  86  30 244
 209   8 149  79 224 234
 246 125 150 258
  93 225 341 180  87 196 208 337
 296 360  83 178  22  52 161 227 327 378
  17 375 214 348 334
 339 142  99 290  12 210
 345 334 377 170  38
  95 125  91  30
 296 355 378 161  22 245
 323 284 184 235
 235 184 173 213 293
 199  65  39 388 226
 348  92 277  17 155 346
 214 170 350  66
 178 368 255 119  30 202 218
 155  80 232 328 238
 366 331 295 178
 286 287 214  38
 259  42 298  90   1  16 116 122 157 172 188
 377 283  64 170  96
 324 221 168 231  32
 193 196 105 221 138
 129 336 230 278 232 281 286 287 376
 338  14 356  17   4 243 334
 198   5 374 257  11  13 266 342
 283 214 170 142  66 220 345 358 371
 360 355  76 213 147
 154  67 311 212  71
 104 174 253 351  85
 160 204  73 165  20
  95 385 262 125
   9 142 339 118  10  47 251 322
 181 338 257   5  62 281 387
 262 382   0  69  18  95 183
 241 112 181 254
 151 257 277 384
 258 222  65   2 363
 391 285 223 148
 137 161  83  24 187
 194 389 115  26
