 246  93  95 372 161
 151 314 369 172
 332 229  19 222  92 122
 189 228 346 170  15
 227  12 228 346  60 125
 251 139 330 201  15
 226 317 262 213 322
 109 357  84  46
 281 300 315 162  25  33
  11 290 386 194 156 232
 290 142 147 277 338 339
   9  24 351 194 239
 391 346 170 319   4 114 177 214 219 227 306 362
  81 350  96 275 254
  64 267  67 238 242
 219   5   3 251
 187  61 215 293
 303  64 283  73 130
 175 204 115  20 259 335
 229   2 321  92 178
 204 216  18 385 115 167 175 222 247 259 321
 148  53 281 162  89
 198 312  58 284 243 340
  63 182 286 131  49 155
 343 171 104 140  11  97 102 110 119 150 239 352 355 370
 234 150   8  67
 181 254  96  34
  58 391 170 223  40 210 338
 250 149 100 163 244 263 338
 382 309  48 163 308
  84 109  46 223 102 110 271 363
  68 230 295 108  33 183 276
 117  41 241 147
   8  31  68 295  54
  81 310 129 231  26 127 275
 212 365 352 296 207
 329 223 301 199  50  59 172 202 337
 188 249  70 269 173
 211 316 315 123 215 256 258 328
 373  93  52 371
  27 334 374 384 278
  63 131 214 152  32
 327  76 248  65  49 112 192 218 231
  57 225  79 347  88 124
 263 250 380 244
 318 367 258 328 307
  30 109   7  58 363
  66 346 162  73
 163  70 296 309  29 123 132 205 253 269 351 382
  23 182 245  42 155 231
 329  36 260 283  93
 135 182 112 220  81
 302 144 273 371  39 154 161
 148 256 281  21 124
 370 186  33 157 246
 316 280 281 209 276
 127 350 240 231
 277 347  43 357  72 299 378
 374 170  27 152  22  46 117 194 208 289 334
 199  36 376 202  63 165 288 349
 219 311 362   4
 331 367 293 318  16
 209 108 140 297  91 137 174 308 359
 349 101  59  76  23  41 182 286 384
 223 312 104 301  14  17  73 206 267 271 303
  76 238  67 340  42 192 234 354
  47 223  84 109 206 210 243 303 337
 376 238 312  76  14  25  65  99 168 271 278 334 340 354 384
  31 328 230 295  33 307
 221 169  87 200
  48 180 132 309  37 205 249
  94 388 174 359  82 103 128 264 270
 284 391 347  57
  47 343  64 260  17 267
  84 343 170 121 193 194 198 228 289 301 348
 185 267 324 208
 327 376 288 199  42  63  65  67  83 145 165 176 238 245 340
  78  99 168 354 221 336
  77  99 168 354
 159 364 121  43 133 282 306 326
 266 384 136 248 129 275 279 310 383
  34 350  13  51 275
  94 264 359  71 255
 145  76 327 176 278
 109 343  74 357   7  30  66 102 104 121 196 239
 212 257 366 169
 249 305 126 296 113 200 232 366 379
 366 184 308 169  69 146
 369 378  43 131
 274 120 114  21
 273 164 245 371
 258  62 359 209 195 323 389
  19 229 226   2 178
 183  50 295 260   0  39 372
  71 359  82 195 264 270 388
 320 342 195 247   0 178
  13 275 181 383  26 254
 162 346  24 343
 203 261 308 390
 312 206  67 147  77  78 136 168 336 354
 261 203 123 149  28 269 294
 190  63 152 386 326 349
  30 281  84  24
 344  71 184 255 128 143 325
 343 109  84  24  64
 160 119 267 353 302 333
 191 319 187 316
 241 277 339 170 375
  62 174 140 209  31 137 297 342 381 388
  84 343   7 357  30  46  66 104 191 227 281 295 337
 296  30 297  24 119 365
 158 218 212 379
  51 182  42 327 268 373
 249 351 304  86 365
  89 227  12 346
 175  18 204  20 179
 385 144 122 216 161
 147 312  58 334  32
 323 197 341 360
 110  24 297 249 105 160 267 333
 274 211 364 215  89 311
  74  84 196 291  79 159 225 228 235 299 378
 116 144 298   2
 296 126 100  48  38 163 236 250 261 294 382 390
  43 148 217  53
 300   4 292 156
 123 296 382 250  86 188 236
 350  56 135  34
 103 184  71 257
 136 265  80 339  34 279
 267 232 333  17
 248  41  23 387  88
 297  48  70 309 207 292
  79 347 159 306 138 272
 386 190 290 142
  51 220 139 350 127 268
 129 142  99 279  80 383
 381 308 108  62 141 157 195 360
 378 133 368 269 361
   5 251 201 182 135 220 240 330
 209  62 297 108  24 323 352 355 390
 360 137 341 390
  10 290 147 265 134 136 375
 285 344 321 103 213 298
 302 270  52 157 116 122
  83  76 165 327 176 240
  87 344 184 320
  10 142 117 290  32  99
  53  21 281 357 124
  28 211 100 315 156 191 292 338
 300 162  24 281  25
 368   1 244 369
 190 289  58 170  41 101 241 374 386
 353 172 371 176 185 324
 155 307  52 302
  49 371 302  23 154
 290   9 291 149 125
 302 160 137 381  54 144 270 320
 336 218 333 238 111
  79 364 121 378 133 235 237 282 291
 105 355 119 333 157 246 302 342
 116  52 218   0 224 356
 346 343 281  97   8  21  47 150 193 280 283 300
  48 296  28 123  29 205 287
  90 186 183 335
  76 145  59 199 248 286 373
 262 377 254 179
 321 222 216  20 179
  78  77  67  99 173
 257  85 184 304  69  87
  74 348 190  12   3  27  58 107 152 198 241 277 286 289 391
 295  24 343 355 370
 223 153  36 301   1 273 314 324 353 371
 232 366  37 168 221
 108  62 388 209  71
  18 115 204  20
  83  76 153 145 245
 277 347 306  12 387
  19  95  92 255
 167 166 115 385
 197 304 351  70 249 341
 254  96 377 322  26
 286 248  23  63  49  51 112 139 231 251
 276  31 227 295  93 164 186 335 370 372
 257 103 344 169  87 128 146
  75 245 267 153 356
  54 183 164 370 246
 106  16 227 191
 253 126 304 249  37 207
 348   3 386 194
 386 152 277 170 101 134 198 265
 106 109 227 149 187 292
  65  42 384 354 358
 346 228 162  74
 348 301  58  74   9  11 189 374
  94 137  91 209  95 320 345 372
 121 256 291  84 292
 180 309 209 249 118 341 366
  74 170  22 190 235 243 284
  59 376 223 202  36  76 165 288 329 363
 232 250 380  86  69 221
 139   5 240 251
 376 199  59  36
 261 100  98 294
  20  18 216 385 115 175 222 259
  48 163 309  70
 312  99  66  64 336
 249 132  35 188
 334 380  58 384  75
 140  62 108 297  55  91 174 195 197 345 352 381
 233  27 315  66
 258  38 149 331 120 215 256 274 313 316 367
 305  35 249 296  85 111 366
 285 226 298 143   6 325
 319 357  12 391  41 362
 364 211 261  38  16 120 217 274 313
  20 385 204 222 116 167 321 332
 124 313 215 237
  42 245 327 238 111 158 161 224 358
  60  12 251 284  15
 135  51 139 251 310
 173 200  77  69
 321 216  20 204   2 167 229 332 385
  36 301 199  64  27  30  66 172 312
 242 356 218 161
 357  43 121 299
   6 213 229  92 298 317
 346  12 191 109   4 114 183 187
  74 121 346 364   3   4 193 300 319
  19   2 222 321  92 226 332
 318 316 309 331  31  68
  42 248  49 182  34  56
  86 380 200   9 130 173
 315 210 346 319
  25 340  65 333
 121 159 378 198 243
 296 126 123 382
 368 263 378 159 217 244 369
  67 376  76 327  14  65 158 218 242 245 336
 299  24  84  11 303
 201 139 145 251  56
 107 170 386 152  32 375
 224 336  14 238 356
  66 198  22 235
 378 291  28 237  44 151 369
 327  76 238 176  49  90 185 218
   0 186  54 160
 270 321  20  95
 384 165 182 266  42  80 131 231
  70 309 180 188  37  86 113 119 197 207 212 305
  28 126 123 263  44 200
   5 139 219 182  15 201 220 240 330
 293 359 389 331 335
 304 188  48 269 351
 181  96  13 377  26 166 268
 103 285  82 325 178
 211 258  38 196  53 287 313
 169  85 184 308 128
 211 331 256  38  45  91 316 318 328
 335  18  20 204
 283 329  50 346  73  93 280
 203 100 294 123  98 215 287 367
 166   6 317 377
  28 368 250 237  44 287 307
  94  82  71 359
 266 142 190 384 129 279
 265 284 384 248  80 326
  14  64  73 119  75 105 130 185 333
 254 350 112 135
 296  48 253 100  37 138 305
 247  94 157  71 144
 312  64  67  30 379
 372 133 389 335
 371 314 172 324  52  90
 120 215 211 364  89 293 311
  81 383  34  80  13  96 358
 183  31  55 381 345
 190  57 177 170  10 107
  83  40 376  67
 136  80 265 129 383
  55 162 281 260 370
 315 109 162 343   8  21  53  55 102 148 150 280
 369 159 291  79
 260 346 329 162  17  50
  72 391 198  22 219 266
 213 143 325 255 344
  63 165 182 170  23
 256 163 263 261
  76 199 376  59 363
 152  74 170  58 349
  10 142   9 339 134 147 156 361 386
 378 121 159 196 156 244 282 313 339 361
 191 196 149 132 125
 274  61 367 252  16
 261 100 123 203
 171 328 109 297  31  33  68  93 183 389
 269 123 163  48  35  86 110 126 212 236 297
 140 296 132 108  62 110 119 209 295
 213 226 143 122
  57 239 225 121
 150 228 162   8 125
 348  74 194 223  36  64 172
 157 160 333 105  52 144 154 155
  17 239  66  64
 253 351 180 188 113 169 390
 249 212  86 269 365 366
 347 364  79  12 133 177 326
 318  45  68 263 154
 390  62  98  29  87 137 257
  48  29 382  70 132 197 205 230 249
 220  34  80 387
 120 319 274 362  60
  67  64  22 223  99 117 206 271 354
 291 256 211 215 217 361
 371 172   1 273 373
 343  38 281 149   8 210 233 316
  38 315 258 211  55 106 230
   6 226 322 262
 331 367 230 258  45  61 307
  12 346 228 214 106 233 311 362
  95 195 342 157 146
 222 216 247  20  19 143 167 229
 377 181 317   6
 359 367  91 140 118
 371 273 172 153  75
 285 255 213 103
 306  79 101 266
  76  42 145 376  83 112 218 238 245
 295 258  38  68  45 389
  36  50 199 260 283 337 353
   5 251 375 139
 211 258 367 318  61 230 252
   2 222 229 216
 160 119 105 267 130 158 234 302
 384 374  58  67  40 117 208 380
 259  18 183 252 164 272
  99 238  77 206 158 242 358
  36  66 329 109
  27 149  28  10
 290 386 291  10 107 129 375
  65  67  22  76 234
 197 390 180 381 118 141 360
 320 160  95 108
 109  84  74  24  73  97 104 162 171 281 315
 103 184 143 285 146
 195 276 209 381
 162  12 227 228   3   4  47  97 114 193 233 260 283 319
  57 306 391  43  72 133 177 369 387
 194 301  74 170 189
  63  59 101 289
  81 135  13 127  56 268
 304 180 253  48  11 113
 355 209  24 140  35
 153 172 329 371 105
 312  65  99  67  77  78 192
 171  24 140 352 160
 224 185 242 161
 225  84 109  57   7 148 214 391
 336 218 275 192
  91  94  62 367  71  82 252 264 323 389
 141 341 137 390 118
 313 291 138 290
 311 214 319  12  60
  46 288  30 199
 159  79 215 228 120 274 306
  35 305 113 110
  86 197 305 212  85  87 173 379
 331 318 261 211  45  61 293 323 359
 237 263 151 378 138
 282 244 237 347   1  88 151
 183  24 171 280  54 186
 273 172 314 153  39  52  90 155 324 353
 183 389 195  93   0 272
  39 112 314 165
  58 152 334 194  40
 241 339 107 142 330
 202  76  67 199  59 238 278 288 327
 322 181 166 254 262
 291 159 121  57  88 138 235 237 244 368
  86 366 271 380 111
 232 384 334 200  44 208 379
 137 108 382 209 157 276 341 345
  29 126  48 123 236 309 381
 275 279  80 136  96
 334 248  67  63  40  80 192 208 265 266 380
 216 204  20 222 116 179
 190 134 290 152   9 101 189 241 339
 391 177 347 131 310
 174  71 108  94
  91 359 328 295 252 272 372
 304 123 140 308  98 141 341 360
  12 170 347 357  27  72 214 284 387
