 347 228  54 157  77  78 195 247 332 333
 104 291 221 378  74 187 255 294 300 386
 176  59 360 308 175
  57 230 174 210
 365 236 350  98
 182  12 348 345  72 118 170 256 297
  93 310 121 254  73 232 314 379
 209  41 378 346 369
 259 247  54 347 232 240 379
 266 112  67 305 151 264
  76 329 358 292  13 136
 130 363  76  81
 166 345   5 182 118 223 256 295 351
  10  80 136 120
 345  99 279  61  48 295
 266  73 251 134
 116  25 254 216 213 262
  66 344 225 210  45 294 342
 385 307 245 119
 180 353 151  92 122 293 383
 204 276  96  88 203
  31  78 247  77  65
 335 111  94 389  79 124 307
 283 358  76 363 179 231
 183 180  43  92
 353 167 370 270  16  93 116 122 213
  89 178 242 319 203 286
  86 386 101 364  79 284 304 313 380
 253 309 126 217  29  70
 126  28 253  58
 196 296 188 275 241
  21 109 373  78 105 276
 350  44 277 365 183 246
 249  82 369  55
 340 287  35 123  95
 275 196 212 296  34 117 133 139 162 316 366 382
 340 149 354 192
 247 129 333  93
  48 169 152 163 154
 199 303 362 191 248
 106 219 160 349 356
 212 338 346 139   7 280
 312 390 356 226
 208 231 185 111  24 155
  76 376 214 288  32 152 277
 271  17 210 357 170 250
 215  47 338 181 137 176 298 319
 200 221 328 225  46 188 190 219 298 338
 169 318  14 206  38 113
  83 371 102  67  68
 260 363 160 329 141 211 231 374
  55 369 131 320
 301 321 157  90  65 189 302 332
 252 228 189 332 195
 157 321   0 259   8 228 247 347
 320 261  85 131  33  51  60 280 369
 160  80 138 363 356
   3 174 311 210 219 236
 384 170  29 357
 186 199 185 329   2 222
  55  75 261 131 245 361
  99 279 290 334  14 173
 281  63 108 174  98 101 163 364
 190 311 303 330  62 164 171 177 237 281
 348 283 357 233  69 170 179 182 380
  94 315  21  52
 238 230 225 344  17 177 220 227 289
 112   9  49 305  68 142 223 264 272
 389  67  49 112 272
  64 119 103 233
 309  28 253 113 387
 255 115 287 156
 384 357   5 113
 251 134  15   6
 187   1 282  91 119 140 156 205 255 386
  91  60 361 245
  44 363  10 288  11  23 130 214 376
  78   0 247 268  21 333
  77   0  21 247  31 105 268 333
 239  27 203  22
 349  81 138 174  13  56 185 362
 288 174 132 160  11  80  97 138 271 323 326 349
 147 205 263  85  33
 279 371  49 102 202 246 278
 350 257 365 318
 320 261 117  55  82 115 131 140 156 235 282
 168 188 225 343  27 364 386
 308 265 114 178
 373  20  96 204 203
 242  26 248 362
 301 391 321 157  52 254 302
 123  74 156 115  75 245
 180  19 122 355  24 293
   6 167  25 270  37 121 232 310 314 379
 204  22  65 335
 100 287  34 276
  20 267 111 204  88
 108 132 174  81 201
 281 349  62 106   4 143 306
  61 290 279  14 295 322 339
  95 287 317 359 107
 329 238 364  62  27 103 284
 334 166 290 371  49  83 355 375 383
 206 227 238 101  69 284 304
 221 378 328 110   1 177 227 291
 109 317  31  78 148 159
 349 336 331 311  40  98 219 236
 100 153 109 172
 132 292  97 174  62 318 323 326
 317 105  31 153 107 159 172 315
 104 221 190 378
  43  22 194 267  96 154 335
 266   9  67 305  68 134 142
 126 384  48  72  70
 265 200 212 215  87 137 222 324
  91 131 156  85  71 184
  16 216 167  25 262
 275 296  35 346  85 133 150 235 320 366
 348 182  12   5 264 297 322 380
  74 140 227 294  18  69
 274 303 349 190  13
 310   6  93 314 129 213
 180  25  19 216  92 262 370
 125 366  91 296  34 131 135 158 218 287 340 388
 307  22 284 162
 123 388 135 366 158 287 359
 113  28 217  29 309 384
 354 237 274 340
 358 220 238 292 206
 121  37 310 195
 292  76 358 132  11 206 357
  55 123 261  85  51  60 115 140
 108 292 288  81  97 130 163 318
 346 382 117  35
 251 266  73 112  15 273
 125 123 366 388 313
  10  13 292 326
 319  46 114 338 229 312
 160 211  81 329  56  80 208
 296 212 275  35  41 196 368
  85 235  74 131 119 241 249 369
 311 327  50 341 145 160 193 299 343
 273 112  67 297
 163 208  98 185 154
 372 185 186 374 155 161
 327 299 141 191 178
 312 229 390 325
  82 263 243 205
 105 198 149 158
 337 198 258 359  36 148 172
 366 296 117 275 218 368 388
 389 355  19   9 339
 169 290  44 334  38 154
 172 109 184 315 107
 111 143 152  38
 372 144  43 231
  91  85  74 255  71 115
  54 321  52   0  90 247 259 347 391
 359 125 287 123 148
 109 105 184 172
 138  50  81 141  40  56
 186 144 231 233
 386  35 187 222 124
 206 292 132  62  38 143 169 318
 238 177  63 289
 353 167 254 270
  12 334 102 371 223 295 375
 353 254 270  25  93 116 165 240 267 370
 343 381 225  86 289 308 341 386
 318 163 152  48  38
 357  45  64   5  58 244
 303 274 199  63 222
 153 184 109 149 107 159 195 315
 256  61 290 371
  81  57 288 329   3  62  80  97 108 323 326 349
 229   2 312 340
 215 209  46 196   2
 281  66  63 104 164 201 227 294
 308 360 343 145  26  87 239
 233  64  23 182
  19 355  92 122  24 293
 215 328 378 336  46
   5  12 118  64 179 256 297
 246 277 278  32  24
 258 337 359 115 153 159 172 385
 362 144  80 329  43  59 143 186
  59 185 199 144 161
  74   1 205 300 162 192 234 304
 225  47 316  86  30 364
 332  52 228 347  53
  63 237 336  47 110 120 274 306 331
 199 303 327 329  39 145 298
 368 234 354 187  36
 311 141 330 281 306
 111 267 353 335
  53   0 129 172
 212  35 378 139  30 176 209 360 377
 291 378 328 224
 149 337 258 359 148 243
 303 330 191  39  59 171 186 362
  47 225 114 221 289 381
 177 236 336  97
 387 383 246  83
  26  20  88  79
  20  94 335  96  88
 282 187 300  74  82 147 243 263
 163 292 128 130  48 103
 361 258 359 226
 231 138 143  43
 377 378 196 215   7 176 298
  57 219 271 344   3  17  45 367
 138 329 341  50
 196  35 139  41 114 338 346
  25 121  16 353 285
  76  44 345 376 277
 181  46 328 378 114 176 209 352
 262 254 116 270  16 122
 384 253  28 126
 150 296 123 388
 210  57  47 106  40 356 367
 230  66 260 358 128 233 271 342
 378 104 328  47   1 110 200 224 344 352 377
 171 354  59 114 162
  12 256 166  67 273 351
 368 197 221 338 263 352
 289 200 188 168  17  47  66  86 344 377
 258 207 359 287  42
 238  66 104 177 103 119
 347   0 332  54  53 189 252 333
 324 242 319 137 146 175 312
  66   3 220 260 238 299
 208  43  23  50 155 161
 379   8  93   6
 220  64 358 342  69 161 179 313
 255 187 192 368
 366  85 117 275 140 255
 201 106 349  57   4
 190 331 336  63 127 274 354
  66 227 128 230 101 103 164
  79 360 178 308
 167 247 254   8
  30 300 291 140
 248  89 325 319  26 229
 263 205 147 198 280
 250 170 249 357 269
  75 337  91  60  18 385
  83  32 279 277 183 202 278
  54   0   8 157  21  37  77  78 240
 242 331  39 319  89 325 362
  33 291 255 140 244
 357  45 323 244
  73 134 266  15
 228 301 347 391  53
  28 217  70  29
 167 353 216  90   6  16 165 240
   1  74 235 300  71 156 234 249
 223 182  12   5 173 351
 365 350  84 376
 359 337 184 149 198 207 226
  54   8 157 347
  50 363 329 230 220 372 374
 320  85  55 282  60 131 263
 216  16 116 122
 261 205 282 224  82 147 243
 305   9 118  67
 114 308 316  87
   9 112  15 134 251
 167 353 270 194  96 111
  77  78 373 347
 272 307 313 244
 167 353  25  93 165 216 267 370
 220 210 288  81  45
 351 297  68  67 269
 142 223 351 134
 120 237 190 171 127
 296 117  35 139  30 150 235 368 382
  20  95  31 317
 376  44 214 278  32 183 246
 277 183 246  83
  83 290  99 334  14  61 246
 320  55 243  41
  62 177 311  63  98 193
  74 205 261  85 263
  23 348  64 358 345
 364 103 101  27 124
 295 213 302 339
 390 319 360  26
 359 123 366 125  34  71  95 100 158 226
  81 363 132 174  44  76 271
 225  66 168 200 164
 371 279  99 345  61 102 152 173 322
 197   1 378 104 241 249 294 300
 132 130 358 108  10 128 136 163 206
 180  19  92 383 387
  17 177   1 291 119
  14  12  99 166 285 375
 275 139 117  35  30 123 150 218
 118 182   5 272 142 313
  46  47 191 209
 327 145 230 141
   1 291 382 187 205 241 255 306
 391 321  90  52 252 302
 301  52 391  90 285
 199  63 191 330  39 120 171
 386  27 103 187
   9 112  67 389 264
  98 300 193 190
 124  18 385  22 269
  87 265 178 168   2 239 360
  70  28 383 126 387
 121   6 314  93 129
  63 141 281  57 106 193
 390 229 146 137  42 175
  27 233 297 135 269
 310  93   6 121
 153  65 109 172
 382  35 188 338 265
 373 109 105 100 276
 169 163 132 108  48  84
 137 338 390  46  26 229 242 248 286 324
 261  85  55 117  51 280
 157 301  54  52  90 391
 118 290  99 345 339
 174 326  81 108 250
 229 319 338 114
 242 248 350 365 146
 174 323 108  81 136
 145 299 191 141
 221 344  47 104 181 197 215 352 367
  50 211 260 174  10  59 101 138 185 191 374
 199  63 331 303 193
 336 237 330 190 106 248
 228 189  52   0  53
   0  78  77 228  37
 279 166 102 383  61 152
  22 111 204 194  94
 331 190 237 181 106 201
 149 258 184 359 198 245 361
 382  41  47 212  46 137 224 316 319 324
 151 389  99 322 285
  34 354 388 123  36 127 175
 343 211 141 168 342 374 381
 233 220  17 341
 168 381 341 141  86 178
 328  66 225 221  17 210 367
 214 283  14 290   5  12 322
 378 133 117 212   7  41
 228   0 157  54   8 189 252 259 268
  64 283 372 118   5 380
 106 174  80  81  40  98 120 236
 365  84  32 257   4 325
 272  12 223 256 273
 215 221 328 224
 167  25 270  19 165 194 213 254 267
 368 222 340 237  36 127 192
 151 180 389 102  92
  40 219  56 363  42
  64 170  45 130  58  72 244 250
 128 292 220  10  23 130 233 283
 287 258 125 158 100 149 184 198 207 226 337
 390 178 308 196   2 239 286
  75 207  60 337
  39 199  80 248  89 185
 260  50 288  76  11  23  56 356
 101  86  62 188  27 284
 350   4 257  32  84 325
 117 150 123  35 125 135 235 287
 344 210 328 219
 224 139 275 150 192 234 354
  51 140  55   7  33
  25 270 122 167
 290  83  49 166 102 173 375
 144 348 374 260 155
 317 268  31  88
 260 341 329  50 144 372
 102 371 166 295
  44 277  76 214 257
 209 196 221 225
 221 104 197 346   1   7 110 181 196 209 215 291
 232   6   8  93
 348 118  64  27
 343 168 341 200
 338 316 275  35 133 300
 334 102  19 309 202 293
 217  72 113 126  58
  18 245 184 307
  86 168   1  74  27 162 304
 202 309  70 293
 125 123 150 135 218 340
 151  68 305 355  22 339
 319 360 312 286  42 146
 301  90 321 157 252 302
