 335  16 216 194 142
  74  91 261  85 263
 175 178 137  87
 244 174 209 326  57 191 228 250
 301 113 132 147 179 351
  14 310 182  28  72 348
  93  19  37 293  14 295 345
  17 230  66 346 210
 371  25 353 167  13  96 267
  92 305 266 339  23 277
 372 136 380 333  80 118 297 313 351
 309 202  42 217
 169 383 113 283  64 182 273 387
 347  94 138   8
   5 223 310   6 182 348
  90 295 152 314  58 173 232 252
  25 116 353 216   0  68  83 167 180 259
 230 197  66 119   7  51 210 249
 385 349 330 160  86 189
 180  25 353  93   6 121 223 256
 204 203  31  22  94
  88  96  94  22
  20 204 203  43  21  88  94
   9 309 339 134
 208 321 122  90
 353 180  16  19   8  44  68  83  93 116 167 213 214 371
 362  89 303 145
 386 238  30 304 364
 126 253 310  73   5 130 272
 253 250 113  48  64  70 169 170 292 318
 123 340  66 238  27
 204 160  20  90 203 211 332 385
 387 383  67 334 325
 291 294  45 249  57 108 170 201
 222 127 311 388  63 138 168 245 329
 212 275 382 377 109 125 287 368
  46 218 388 369  42
 259  93   6 247  76 165 202 295 314 345
 302 272 348 213 195
 199 148 161 154  59 288 358
 331 248 319 312 325 363
 377 212 366 368  71
  36 146 363  50  11
 208 157 247 262  22 155
 214 223 293  25 246 376
  33 249 250 291
 218 388  36 176 274 298
  66 230 209 123  75 196 207 237 258 265 331 354
 318 169 113  29
  83 371  92  93
 146 260 303 120  42
 197  60 219  17
 285 302 364 103
 357 384 170  64
 122 247 157  90  56 154 161 185 204 232 259 262 321
  85 320 261  74
 185 349 122  54
 361 367  33   3
 323 358 332  15 195
 329 199  39 203 138
  75 119  66 230  51 105 135 241
 334  73 391 121 182 272 310
 304 237 159 156 103 172 255
 218 110 188  34 227
 170  12  29 206  53 348
  95 284  94 360 142 347
 230  47  75 291   7  17  30  60 238
 290 102 151 254  32 183 278
  16 116  25  83 231
 361 128 159 280 179
 292 253 113  29  84 129 130
 115 378  41 346  97
 357 384   5 273
 334  61 310 391  28 102
   1  91  85 104  55
 119  66  60  47 205 207 289 300
 259 202 345  37
  78 317 248 144
  77 317 174 265 144
 127 284 211 268 315
 144  10 242 248
 333 128 181 372 136 242 375
 219 263 140 198 243
  49  25  93  16  68 202 256
 375 292 301  70 130
 224 320 368 261   1  55  74 221 263
 114 330 360  18
 200 287 308 225   2 307
  22 262 216 203  21  96
 229  26 335  95 142
 122  54 157  15  24  31 154 252
 359   1 275 117  74 115 184 316
 371 270  49 254   9 267 277
  19 353  25   6  37  49  83 165 223 256 345
  22  20 284 204  13  21  65 347
 360 330 222 199  65  89 299
 231  88   8 267  21 155 362
 207 198 280  71
 301 147 304 163
 251 383 118 279 112 129 322
 109 382 107 171 124 307
 107 120 316 364
  73 290  67 334
 172 255 153  62  52 124 285
 224 320 261 378  74 192 226 281 342
 289 209 265  60 276
 341 381 200 211
 100 109 101 316 239 307 364
 132 250 269  33 236 280 356
 100 382  35 287 107 124 153 171
  63 168 200 162 227
 112 375 242 290
 322  99 383 151 111 375
   4 169 301  29  12  48  70 253 292
 349 222 330 360  86
 378 117 261  91  71 184 255 282 386
  16  68 167  25
 378 133 123 346  91 115 139 289 296 336 359
  99 136  10 372 313 322 375
 238 300  75 177  17  60 241 249 294
 274 176 303 218  50 101
 256  61 166  19 217
  54 157 247  90  24  56 173 208 252 293 321 370
 340 117  30  47 133 354
 103 109 100 153
  35 368 212 176 315
  28 130 310 253 384
  34 343 203 211  79 284 315
 380 333  81 280  69 147 159 181 283 301 356
 292  99 253  70
 126  70  28  84
 235 344 187 337 188 234 369
 108 269 356 250   4 163 206 236
 346 117 354 123 289 340
 251 383 266 279  23 309 334
 215 258 207  60
  10 372 118  81 313
 312 212 319 176   2 298 324
 311  59 306  34  13
 296 117 378 275 327 338
 261 197 149 282  82 198 205 219
 229 193 178 360
 347   0  89  65
 240 208 194 247 347
  77  78 248  80 183
 303 390 327 287  26 298
 303  50 312 327  42 260 298
 177 181 128   4  98
 358  39 199 330 323
 328 320 261 140 153 172 220
 378 296 275 377 338 352
 322 254 112 290  67
 232 314  15 240
 172 109 255 149 103 124 342
 323  90 160  54  39 173 332 358
  43 167  96 389
 159 196 237 317  62 361
  54 122 247 208  43  90 173 204 370 389
 209 340 191 237 228
 156 304 128 181  62  69 280
  31 204 332 154  18 252 323
 199  39  54 204
 110 168 287 343 307
 206 301 132 257  98 318
 306 235 225 188 233
 345 353  93  37
 365 214 379 371 121
  25 353  16 180   8 116 155 213 355
 110 188 388  34 162 193 227
 113  48  29 292  12 318
 249  33 326  29  53  64 357
 100 188 109 287 175
 153  62 255 149 103 226 281
 122 157  15 154 288
 326 269   3 181  78 280 317 367
   2 178 171 274
 274  46 137 218 120 125
 119 181 238 147 201
 373   2 287 286 141 175
 273  69   4 361
 353  25  19  16 167 214 270
 177  81 174 128 147 159 265
   5  61  12  14 348
 246 144  67 278 264 325
 115  91 377 346 192 255 289 366
 216 262 247  54  56 335
 229 349 211 268
 131 235 342 337 306
 218 131 235 287  63 164 168 171 233 311
 314  18 323 217
 346 359 378 275
 209 158   3 317 228
 104 184 263 235
 168 324 141 385
 247 143 208 240   0
 252 384  38  58
 237 156 340  47 317 367
 140 230  17 261  51 198 210
 140 197 261 219  82  97
  39 330 161 148  59  95 299 329
 381  87 110 225 106
 294  33 236 177 271
 345  76  37  83  11 217
  20 204  22  31  59  88 127 329
  20  31  54 157  22  94 160 161 203 385
 282 140  75 300
 380 269 163 132  64 283 301
 289  75 258  47  97 135
  43 157 247 122  24 143 194 389
  47 230 191 158   3 105 265
 271   7  17 197
 341 268  31 381  79 106 127 186 343
  41  35 377 382 125 137 287 338
 167 223 353  25  38
 270  44 180  25 166 223 365 376 379
 258 359 336 135
 262 185  16 247   0  88 335
 121 202 256 345  11 189
  46  63 388 188  36 120 176 274 369
 140  82 198 261  51 271
 149 328 291 230 271
  85 368 316 338
 360  34 114 385  95 229 299 343 388
 214  19  93 379  14  44 213
 368  85 352 261 104 263
 235 337 382 368  87 164 200 308
 104 281 172 342 276
 168 110 388  63 233
 158   3 244 191
 186 349 222 360  89 141
  66  47  17 197   7  60 209 220 291 336
 277  96  68 270 362
 152 314  54  15
 164 188 227 344
 131 243 344 281
 337 225 131 187 164 188 192 306 344
 356 201 132 108 363
 196 317  47 340  62 156 158 239
 119 241 300  66  27  30 177 386
 354 340 107 237 276 364
 143 152 194 259 347
 238 119 300  60
 375 313 372  81  80 111
 281 263  82 234
   3 250 269 326 228
 311  34 385 344
 365 183 379  44 264
  54 122 157 321  37  43 143 185 194 208 216 259
  40 319  77 331  80 144 325 363
 119  33 291  17  45 170
 244 108 132   3  29  45
 134  99 383 279 266 290 309
  15 160  90 122 195
  29  70 113 292  28 126 129
 151 305 290  92  67 277
 115 184  62 366 103 153 172
  19  93 121  83 217
 163 301 333 290
 336  47 215 359 135 207
  37 247  54  16  76 240
  50 303 327 146 363
 320 378 140 328   1  55  85 104 115 149 197 198 219 224 282 336
 216  54 370  43  88 185
  82   1 224  85 192 243
 278 246 285 183
  47 209 354 181  78 105
 134 251 305 279   9
   8 270  96  92 376
 211 186 341 343  79 286
 174 244 380 132 108 206 304 326
 371 214 353 180  92 231 267 376
 210 220 201 219
  61  28 310 391  38
 179 278  72  12
 120 176 218  46 175
 296  35  91 150 139 190 359 382
 239 105 226 317
  92 231   9 254
 273 264 183  67
 251 383  99 134 266 305 309 339
 128 174 159 108  69  97
 342 243 104 172 226 234
 205 140 115 261
 333 301 128 206  12
  94  65 315 127  79
  52 103 318 302 264
 178 373 268 390
  35 382 212 188  87 109 145 162 171 178
  39 332 173 358
  75 184 133 117 105 207
 383 151 251  67 102 111 254 257
 230 294  66  33  45 220 249 361
  70 113 253  29  84 129 169
 321   6 295 122  44
 291 119  33 304 201 361 367
  15   6 293  37
 139 275 117 150 327 346
  10 326 333 380
  46 137 146 145
  95 199 360 222
 119 238 241  75 205 386
 380   4 128 206  84  98 113 163 257 283 351 375
  52 318 285  38
 327 319 390 312  26  50 120 145 146 260 362
 159  62 294 269  27  98 386
 266 254 279   9 339
 164 187 235 311 138
 107  87 100 162
  87 366 377 225 374
 391 279 134 251  11  23
  73  28 126  61   5  14 272
 245  34 188 388 138 306 344
 137 319 390 303  40 146 324 373 374
 136  10 372 118 242
 232 152  15  37 189
 284 127 125  79
 221  91 359 338 101 107
 237 156 174 196  77  78 191 276
  48  29 169 163 285 302
 327 312 354 331  40 137 248 303 390
 261 328 149 378  55  85 104
 247 122 293  54  24
 112 151  99 118
 154 332 160 148  58 189 358
 352 390 137 312 193
 248  32  40 183
 174 269   3 244 170 297 333
 303 319 296 139 145 146 260
 149 320 261 378 220 352
  59 203  34 199
 199  95 349 148  18  86 114 360
  40 319  47 354 248
 160 323 154  31  58 288
  81 128 380 326  10 257 283 297
  73 391  61 134  32 102 387
   0 216 185  89
 258 261 117 230 215
 235 225 368 131 187
 139 212 150 368 221 316
   9  23 305 279
 123 133 354 237  30 158 196 239
 381 211 343 106 268
 281 187 104 153 226
 381 341 211 222 127 162 268
 131 235 245 311 233 234 369
 165  37   6  93  76 202 217
 378 133 117 296   7  71 184 190
 240  94 143  65  13 142
  14   5  64 182  38
 114 330 186 229  18  56
 376 365 371 379
 380  10 301   4
 224 328 150 368 324
  25 180  19  93   8  16 165 167 213 270 355
 133 340 123  47 239 265 319 331
 389 370 353 167
 132 108 236 128
  53  72 384 170
 148 323 154  39  58 288
  91 117 378 275 190 215 258 316
  95 222 330 114  65  86 141 229 299
 156 367 294 291  57  69 179
  26 303  96 231
 248 260 236  40  42
 107  27 101 239  52
 166 379 214 371 246 350
 377  41 184 378 255 308 374
 174 361 196 294  57
 224  85  41  35 125 221 225 337 338 352
 131  36 344 218
 122 157 262 389 355
   8  49 270  25  92 166 350 365
  10  81 136 380 118 242 313
 178 286 390 312
 308 312 366 390
 301 112 118  81  84 111 242
  44 214 270 267 350
 366  41 212 150  35 184 308 382
 346 261 117 150  71 104 115 139 190 320 328 359 366
 365 166 223 214 246 350
 128 269 301 206  10 297 333 351 372
 341 343 211 200 106
  35 275 212 377 100 109 225 287
  99 251 279 134  12  32 112 290 387 391
  53  72 357 126 195
  18 222  31 204 193 245
 300 304 238 115  27
  32 383 334  12
  46 218  34 222  36 168 227 311
 355 370 157 208 155
 312 303 319 373 145 286 324 374
 334 383 309  61  73 272
