 246 160 247  19 342
 151 369 294 217  26  44 380
 332  19 229 222 116 122 178 246 262 298
 348 228 170   5 125 150
  12 193 300 346  89 233
 139 251 330 348   3 201
 226 317 298 229
  43 284 225  84
 106 362 319 300
 142 279  11  10 265 326
 142   9  11 194
   9  10 194 142
 319 346 301 343   4  24  27  74 148 162 219 227 233 300 315 357 362
 350 275  96  49  75 185 221
 376 340 202 117  25 336
 219 283 162 300  73
 187  61  38 331
 303 283 329 117
 204 335 175 216  31 115 259 276 385
 229   2 222 321   0  92 178 332 342
 204 222 247 321 167 186 216
 281  53 328 295 114 280
 223  76  58  57  64 303
  63  65  76 286 155 245 314
 211 149 315  12  47  97 191 258 311
  14 176 112 340 224 234
 188 294 382   1  44  87 169
 391  59 223  12  40  46  58
 237 126 378 250  86 163 244 263 310 338
 318 309  48 331 257
  57  84 387 357 110 338
 335 230  55  18 276
 284 312 384 147  41 206
 183 335  93 175 186
 349 244 266 312  44
  70 212 305  86 365
 329  59 391 223  46 109 210 337
 236 373 363 249 173 207
 211 331 124 149  16  53  61 133 187 227 256 274 316 367
 353 105  93 183
  27 172 334 248 268 278
 214 387  32 284
  76 327  65 288  83 218 238
   7 299 121  84 215 225 306
  34   1 244  26
  62 367 318 308 307
  27  57  36  59
 346 219  66  24
 269 296 163 309  29 132 292 304
 350 182 192 384  13 127 185 324
 260 329 363 119 353 372 373
 135 101 350 386  75
 345 154 302 116 157 161
 148 171  38 124  21 258 272 316 328 337 389
 259 186 385 216
 280 183 281 148  31 276
 271 218 176 363 155 158 333
 104 223 357 347  22  30  46  58 110 239
 391  57  27  22 117 334
 223 376  36 199  27  46  63  64 165 172 202 248 288 329
 198 240 150 225
 367 331  38  16  89 252 307
 318 108  45 331 174 230 252 272 308
  67  23  59  76 354
 223  59 165  22  73 117
  42  76 248 327  23 245 340 354
 284 343  84 219  47
 327 238  63  76  99
 295 154 381  93 323
 221 361 275 200
 163 126 205 297  35  85 132
  94 388 103 174 184
 284 277 170 299 314
 283 352  64  15
 391 301  12 194 243
  13  51 135  96
 327 145 238  42  22  23  63  65  67  83 165 199 288 376
  78 129 136  99 275
  77 129  99 275  96 136
 159 239 364 347 235 369
 266 384 374 147 232 379
 168 265 354 279 112 208
 264 359 167 345
 145  76 376  42 153 176 278
 343 214 387 121   7  30  43  66
  86 308  70 212 257
  35 305  28 250  85 379
 366 169  26 184 377
 127 152 131 225
 193  61 211   4
 324 350 164 127
 209 359 140 195 389
  19 229 226 178 262 317
 160 345 353 183  33  39  68 105 111 154
  71 388 195 335 179
 247 226 321 167 317 342
  13 275  78 221  75 181
  24 162 346 211
 261 390 253 100 308
 265  67  78 386  77 206 336 354
 261 203 217 369  98 123 138 215 294 296
  51 182 190 348 135 282 350
 391 357 172 109
 285 255 344  71 128 143 184 320 388
  57 235 223 159 110 352
  93  39 353 345 111 161
 191 187 311 319   8
 241 386 339 375
  62 174 318 132 230
 281 210 391  36 102 119 352
  57 104 296  30
 345 363 105  93 158
 168 334  81 340  25 231 254 358 383
 383 197 236 249 173 207 341
 162  21 227 281
 175 204 335  18 264
 144   2 302 226  52 161
  64 303 334  58  14  17 130 267 271
 381 197 128 293
  50 281 260 109 130 249
 274 313 210 364 293 323 370
 291 228 299 190  43  84 156 196 206 282 378
 144 298   2 262 166
 217 382 149 100 180 188 269 294 313 351 368
 133 211  38 357  53 287 364
 150   3 228 156
 263  28 250 237  70 163 205
  88 131  49 152  90 324
 103 325 345 213 118 146
  77 339  78 265 136
 117 197 119 333
 152 198  88 312 127 240
 297  70 191  48 108
 124 364  38 159 273
 386 339 290 251 189 375
  51 101 220 182  75 350
 279  77 129  78 168 336
 293 381 359 209 341
 269 296 378 100 212 365
   5 201 251 182 192 330
 258 211  91 316 355
 360 294 341 365
   9  10 194 279  11 265 334
 103 344 298 270 320
 116 122 175 302 157 166
  76  83 199 165 278
 322 377 128 213
 384 284  32 348  80 232
 171  53  12 315  55 337
 211 315  24  38 123 309 357
 228 198   3 306  60 125
 368   1 294 380 188
 198 182 131 306  88 127 225 240 324
  83 288 172 278 176 268 371
  68  52 345  93
 371  56 231  23 166
 290 339 121 291 125
 144 302  52 175
 218 333  56 111
 364 235  79 217 104 133 287 313 326 351 369
  93 372 295   0
 246 116 105  52
 346 311  12 219  15  97 114 283 300
  28  70 126  48 205
  90 324 201 362
  76 288 199  59  64 145 202
 122 144 302 155
 247 321 270  20  82  95
  81 112 136 279 173
 188  26  87 253
 277 286 219 348   3  72 177 289 301
 148  53 343 211 297 355
 391  59 248 288  40 102 153 273 368 371
 383 113  37 168 181
 108  62 388  71 184
 115 204  18 335  33 144 157 179
 231 153 234  83  25  56 371
 277 347 319 170 289
  19  92   2 229
 195  94 359 175
 382 351 309 123 197 249 341 366
 358  96 173 336
 384 101 152 286  49 135 139 192
 295 281  55  93  33  39 372
 344 103  71 174  87 257
  13  49 192 350 356
  33  20  54 280
 106  16 191  38 370
 123 351 382 151  26 169
 386 134 251 330
 386 348 277 101 121 220 228 266 289 374
 106 315 311  24 132 187 292 316
  49 384 139 182 185
 228 346 219   4  89
 142  10 391 265  11  74 243
  91 359  94 209 179 372
 121 256 235 291 292
 209 249 180 381 113 118 130 341 366
 152 131 225  60 150 240
  59  76 223 165 145 202 314
 250 237 244 263  69
 139   5 327 286 164
 376  59 199 165  14
 261 100 369 313 304
  20  18 175 270 115 259 385
  70 163 126 263
  32  99 312 121
 249  37 209 113
 334  81 380 374 268
  91 359 197 295 137 195 207
 109 281 391  36 120 352
  38 149 124  24  89  97 140 171 256 258 331 367
  35 138 296 305  85
 285 226 325 298 128 146 322
  84 387 362 343  41
 261  43 256 100
 385 222  18  20  54 259
 123 100 159 364   1 294 369 382
  56  42 158 333 379
 170  12 301 346  15  47  66 162 193 283 300
 374 348 286 190 135 349 375
 275  96  13  69
 321 270  20 332   2  19 216 229
  59  57 391 301  22  27  36  64 104 199 241
 242 234 356  25
 198  43 152   7  60  88
 213 325  92 285   6  95 116 262 317
 346  12 319  38 114
 348 121 190   3 125 150 193 306
  19   2 222 270   6  92 178 262
 318 316 108  62  31
 176 288 112 334 155 234 254 271
 147  80 384 266
 315 346  12   4
 176 340 231  25 224 242 333
 159 104 196  79
  37 113 383 363
  28 378 261 250 126 200 244 263
 327  76  67  42
 299  79 266  57
 198  60 131 152
 251 107 375 223
 224 234 356 336
 340 303 194  74
 250 291 237  28  34  44 200 253 282 310
 327 350  65  23
   0 161 332   2
 167 321 270  20   0  95 342
 376  65 172  59  40 267 334 340 380
 207 197 180 119  37 113 366
 244  28 237 126  86 200 253 263
 330 241   5 139 134 189
 367 331  62  61
 304 244 296 250  98 169 390
 231 112 383 271 379
 285 103 321 270
 211 196  38 215
  29 308  85 184
 140 211  24  53 355 389
  18 335 216 204  54 385
  50 281 329 119 280
 100 203 237 215  98
  92   2 229 226 122
 126  28 237 250 200 205
  82 359 381 115
   9 279 142 266  81  99 129 194
 277 265 190 339  34  80 232 239
 380 376 248 117
  40 374 153 208
 296  48 138 123
 321 222 247 167 143 204 229 255
 117  56 231 363 254 358
 389  53 297  62
 133 314 347 172 371
 120 313 364  38 293 323 360 370
  78  77  13 221  69  96
  31  18  55 335
 190 177 170 374  72 266 299 310 347 387
  83 153 145  40
   9 136 265 142  81 168 334
  55  21 281 260 186
 109  21 260 295  55 114 119 183 210 280 328
 291 101 244 121 361
 346 162 219 329  15  17  73
  32  72 299 312   7  41  66 147 306
 213 103 255 226 325 344
 374 220 170 182  23 201 349
 313 351 159 124
 165  76  42  59 153 172 231
 170 190 177 387
 339 386 134 291 156
 121 282 244 378 156 196 290 361
 313 191 196  48
 137 274 120 359 118 323
 217 123   1 100  26 141 151 360
 281 328  21 183  68 160 209
 269  48 100 253 110 138 212 305
 132  70 171 316 272 355
   6 213   2 143 122
 239 121 284 277  43  72 365
 219   4  12 162   8  15 370
  12 223 170  74 219
 116 144  52 157 166
  22 117 243  17
 253 203 390  48
  35 296  86 212 365
 152 228  43 284 150
  45 318  61 308
  45  98 390  62  85 257 307
  48  29 318 149 180 338
  28 349 244 277 338
 315 162 191  24 106
  32 349 284 384  34 131 206
 351 203 123 159 120 274 287 292
  72 347  23 199 273
 149  24 311  12 148 191 233
 191  53  38 331 140 230 297
   6  92 226  95
  62  29 331 108  45 230 307 309
  12 343 346 177   8 106 227 362
 344 143 103 342
 222 270 247 167  19  20  95 255 332
 146 325 377 213 356
 274 120  68 293
  90 152 127  49 164
 213 226 285 345 128 322
 159   9 364 351
 238  76  67  42  65 201 245
 295  21  53 281 389
  36 260 283  59  17  50 337
 251   5 139 386 189
 367  38 211 318  16  29  61  62 252 316
   2 222 321  19 246
  56 158 218 234 130
 248  58 142 279  40 112 117 208 231 380
  18 175 115 259  31  33  94 276
 358 136  14  99 181 242
  36 329  53 148
  28  30 310 309
 290 386 134 129 107 156 266 375
 248 243  65  14  25 112 234
 197 137 180 113 141
  95  19   0 247 320
  84 319  12 346  66 171 214 362
 184 103 143 285 320
 381  93 325 105  52  82 111 128 154
  12 319 227 343   4  47  97 162 193 219 233 283
 177  57 277  79 273 314
 190 228 220   3   5 101 147 170
 312 220 286 310  34
  51 135 101  49  13  90 185 245
 313 123 159 188 180 287 326
 210 109 104  73
 363 373  50  93  39 105
  81  99  65  63
 171 297 140 258
 224 377 322 185 242
  57  12 124 149  30 102
 336 181 112 271
  91 209 195  82 137 179 264 293
 141 367 274 294
 390 291  69 282
 214 343  12 319   8 164
 373 353  50  37  56 111 236 271
 159 133 124 217  79 120 274 326
  35 138 305 299 141
 180 249 197  87
 331  61 211  38  45 252 360
 151 123 172 382
 100 159 217  79   1 203
 300 187 120 274
 172 153 273 176 155
 160 183 195  50
 363 353  37  50
 286 220 277 190  80 208 268
 220 339 241 134 107
  59  76 248 202  14  83 267
 146 322 356  87
 237  28 291 121 138
  86  80 254 218
 248 151 334   1 208 267
 118 345 197 264  68 137
 123 180 217 188  26 368
 173 113 112 236 254
 182 312 147  32  49  80 192 232
 216  18 204 259  54
 134 190 339 290  51  99 107 189 330
 214  84 289 277  30  41
  71 174  94 103
  53 258  91 328 272
  98 304 253 361 308
  27 223 172  36  58  74 102 109 194 210
