 207 107  16   1
  74 263 275  94   0  82 207
 321 268  24 287 192 293
 310 380 158  29  45 115
 301 113 181  81  75 105
 348 367 130 378
 173  90 344 160 187 355
 170  64 363 230
 124 353  25 373 276
 339 242 279 375 142 231 258
 251  99 134 301 118 209
 101 129 207 118
  66 206 128 132  48  64 230
 302  91 179 378
 220 363 198  64 320 348
 332 154 122  34 125 131 252 311 369
 143  94 203 287   0  88 107 240 347
 249 253 326 333  45  51 210
 222 385 204  20  37 152 229
  22  25  43 180 167 373
 222 204 385  18 186 259 262
 214 364  38 272  26  76 146 221
  43 343 247 211  19  87 162 168 185
 339 375  98 313  97
 268 389 211 321   2 175 192 235 287 308
 286 167  43  19   8  68 178 180 353 373
 277 305 364  21  89 270 335
 391 313 380  80
 250 126 253  29 108 130
 174 249 310   3  28 291
 123 159  32  61  33
 122 321  90  54  63 110 114 186 188 211 284
  30  61 387 305 325
 291 123 310  30 179
 154 122  54  90  15 125 127 157 173 388
  79 382 256 213 104 141
 358  58  59 218
 341 204  18 208 165
  21 214 364 331  76 325 345
 388 148 160  46 218 227 259 323
 363 327 300 223  83 281
 212 225 103 366
 198 210 135  80 142 345
  22 211 343 321  19  25  87 162 284 286 355
 124 287 203  94 273
 253   3 249  17 198
 218 199 154 323  39 148 161 232 314
 356 297 181 383 327
 230 250  12 130  62 350 386
 151 322  98  80 319
 316  59 260 347 338
 197 205 280  17  55 198
 183 365 179 239 285
 140 384 170 357
  90  34 157 122  31 160 259 370 388
 202 320 261  51
  65 330 349 385  86 193
 278 285 361 103
 369 131 323  85  36
  93 218 245 199  36  50 288 347
 377  96 217 234  83 346
 334 380 159 391  30  32 182
  48  67 376  78 255
  31 160 188 284 189 227
  12  66 201 282   7  14 170 210 220 348
  56  95 360 330
  12 206 128 113  64 230
  78  77 317 196  62
 167  25 286 155
 387 115 334 159 179 197 378
 244 191 326 283 297
 272 364 374 256
 357  82 273 246 328 346
 280 283 334 174 156 340 367
  94 243 368   1 217 234 263 275 318 358 377
 147 119   4 156 205 289
 221  21  38 176 342 345
  78  67 317 206
  77  67 317 206  62
  35 200 315 382 190
  27 236  98 391  42  49  91 327
 333  99 136 251   4 112 181 266 301
 263  72   1 384 219 296
 347  60  96  40
 297 375 283 383
 189 388  58 369
 330 360  56 185  89
  43 381 211  22 194 200 338
  94  96  16 143 195 376
 335 142  26  86
 122  54  31  34   6 157 160 188 370
 362 258  80 305  13
 290 301 112 111 386
 157 287 329  59
 203 143  16  74   1  44  88  96 120 368
 360 185 274 349  65
  88 377  60  94  83 184 207
 135  23 190 111
 254 279 375  80  23  49 231
 136 279 251  10  81 118 134 375
 109 137 353 178
  11 107 120 318
 163 196 317 257
 285 366 278 213  41  57 153 172 264
 150 315  35 171 226
   4 147 372 133 121 276
 211 127 122 235
 120 101  16 143   0
 132 250 304  28
 100 382 137 178
 122 157  31 211 274
  92 375 290 248  97 270
 266 128 301  81  92
 269 304 169 244   4  66 294
 349 247  31 343 360
  69 334   3 391 144 214 342
 137 307 216 213 165
 129 294 282 140
  99  10 279 266  11
 177 136 301 326  75
 107 275  94 203 101 318
 276 105 230 140
  34 157  31  90  15  54 106 110 127 154 211 235 247 295 311 321 332 370
 159 237  30 387  33 205 291 340
  44 246 308 287   8 273 376
 154 332  15  34
  28 250 253 130
 321 106 122  34
 112 206  66 266  12
 117 207  11 238
 126 250  28 356   5  48
 332  15 235 187  58 337 369
 304 108 317 294  12 196
 159 265 372 151 105 166 361
 292 251  10  99
 313 305 391 236  42  97 190
  99 279 251 177  81 119 309
 178 353 109 116 100 171
 306 355 187 212 226
 146 149 272 271
  53 282 384 201 117 121 219
 194 193 178  35
 336  89   9  42
  16 203  94 157  88 107 162 240 274
 265 237 115 257 166 183 365
 345 208 381 330
 139 272 315  21
 181 177 251 372  75 105 205 309
  39 227 388  46 189
 378 271 139 272 261 342
 104 378 261 182 352
 372 265 254 380  49 133 257 319
  18 360 194 388
 172 103 296 285
  34  15 122 157  46 125 245 311 323 332 388
 307 214  68 213
 196 257  73 163  75 166 289 340
 122  90  34  54  93 110 143 154 188 203 247 287 295 329 389
   3 244 310 191 228
 123 237 380 334  30  61  69 133 331 354
  39  54 173  90   6  63 168 218 259 344
 199 245  46 218 232
  22 143 247  43
 102 257 156 174
 225 306 298 200 224 264 352 382
 116  37 216 353
 133 156 183 144 289
  25 286  68  19 312
 160 381  22 349 330 338
 304 269 326 113 206 209 238 244 290 294 297
   7  64 230 210  53
 137 225 382 175 104
 153 285 296 103 220
   6 160  34 323 344
 283 333 269 383  29  73 163 257 280 356 367
 321  24 389 235 171 192
  76 221 315 262
 279 181 136 383 119 147 238 241
 137 353  25 286 100 109 141 180
  69  33  52 361  13
 353  19 178  25 373
 383 177 279  81   4  47 147 283 322
 387 378  61 334 150 271 348
 365  52 166 144 302
 377 308 246  96 255 390
 349 360  95  22  86 240
 293  20 321  31
 235 131 389   6 138 226
 157 235  90  31  63
  85  63 148 388
  79  97 315 135
 257  70 244 269 158 228
   2 235 175  24 226
 299 306 194  56 141 324 352
 299  87 247 284 141 152 193
 288 243  88 377 217 255
 156 102 317 132  67
 387 271 391  69  51 378
 236  42  45  51  14
  46 161 252 245  59 218 232 233 274 358
 341 225 293  87  79 164
 241 230 282 238  64 140 300 363
  55 227 221 345
 287 143  94 157  16  44 120 329 358 368
 222  20  18 385  37 216
 147 123  75 310  51 261
  12  66 128 169  77  78
 129   0  96   1  11
 341  37 381 212 145 324
 230  10 294 169
 170  64  17 249  42
 122  43  31 321  22  24  87 106 110 247 268 343
 225 341 306  41 138 208
 307 366 103 116  35 155 302
  21  38 115 305 155 307
 305 313 258 277 221
 229 262 222 204 116 165 335
  60  74 243 195
  46 199 160  39  36  59 161 227 314
  82 140 346 296
  14  64 363 172 223 281
  76  21 176 215 202
  20 204 385  18 216 229 262
  40 288 220 363 338
 337 164 299 306
 164 200 341 306  41 171 212 264 382
 138 187 192 104
 148  63 218  39 202
 158 359 191 310
 216 222  18 262 335
 201  66  12 241   7  48 121 170 209 282 300 363
 254 242  98   9 303
 314  46 161 199 316
 252 358 332 199 288
  74 243 329 377  60 288
  24 187 131 122 106 175 188 192 298 337 344
 334 391 313  80 135 198 342
 159 123 354 340 144 361
 241 326 169 177 129 201 300 386
 354  52 362 331 289 325 365
 347 143 185  16
 238 201 230 177 282 300 336
 258 313 254   9 231 339 359 362
  74 234 358 263 195 217
 269 113  70 169 158 191
 311 252 154 199  59 161
 308 124 268 273  72 184
 343 211 157 122  22 114 162 194 284 381
 301 290 257 317 111
  17  29 383 251  45 210 253
  28 126 108 253  48 130
  99 134  10 136  81 147 249 279 292 309 372 375 383
 245 199 332  15 233 368
  28 126  17 249  45 250
 265 151 372 242  98 231 277 319
 328 184  62 195
 272 364 315  35  71
 191 174 269 151 102 144 156 163 248
 313 242 309   9  91 215 336 359
  54 160  39  20
 376  50 348 355
 271 205 149 378  55 150 320
 216 229 222  20 176 315
 275  74   1 368  82 243 318
 103 225 278 164 374 379
 254 277 151 372 133 144 305 319 354
 112 118  81 128
 303 270 319 371
  24 211   2 287 246 308
 113 304 333 169 174 191 244 257 290 326
 303 267  26 111 371
 197 387 149 182 139 261 320
 364 331  21 146  71 139 149 256 315
 246  72 124  44 296
 199  95 143 110
 318 263 368  74   1 120
 121 105   8 365
 305 265 254 313  26 215
 103 264 285  57 374
  99 136 177 251   9  98 118 181 309 322 339 375 383
  73 283 174 333  51
 350 220 288  40
 201 230 294 241  64 117 140
 174 333 383 181  70  73  84 280 356 367
  31 247 343  43  63 194
 103 366 278  52  57 153 172 302 379
  25 167  43 389  68 178
 203 157 268  24   2  16  44  93 124
 234 195 233  59 223 281
  75 166 156 239
 301 169 269 333  92 111 248 317
 310  33  29 123 361
 134 333 326 251
 186   2 200 321 298
 132 113 304 169 117 209 282
 321 122 157 370
 153 172  82 273 219
  84 169  47  70
 164 235 344 293
 341 194 381 193 224
 241 230 238 201  40 336 386
  81 290  10 333   4  92 112 119 248 317
 366 285 183 213  13
 270 267 231 371 312
 132 169 269 113 108 294 317
 277 265 313 351  26  32  91 135 214 215 364
 164 138 382 225 193 212 224
 213 116 214 155
 246 268  24 124 184
 136 147 251 279 258
   3  29 291 158  33 205 228
 245 154  15 122 337
 371 167 374 303
 391  27 258 351  23 135 215 236 242 277 305
 232  46 323 218
 146 256 272 262  79 104 176 190
  50 232 330 347
 132 304 301 290  67  77  78 102 196 248
 275 120  74 263 101
  49 151 265 254 267 325 327
 261  55  14 271
  31 122 211  24   2  43 127 175 186 293 295 389
 181 383 279 375  49
  46 154  39 173  58 314
 193 208 352 341
  32 319  38 239
 169 292 333 269  17  70 119 238
 319  40  47  80
 357 255  72 384
 203  93 358 157 234 347
  56 360  65 168  86 145 316
 364 272 159 354  38 239
  15 131 122 154 125 233 252 337 369
  81 283 269 292  17 174 280 290 301 326
 380  61 391 159  69  73 115 182 236 351
  89  26 229 216
 241 258 142 300 359
 311 235 131 332 224
  50 168  87 223
   9 375 279 242  23
 237  73 156 123
 381 200 208 225  37 212 299 324
 236 149  76 115
 211 247  22  43 114 284
   6 173 160 235 298
 145  42  76  38 202
  72 357 377  60 219
 240  59 329  16  50  83 316
   5  14 182  64 260
 185 114 360  95  56 168
 376 281 386  48
 380 391 313 334 305 387
 324 193 150 164
 178 180 137  25   8 100 165
 265 237 239 159 331
 389 370   6  43 138 260
  47 367 283 174 130
  72 384 328  53 346
 329  74 199 203  36 233 243
 258 362 242 336 228
  95 185 349 114  65  86 152 330
 291 179 133 237  57
 239 359  91 242
 386  14 201 230   7  40 220 223
 272 331  21 305  26  38  71 256
 183  52 239 144 276
 103 285 213 302  41 379
 356 174  73 283   5
 203  94  74 252 263 275
 332  15  58 131  85
  90 122  54 389 295 355
 312 303 267 270
 151 251 147 265 105 133 254
 390  19  25 180   8
 312 264 379 278  71 390
 279  99 251 383   9  23  84  98 111 322 339
 350  88  62 124 260
  60 234  96  74 184 195 346
 149 197 182  69   5  13 150 261
 366 390 264 285 374
 334 391 351 383   3  27  61 151 159
 341  87 168 247 145 208 299
 306 109 225 164  35  79 171
 181 177 251 279  47  84 174 249 283 322 375 380
 357 140  53 328  82
 222  20  18 204  56
 300  92  48 238 350 363
 197  69 351 271  32 123 182
  39  34 154  54  85 148 152 189
  24 370 157 321 175 187 286 355
 373 379 184 374
  27 380 334 313  61  80 115 135 197 236 351
