 140 101 303 371
 275  16 143 368 117 129 276
  24 124 343  25  57 175 276 286 298 321
 310 313 236 334  91
  17  81 177 181 105 121
 194 223 348  50
  90 370  54  58
  77 170  40  12
 321  31  24  57
 375 251 279 258  10 339
 251 134 279   9 290 304
 118 304 326 292
 230 217  48  64   7 130 206
  76 152 176 214
 288 363  59  83 316
  34 311 131 154  85 127 252 274
 143   1 368 275 140 273 358 371
 177  89 181 309   4  66 142
 216 385 116  21 104 259
  22 343 157 247 224
 222 204 262 139 226
 271 115 197  69  18 291
  19 332 328 157 173 224 247 255
 242 147 248  84 191 244
 389 321  31 122   2   8  57 106 175 187 268
 286   2 187 164  57
 159 372 364 305  97 144 146 354
 242 391 115 380  51
 356 250  47 126 102 169 209 289
 254 257 375 313  86 231
 133 331  38 159  32 267
 389  24 321 187   8 188 296
 123 271  30 215 360
 331 364 179 272 166 229
  15 154 311 131  85 125 127 388
 239 261 180  79
 199 260 220  59 281
 149 180 204 182 366
 378 387 221 197  30  91
 388 100 160 259
 300 356   7 349 184
 164 212 306 302  68 324 352 381
 202 185 327  55
 211 389 131 188  87 106 235 284
 287  82 203  94  67 276
 253  47 198  86 359 362
 218  59 199  58 348
 356 253  28 336  45 163 198 367
 195 230 243  88  12 130 250 300 350 386
 371  56  92 217  65
  59  95 220 260   5 288 348
 248 242  27 303 362
 116 213  79 139 141 150 183 216
 170  96  78 358 207
  90 370 122   6 218 286
 351  42 345 254 141
 320  49 168 307  65  68 352
 374  25   2  24   8
 154   6  46 131 188 388
 218  46 329  50  14  36 199 220 288 348
 377  96  77  78 217 230 234 363
 334 135 305 151 182 319
 275 263 368 143 318
 353 186 150 260
  12 223 363 233
  49  56 227 303
 322 177  17 113 185 282
  74 207  82  44 107 282
 302  56  41 307
 334 197 387 310  21  73 115 265 319
  84 269 301 191 111 244 270
 237 361 364 315 166
 357 369 287 246  82
 319  69 145 151 190
  67 120 107 282
 280  81 156 151 289
 176 214  13 152 165 202
  78  96  60 377   7 217 346
  77  96  60 377  53 196 346
  52 365 239  35 190
 236 158 258 313
  99 333 279 177   4  75 111 113 136
 287 203  72 246  44  67
 363 230 223 140  14 373
 297  70 253 244  23 283
  34 388 274  15
 380 383 249  29  45 174 231 283
 381 341 211  43 308 324
 243 377  48  96 234
 309 249 279 177  17 142
 187 389  54 370   6 122 131
 258   3  38 236 158
 128 112 217 230  49 129 244
 131 247 357 369
 203 318 263  96  44 117
  50 101 303 140 227
  78  77 377  60  53  88  94 346
  26 205 159 214 280 325
 313 258 339 375 231
 279 136  81 177 113 118 333
 382 160 109 171  39 226 293
 140  95 303 238   0
 163 250  28 356
 285 213 212 178 264 293
 306 138  18 178
   4 147 335 265 317
 321  43  24 369
 120 274  74  67
 317 132 304 111
 382 100 296 153 189
 124 246 162 295
 283 333  81  70 108 270 317
 128 301  92 266 209 238 253 336
 322 279  99  81  66 304
 127 278 235 308
  21  27 265  69
  52 213 150 216  18 141
 318   1 263  94 129
 136  11  99 326 119 241
 301 326 269 118 248
 107 274  74 384
 276 207   4 189
 389  24  90 370  54 247 369
 261 215 271 387  32 190 291
 273 246 295 157   2 110 162
 311 131 187  34
 297 250  28 253
 114 235  34  15 192
 112  92 206 300 170 238 266
 294   1  92 117 207
 195  48  12 217 250
 154 389  93  90  15  34  43  58 125 311
 294 108 207 250
 159 354  30 237 240 267
  10 251 279 375 290 304
  61 334 313 305 236 319
  99 269 292  81 118 333
 171 180 225 344
 172 153 306 337 104
 272 222 229 262  20  52
 101  16 358 329   0  83  95 170
  52  55 116 150
 177 249  89  17 210
 368  16 275 157   1  62 243 263 318 358 376
 146  26 214 159
 345  73 319 327 330
 315 256  26 262 144 152 176 361 365
 269 380  23 242 105 270 391
 240 344 180 360 338
  37 364 272 378 204 221 342
 116  52  63 353 141
 372  61 335 254  73  75
  76 262 146  13
 172 109 180 138 167
 131  58 311  34  15
 214 236 237 310 342
 280 166  75 239 289
 332 355 162 143  19  22 124 173 245 247 368
  91  80 310 236 267
 237 205 354  26  30  97 133 144 280 340
 344 100 171 225  39
 329 245 314 358 303 347
 157 173 295 124 110 227 355
 356 250  47 367 102
 306 298  25  41 193 299
 202 262 222  76
 156  71 257  33 289
 278 312 293 153
 173 323 320 355  56 349 379
 241 292 294  28
  53 128   7 140 210
 137 344 225 160 100 382
 153 337 138 381
 355 157 323  22 162 168
 383  86 322 333 283
 286 321  24   2 298
  76 262 315 146  13 228
 279 181 383  99   4  17  66  81  89 142 309
 353 212 194 285 103 104 259
 214 378 237 200  33 325 366
  37 137 204  35 148 153 360
 177 383 322 279   4  17 258
 387  61  37 334 360
 213 264 374  52 302
 308 346 196  40 219
 202  42 327  66
 293 353  63 286
  90 389  24  31  25 125
 389  43  31  58 284 296
 226 109 192 315 121
 123  79  73 239
  70 231  23 244
 235 127 308 296 189
 299 306 224 164 227 320 352
 178 212 306 353   5
  48 130 243 328 350
 379  78 346 284 184
 387 351 305 277  21  38  69 271 310
 356  45  47 330
  46 384  59 218  36 260
 225 179 365 344 278
 386 238 206 363
 165  42 185  76
 287  94  82 263  44
  20 222  37 149 180
 159 340 237 354  97 228 280 390
 128 230  12 266 201
  67 129 132  53 121
 378 341 366 225 342
 294 250 112  28
 316 170 142 360
  43 308 235 337  87
 285 178 103 306  41 194
  52 103 116 183 285 302
 237 179  76 378  13  97 144 155 325
 351 277 305 313  32 123
  18 385 116  52
 230  12  77  60  49  92 130 300
  46  59  54 199
 390 184 267 340
 288  50  59  36 281 327
  38 149 387 364 342
  20 262 204 315 139 165 226 229
 255  64 328 363   5  83 233
  19 247  22 193 299 373 379
 200 344 366 278 137 160 171 208 382
  20 222 262 100 189
 162 193  95 299  65
 176 205 354 237
 222  33 139 272
  12 217  60  48  83  92 206 300 363 386
  86  98  29 258 191 359
 350 347 314 323 281 316
 357 369  64 223 384
 377  88  60 243 347 363
 211 337  43 278 114 127 192 252 308
 334 313   3 135  80  91 155 158 310
 159 354 214 364  71 133 155 179 205 228 239 256 340 361
 266 297 128 112 101 201 316 386
 354  35 331 237  79 156 190 261
 267 148 390 133 338
 169 118 336 386
  23  27  51 391 147 248 362
  88 350 143 275  48 195 234 328 358
  70  92  84  23 191
 329 332 157 161 314 376
 124 273 343 268  72  82 110 357 369
  19  22 122 157  93 224 323 373
  51 242  23 119
 309  89 383 380  86 142
  48 126  28 130 102 132 163 209 294
  10 375 134   9 258 290
 384 278  15 235
  47 297  84 112  45 126 336
 313 372 351 305  29  55 151 265 339
 328 332 223  22 303 373
 237 315 146 364 325 390
  29 335 277 310 166
   9 313 251 181  80  91  98 231
 385 353  18 178  39
  50 348  36 199  63
 123  35 239 291
 315 222 272 146  20 139 152 165 176 226
  62 275 318 143  94 117 203
 374 183 293 103
 335 254  69 380 105 115
 238 112 206 128
 240 133  30 158 219 338
 287 246  24 343 308
 301 136 292 147  70 119 270 326 359
 147  70 269 111
  21 387 197 123  32
 364 315 139 262  33 149 229
 124 343 246  16
 120  85 107  15
  62 368 263 143   1  16 243 318
 346  44   2   1 121
 305 335 313 351 197 215 257 310
 225 200 235 114 167 252
 177  99   9 181  10  81  89 113 134 309 322 375 383
 159 156 205  97  75
 288  36 220 232
  67 290  74  66
 111 174  86  84
 296  43 188 196
 212 103 178 213 302
  25 175  54   2 186
  82 268 203  72  44 357
 220  59  50  14 281 384
 156 166  75  28
 134  10 251 375 282 304
  21 261 391 123
 333 136 269 301  11 169
 186 264 103 100 167 312
 129 132 209 250 169
 124 162 369 343 110 298
 109 321 188  31 192 284
 126 253  84 238
 164 295   2 175
 193 306 164 224 227 352
 217  48 230 386  40 128 336
 269 119 326 112  70 292
  41 183 213 285  68 312
 255 371 161 314   0  51  65  95 101
 134 290 113  10  11 108 317
 351 387 313 277  26  61 135 197 215 254 334 372
 164 193 212 299  41 104 138 194
  56 324 320 379  68
 211  87 235 268 114 184 192
 279  89 249 177  17 339
   3 236 197 277  69 155 158 257
 154  15 131  34 125 337
 374 293 167 302
 305 351 254 277   3  29  80  98 135 215 236 258
 161 355 328 245 232 303
 146 262 272 256  71 176 189 222 361 365
  14 232 238 210
 108 304 105 111
 263  62 275 143  94 117
  69  73  61 135 145 345
 168  56 323 193 307
  24 389  31   2   8 106 175 296
 181 383 113 279  66 174
 173 355 168 247 232 320 349
 341  41 381  87 307
 214  97 179 256
 301 119 118 269  11
  42 185 145 220
  22 332 243 255 195 223 314 350 371
 245 358 376 161  59 140 347
 345 145 391 198
  33 364 378 387  30 239
 157  22 245 328 255 355
  81 292 136  99 111 174
  61 305 387 135   3  69 182 236
 277 151 257 372 105 265
 300  47 112 253 241
 172 235 311 211 138
 148 240 267 340
 309 375   9 254  98
 205 390 237 159 219 338
 381 324 208  87
 155 221 149 208
  19 273 246   2 268 295
 225 160 171 200 137 148
 330 145  55 319 360
  96  77  78 377 184 196 276
 161 234 363 329 232
  50  59 260  46   5
 350 168 323  40
 243  48 195 328 232 349
 305 313 215 197  55 254 277 387
 193 299  41  56
 178  63 385 186 150 194 259
 237 159 364  26 133 205 228 239
 173 157 332 162 168 314 323
  47 367  28 163  40 102 198
  72 369 246 287  93 233
 329 143 243  16  53 140 161 376
 231 362 269  45
 182 345 180  32 148 210
 315 390 237 146  71 365
 359 242  45  51
  83  60 230 234  14  64 201 223 347
 331 272 237  26  33  71 149 221 256 354
 315 200 361 146  79
 225 208 179  37
 356 163  47 379
 275 143  62 157   1  16
 357  72 122 246  93 106 233 295
 389  90 122  54   6
  16 303  49 328   0
 151 254  26 305 335
 224 247 255  83
 264  57 183 312
   9 251 134 279  29  98 290 339
 329 358 245 143 384
  60  96  77  78  88 234 346
  38 179 214 331 149 208
 196 224 168 367 307
  86 391 249 147  27 265
 341  87 172  41 324
 100 109 225 171
 181 177 279 322  86 174 249
 199 233 376 288 120 252
  18 259 353 216
 300 238 230  48 201 241
 305 197 334 351  38  69 123 182 221 271 331
  34  85  39  58
  31  90 187  24  43 122 131 188 321 370
 340 361 205 256 219 240
 380  27 242 147 291 330
