 186 141 143 286 175 183 265 272 355 370 385
 291 261 188 100  21 358
  51 190  79 306
 237 278 219 250
  66 292 136  40
 329 376 226 348  39
 321 122 332  16  41 164
  99 219 308 113
 372 155 197 123
 322 279 390 236 118 177
 120  91 134 251  26 290 375
  70  45 257 328  28  80 121 231 339 361
 376 345 363 391
 304 142 108  97  76 339
 348  64 288  59  83
 131 156  34 356  88
   6 321 389 122  41  95
 283 347 329 348
 385 175 164 193 157
 371 178 389 353  31 105
 222 204 273  54 335
 147 291   1 123  23 306
 138  33 197 359
 123 147  21  57 106 246
  69 224  89 178  31
 332 259 321 116  31  95 161 245
 292  81  10  40 137 196 336
  63 329 101 266  73 380
 184 257  11  86 159 338
 145 126 206 119 128 313
 263 182 227 110  32  67
 116  24  19  25 190
 182 117 227  30
 197 123  22 237
 369 176 287 131  15
 271 171 104  68  79 277 331 343 387
 199 245 373 218 302
 347 391 363 139 352
 337 307 359  91 308
 220 327 165   5  51 366 367
 292 198 134 383   4  26 136 241 251 256 333 375
  16 164 321   6 130 305
 233 202 288 316 163
 221 367 168 284  93 106 307
 168 350 104 239
  11  70 378 108  80 121
 285 220 327 101  51 165
 309 253 206  89  60  70 158 328 361
 202 233 304 289 174 234
 276 352 104 123
 220 348 266 265
  46 165 329  39   2
 139  63 162 391  73 242
 319 391 382 293
 229  90 216 255  20 116 157 222 273
 376  72 283 363  76 246
 310 191 167 323 112
 363 269 147 188  23 237
 276 352 293 363
 199 312 373 286  14 103 353
  89 298 178  47
 275 130  90 389
  79 343  68 319
 101 329 316 348  27  52  64 171 226 285
 348 226  14  63  73 283
  85 224 377 172 215
 383 375 198   4 118
  97  30 142 181 118
  35 378 343 213  62 276 387
  24 224 332  89 179
  11  47 206 212  45 231 289 303 361
 370 355 111 271
 110 345 227 182  55 142 254
  52 283  27  64
 340 258 177 361 125
 224  84 374 200 301
  13 345 372  55
  78 237 284 123 106
  77 237 284 243
 162  35 261 227   2  62 306 319
  11 231 158  45 234 339
 251 383 292 219  26  99 267 342
 287 326 349 310 170 191
 265 312  14 141
 212 309 346 374  75 238
 377 189  92 208  65 144 185 228 270 282 311
 129 179 360 351  28 386
 211 172 160 153 258 344
 156 112  98  15
  60  47  69  24 158 280 301 328
  54 259 216 229  61 130 157
  10 120 334 256  38
 377  85 230 116 215 270 365
 337 365 295  43 305
 267 159 196 338
 116 160  16  25 130 228
 117 121 174 169
 108 330 304 296  13  67 181
 112 254  88 203 234 384
  81   7 267 308 113 133 342
 261 149 382   1
  63 226 329 347  27  46 213 248 285
 168 373 346 171 239 366
 264 272 213  59 370
  35 124 190 168  44  49 277
 353 371  19 178
  43  77  23 237 342
 252 187 326 299 138
  97 296 304 316  13  45 142 318 378
 388 247 303 212 244 257 320 328
 227 357 127  72  30 188
 202 293 154 316  71 275
 203 156 357  56  88  98 323
  99 235 159 240   7 137
 372 209 214 252 170 315 349
 120 274 325 334
  25 216 229  54  31  92  95 255 262 302 377
  32 169  96 203
 142  67  66   9
  29 313 126 145 289
 334 134 274  10  91 115 290 325
 289 387  11  45  96
 164 321   6 143  16 150 389
 149 284 261  77   8  21  23  33  49 246 341
 314 213 353 355 104 190
 177 339  74 282
  29 145 119 212 163 249
 357 356 156 110 254
 247 388 313  29 180
 179  86 360 193 230 257
  41  90 228  95  61
  15  34 167 203
 250 318 304 163 174 221 277 343 354
 196 294 267  99
 120 334  40 251  10 256 274 325
 137 364 207 153 342
 292 241  40 274   4
 336  26 135 113
  22 197 187 107
  52 391 293 227  37 162 242
 299 334 187 252 217 359
   0 186 218 143  83 265 272 388
  67  13 108  72 118
 186 298   0 178 122 141 183 218 320
 377  85 179 216 189 228 268 280 282
  29 206 309 260 119 126 288 297
 325 294 290 256
 261 358  57 291  21  23 306
 240 235 192 294
 284 382 261 100 123
 186 122 286 259
 285 233 213 248
 208 344 160 311 185 281
 172  87 211 160 135 232
 293 368 111 380 362 384
 372   8 225 341
 203 357 356 127  15  88 112 323
  90  18  54 273 204
 361  47 231  89  80 173
 338 340  28 184  94 113 235
  87 211 185  95 152 153 281
 245  25 321 259
 227 391 139  52  79 318
 304 126  42 378 132 331
 122 321 175   6  18  41
 327 226  46 347  39  51
 333 291 349 169
 191  56 131 310
 102 367 171 221  43  44 104 207 276 354
 203 166 237 356  96 117 205
 358 372 114  82
 271 316 213  63  35 102 168 239 343
 211  87 153 208  65 258
 180 158 328 313 275
 250 132  48 331  96 278
 385 186   0 164  18
  34 356 369 357 323
  74   9 366 205 125
 286 332 143 186  19  24  60 105 194 259 355 371
 230 129  69  86 144 184 257 386
 173 247 128 388
  67  97 330 304
 263 227  30  72  32 242
 298 143   0 186 247
  28 338 179 230 159 192 240
 160  85 152 211 281
   0 141 143 286 150 175 178 183 265 298 385
 299 140 334 252 107 138
 261 382 110 227   1  57 269 291
  85 282 377 144 240 270
 124 303  31 249   2 104
 310 167  56  82
 235 282 240 184 148 215
 216 129 229 298  18 244
 245 314 353 178
 200 324 351 374 381
 133 256  26 292  94
 359  33 217 299   8  22 138
 310 300  40 241  66
 218  59 309 286  36 373
 195 381 253 360  75 280 324
 313 317 297 370
 233 266  42 316  48 111 368
 156 356 357 112  98 117 131 169
  20 273 222 157
 322 390 279 169 177
 309 145 297  29  47  70 317
 364 354 168 232 135
  85 211 152 311 172 228 268 344
 114 315 372 287 214 349 390
 379 356 369 357 223 225 243
 172  87 208 160 153 185 258 280
 264  84 303 218  70 109 126 249 346 355
 285 271 248 101  68 103 124 151 171 264 316
 114 209 383 252 243 326 341 372
 192  65  92 230
 229  54 116 222  90 144 193 262
 299 315 140 334 197 359
 286 141 199 143  36 212 249 260 351 360
 333  81 256 383   3   7
 348 226 327  50  39  46 288
  43 168 367 132
 229 216  54  20 204 255 273 335
 369 356 345 210 225 358 379
  69  24 360 332  65  75 301 350 374
 210 356 369 223 155 341
 101 348 329  63   5  64 165 220 283 327 347 366
 391 110 382 162  30  32  72  79 139 182 188 242
 208 144  95  85 130
  54 216 222 116  90 193 255 268
 179 377 129  92 184 215 386
 158  70 301  11  80
 346 364 354 153 207
 202  42 266 304  48 151
  98  80 331  48 278
 192 159 282 338 113 148
 322 279   9 241 278
  78  77 169  57   3  33 106
 260 312  84 309 314
 102 346 171 373  44
 282 192 184 189 113 148
 198 300 322  40 136 236 279
  52 139 182 227 275
 287 210 214 300  78
 320 109 193 388
  25 161 353 332  36 194 302
 123  55  23 352
 298 109 388 183 128 180 320
 213 285 101 264 151
 264 212 218 126 190
 132 269 318 174   3
  81  40 134 383  10 292
 334 140 114 107 187 214 372
 360  47 351 309 200
  72 345 127 357  98 384
  54 229 116 222 262
 333 134  40  91 146 196 219 325
 109  11 179 129  28
  87 172 211 311  74 340
 332  25 389 178  90 150 161
 286 218 145 309 238 312 317
 188 100 382 149   1  79 123 147 291
 116 255 377 216
  30 182 293 391 368
 212 303 103 213 248 249
   0 141  83 186  50
 202 233 348  27  50
  99  81 133  94
 350 208 229 144
  57 250 188 363
 189  92 295  85 365
 213 171 316 296  35  71
 370   0 141 297 103
  20 204  54 222 157 335
 120 134 334 136 115
  61 111 242 173
  49 352  68 168  58
  35 354 104 132
   3 236 174 234
 322 390 241 300   9 205 236
 200 211 144  89 338
 311 152 185 160
 189 192  85 144 125 235 240
 226  64 316 329  17  55  73
 149 123  78 382  43  77
 213 248 101  63  46 151 343
 178 218   0 312  59 150 186 199 260 353 371 374
 315  82  34 369 209 243 291 300 326 349
  14 145  42 220
 378 313 119  70  48 121 331 387
  10 146 325 120 294
   1 261 188 287  21 147 166
  40 383 251 333   4  26  81 136 196 375
 154 391 139 263  53  58 111 368
 146 133 290 337 148 336
  93 270 365 337 305
 108 271 330 316  97
 206 309 145 317 201 272
 183 143 247 186  60 193 328
 217 140 187 334 107 197 359
 310 198 287 241 243 279 322 390
 231  75 224  89
 374 245  36 116
 212 264 109  70 190
 108 233 330  97  13  48 132 163 181 318 378
  41 366 295  93
  21  79 147 362   2
  38 336  43 341
  99 337  38 365   7
 206  47 253 145  84 199 238 260 297 317
 191 300 198  56  82 167
 208 281 152  85 258
 286  83  59 260 238 373
 119  29 128 289 173 201
 124 353 194 238
 287 209 217 114 341
  63 271 171 213  42 108 111 202 283 296 330
 297 206 309 260 201 339
 108 132 162 304 250
  53 363 352  79  62
 244 109 247 143 387
   6  25 122 164  16  41 161 335
 279 390 241 300   9 205 236
  56 176 156 112
 195 200 351 374 350 381
 256 120 334 134 115 146 290
  82 214 287 372 107
 220 226 165  39  46 376
 298  47 109  89  11 173
 101 226  63 348   5  17  27  51 283 347 376
 316 304  97 296 181
 163  35 378 289 174 234 364
  25 178 259 224   6  69 245
 256  40 292 166 219
 120 140 134 252  91 115 187 217 274 299 325
  20 222 321 273
 307 137 294  26
  38 365  93 308 294 295
 159 184  28 280  94 235 340
  80 317  13  11 125
 159 338  74 258
 315 225 123 214 155 307
 106  99  81 135
  35 171 132 285  62  68
 152 381  87 208
  12 223  72 254  76 358 384
  84 212 102 371 232 239
 226 329  37 101  17 165
  64 226 220  63   5  14  17  50 266 329
  82 209 114 287 166
 268 224 360 324  44
 360 253 218 195  86 324
 391  37 363 319  49  58 246 276
  59 105  19 286 124 194 245 314
 364 207 132 168 232 277
   0 370 178 212  71 124
 369 357 210 203  15 127 156 169 176 223 225 379
 356 156 127 210 110 112 176 203 254 369 379
 223 345 147   1 170
 197 140 299 217  22  38
 253 351 224 218  86 129 200 350
 158  47  11  70  74
 380 387 306 154
 376  12  37 391  55  57  58 269 319 352
 354 207 232 331 135
 337  93  92 270 295 308
 102  39 373 226 177 305
 168  43 221  39
 154 263 293 202 380
 356  34 210 357 176 223 225 287
 272   0 355 103  71 201
  19 286 178 105 346
 114 209 252 214   8  76 155 170 326
  59  36 199 312 102 239 366
 224 195 286  84  75 302 324 381
 383  10  40 292  66
 363  12 329 327   5  55
  85  92 116 144  65 189 230 262 386
 289 304 163 108  45  68 331
 210 356 357 223
 154 368 362  27
 200 195 374 324 344
 149 188 261 227  53 100 284
 375 292  40 251  66  81 214 219
  98 254 345 154
 175 186   0  18
 179  86 230 377
 320 289  35  68 121 362
 109 247 128 141 180 244
 259  19 122  16  61
 322 279 300 209   9 205
 227 139 293 162  12  37  52  53 263 352 363
