 186 183  18  20 115 247
 271  11 213 188
 320  77 109 132
 171 278  23 347  44
   9 328 243 180 325
 170 134 236 241 207
 144 270  54  95  92 189 255 377
 106 197 159  76
 264 319 103 213
 243   4 136 214 180
 314  50 301 137 275
 331   1 306 188 343
 223 322 369 345 182 329
 349 391 356 114 303 383
 220 283 348 327
 356 391 266 136
  19  69 374 302  89 185 230
 345 358 331  27  83 145
 175 385  20 222   0 146 247
 374  16 302 371  69  89  94 135 185 260 389
 204 222 273 175   0  18
 162 261 140 108 237 372
  31 218 351 195
 279 214  50 340   3  49  68 278
 295  95 286  69  93 105
 192 152 229 235
 207  91 375 232
 203 345 358  34  17 287
 244 249 107 141 190 265 294
  79 132 174 163  71
 315 210  52 316 379
 195  22 305 351
 263 169 128 291
 212  43 367 359 196 277
 203 293 154  80  27  56 254 274 313 323
 117 318 123 233 124 256 277
 116 268  93 224
 291 299 319  63 166 170 333
 152  99 309  39 344 360 381
  99  84 199  38  59 168 366
 254 322 323 369 217 313
 113 324 138 150 179 184 215
 266 267 329  76 165
 212 367 239  33 124 252 359
 338 281 311   3
 383  53  81 334
 256  57 219 343  83 197
 338 336 312 281 206
 174 289 169  98  58 120 320
 276 104 218  23
 314  10 279 288  23  68 267
 370 371 104 373 288
 299  30 263  63 111
 217 198 363 334  45 325
   6 144 270  90 230 240 282
 284  78 140  77
 112  34 242 176 191 201 313
 233 261 331 117  46 119 219 256 285
  48 326  98 289 388
 344  39 199 168 187 355
 178 255 144 211
 280 125 150 113
 250  79 169 163 128 257
 149 101 163  79  37  52  70 120 169 170 263 284 291 296 299 378
  72  97 283 205 134 251 348
 200 160 208 245
 390 227 127 209 181 334
 214 114 288 155 275
  23 266 391  50
 302  16 374  19  24 230 371
 101 265  63 163 253 326
 296  29 103 297 361
 127 357 287 345  64 134 205 251 383
 300 110 227 176 139
 239  99 366 252
 301 238 260 137 314 373
 348 327 283 383   7  42 165
  78 100 132 284   2  55
  77 316 100 318  55
 250 149 101  63  29  62 132 163 190
 154 203 293  34 131 202
 232 220 383 251  45 207
 274 322 156 369 387
  17 145  46 331
 253 138 107 324  39  99 113 297 309 330
 268 228 337 377 350
 386 141 360 138 184
 160 211 200 178  91 105 231 258
 154 300 112 176 173 201
 389 259  19  16  94 122 130 137
 122 259  95 270  54 157 164
 258 232 231  87  26
 377 365   6  95
 172  24 153 295  36 276
  19 238 135  89 155 206
   6 295  90 144  24  92 245
  98 269 289 169 119
 139 227 357 209  64 142 205 225
 368 289 169  48  58  96 119 241 310
  39  84 239  38  74 366
 304 382 284 318  77  78 123 316
  63 149  79 163  70 103 120 296 304 326
 238 371 260 302 155 288 340 342
 101 166 304 319   8  71
  49 171  51 165 267
  87 178 153  24
 277 196 123 168   7
 354 126  28 128  84 138 141 330
 162 261 188 316  21 151 318 382
 320 132 388 174   2 272 343
 227 300 210 357  73 117 139 292 390
 333  52 166 126 361
 154 203 167 380  56  88 131 191 242 384
 324  84 253  41  61 138 215 361
 383 283  13 349  67
 335 183   0 216
 224 295 161 270  36 143 218 321 335 351
 233 110 300 261  35  57
 181 142 209 341 173 275
  96 233  57  98
  48 101 132  63
 289 269 304 174 151 272 285
  90 259 389  89 130 143 157
 318 100 149 299  35 106 124 277
 123 212  35  43
 366 239 324 362  61 177
 128 107 250 354 111 265 330
 369  72 322 357  66 134 209 217 223 323
 126 107  62 244  32 141
 302 260 374 158
 389 259  89 122 298 317
 384 203  80 112 191
 174  79 304 163   2  29  77 109 120
 249 193 190 196
 251  72 127  64   5 234
 238 281  19 185  94
 356  15 391 266   9 198 234 363
 259  89 185 389  10  75 301 314
 324  84 107 113  41  86 150 184
 292 110  97  73 225 376
 372 162  55 226  21
  28 244 128 107  86 294 386
  97 209 292 283 118 181 341
 122 259 116 286 335
 270   6  95  54  60 189 240 255 268 282 332 377
 327 170 376  17  83
 388  18 247 148
 269 169 291 289
 294 193 175 320 146
  63 378 101  79 123 284 296 364
 138  41 324 184  61
 285 121 188 108 177
 199  38 215 309  25 280 344 360 381
 172 245 224  93 105 276
 112 203  80 176  34  88 167 173 300
 214 102  94 243  67
 322 369 349  82
  90 270 122 216 164 240 321
 340 260 389 129 180 317 328 370
 346   7 353 276
 211 200  65  87 178 194 208 258
 224 116 286 172 218 321 335
 261 108 188 316  21 140 213 237 331
 250  63  79 101  29  62  70 132 221 354 364
 298 157 230  90
 104  76 303  42 187
 333  37 319 111 103
 380 112 384 154
  39 367 252 220  59 106 232 341
 291 289 174  63  32  48  62  96  98 147 263 269 368 378
 376  37 292  63   5 145
 347 329 104   3
 153 245 224 161  93
  88 323 154 118 275
  48 132 169 304  29 109 121
 222  18 193 186  20 148 385
 293 242 357 154  56  73  88
 151 205 125 285
 211  87 268 160  60 105
 215  41 184 324
   4   9 158 328 325
 390  66 252 142 118
 223  12 369 329 352
   0 335 321 186 115
 360  86  41 138 150 179 386
 374  19 281  16 135 137 311
 175 222 193   0 183
 246  59 165 352 355
 162 108 261 331   1  11 151 306
 144 377   6 270 262 282 290
 249 244  28  79 133 193 309 364
 131  56 112 380 387
 229 235 216  25
 320 222 175 190 133 148 186
 307 258 245 160
 351 245 208  31  22 262 305
 212 249  33 221 106 133
 237 226 352  46   7 303
 136 334 356 323  53 234
 152  39 344 324  59
  65 160 211 208  87 268 308 365
  88 313  56 380
 203  80 271 293
 293  34  27 358  80 112 131 154 202 274 345 357 384
  20 222 273 229
  64  97  72 322 177
 312  47 336  94
   5  26  81 375
 332 200  65 160 195 308
  97 357 227 127  66 118 142 225 372
 315 379 300  30 110
 160 200 178  87  60
  33  43 367 330 124 196 239 252 359
 271   1 226 162   8 248
 243 279   9  23  67 155
 324 294 113  41 152 179
 229 157 192 270 115 262 351
 334 127 323  40  53
 161 224 116 335  22  49
  46  57 277 376
 168  14 327 283  81 232 341
 163 250 354 277 196 333
  20 204 175 193  18 186
  12 369 322 127 182
 161 116 172 295  36 153 218 321
 139 287  97 209 341
 271 292 352 213 140 197 237 376
 110 292 357  73  66  97 209
  85 337 268 377 350
 192 216 273 204  25 235
  69  54  16 374 164
 312  91  87 350
  81  91 220 168  26 307
 117  57 300 261  35 119 256
 136 198 134 356
 192  25 273 229
 362 310 330 241   5 339 375
 197 226  21 162 303
 135 102 260 302  75  94 288 373
 212  43 359 354  74  99 125 252 366
 144  54 270 157 290
 300 310 379  98   5 236 362 390
 176 357 293 112  56 372
 214   9 328   4 155
  28 190 249 250 128 141 265 294 297
 172 153 295  95  65 194 195
 353 187 355 346
 387  18   0 385 146
 213 264 277 285 355
 190  28 244 250 133 196 257 272
  62 163  79 126 221 244 249 257 269
  72 283 134  64  81
 367 212 239  43  74 168 181
 297  84 265  70 113 309 324
 322 369  34 293  40 323
 270 144 377   6  60 290
  57 233  46  35
 249  62 250 272 386
  91 160  87 194 280 307
 389 122 137  89  90 130 143 286
 340 302  19 374  75 102 129 158 238 342 373
 162 108 188 318  21  57 117 233 316 331
 280 216 189 195
 289  63 296 169  32  52 299 310
 285 319 343 318   8 248
  70  28 126 244 253 297
 391  42  15 356  68 136 267
  42  50 266 104
  85 200 377 144  36 178 228 350 365
 378 289 250 169  96 121 147
 144   6 332  90  54 116 157 189 216 240 255 377
 213   1 226 202 352
 109 257 121 249 385
 229 204  20 351 235
  34 203  82 358
 118 173  67  10
  49 286 153  93 159 346 353
 221 123  33  35 106 219 248
   3 279  23 340
  23 340 214  50 278
 262 152 258 381  61
 374 311 185 302  44  47 135 336 338
 290  54 144 189
 383  64 114 251  14  76 142 220 348
 100 149  63 382  55  77
 304 121  57 264 151 177 248
 161 371 259  24 143 276
 357 293 345  27  72 225
  50 102  51 238  67
 169  98 263  48  58  96 121 147 269 291 310 368
 282 189 255 240
 169  63 289  37  32 147 310 319 368 382
 139 227 110 376 142 170 226
 203 357 176  34  80 202 242 254 287 323
  28 244 215 141 148
 116  95  24 245  93 224 332
 263 149 101  63  71
 253 244  84 265  71 309
 164 317 370 130
  52  37  63 263 123 319 333
 110 210 315 154  73  88 117 233 241 379
  75 314 137  10
 374  69  19  16 102 129 238 260 281 311 371
 197 237  13 329 165
 100 132 174 101 103 121 285 318 326 382
 353  31 195 308
 331 188 368  11
 194 258 232 381
 344 381 200 208 305
 253  84 297 190  38 152
  98 263 289 291 236 241 362
 281 374 302 185  44 336 337
  47 338 336 231 206 350 373
  40 323  56  34 201
 301  10 137  75  50
 210 379  30 300
 318 108 100 261  30  78 162
 130 389 298 158 325
 316 100 108 304  35  78 123 261 264 319
  37 318 291 299   8 103 166 264
 109 193   2  48 148 385 388
 161 157 224 116 183
 369 254 223  12  40  82 127 156 205
 254 127 293  34  40 173 198 217 313
 138  84 113 253  41 125 150 179 199 215 361
  53 180 317   4
 101  70  58 304
 145 376  76 220  14
 158 340   4 243 180
 349  12 352 182  42 171 303 347
 212 107 126  84 236 339 362
 188 162  11 261  17  57  83 306
 208 270 144 295
 166 299  37 221 111
 217 198 383  66  45  53
 161 143 116 218 115 183
  47 338 311 281 206 312
  85 311 374 228
  47 336 312 281  44
 375 362 236 330
 260 158 342 102  23 278 279 328 370
 142 225 220 168 118
 340 260 371 102
 264 109 388  11  46
 381 199 152  38  59 308
 358  27 203 357  12  17  72 287
 159 276 246 353
 349 329 352 171   3 387
  76  64  14 283
 156 329 391 369  13 114 347 356
 268  85 228 312 231
 195 273 216 116  22  31
 226 329 182 271 187 197 347
 246 305 346 276 159
 107 126 163 378 221 239 364
 246  59 187 248
 391  15 136 349  13 198 234 266 363
 293 203 287 176  72  97 110 127 209 227 242 345 358
 345 203  27 357  17 274
 367 212 239  43  33 375
 184  86  38 152
  71 111 113 324
 236 310 241 330 125 339
 136 383  53 356
 354 149 163 190
  92 377 200 268
 125 239  99  39  74
  43 212 359 252  33 168
  98 291 169 289 306 380
 322 127 254 223  12  40  82 156 182 349
 371  51 340 158 298
  19 302 374  69  51 102 286 342 370
 140 242 209  21
 238 312 260  75  51
 302 281  19 185  16  69 129 230 260 311 337 371
 390 339 359 236  26 207
 292 170 139 226 145 219 327
  92   6 144 270  85 189 228 255 268 365
 149 169  63 269 354
 315 210 300  30 241 390
 167 112 368 384 191 201
 344 308 152  38 280 307
 100 291 108 304 284
 283 114  13  72  45  76  81 334 363
 131 167 112 203 380
 320  18 272 175 247
  86 257 141 184
 247 347 191  82
 109  58 320 343 146
  89 259 130  19 122 137 158 317
  66 241 110 379 181 375
 356  15 266 349  13  68 136
