 122 161 355  90
 223 110  30 117 261 366
  93 222 196 246 204 267 337
 367 107 257  72 219 236 270
 232 328 375 338 386
 278  64 142  14 282 376 380
 298 164  67 127 347
 121  75 297 350 342
 263 226 154 299 163 166
 383 292 322 290  10 120 128 136 152 181 207 217 254 274 279
 322 383   9 118 210 243
  70 365 350 205 266 342
 152 336 348 217  92
 139 365  45 130 301 332
  64 283 142 326   5 102 177 220 238 278
  34 238 203 329  35 260 331
 116  25 370 157 106 140 211
 348  64 283 210  92 156 177 282
  69 199 335 216 264 307
  49 171 155  58  23  89 104 131 303 343
 204 160 231 186
 144 166 154 299 194 255
  41 314 378 161 316
 131 171 233  19  35 148 343
  94 370 157 116 135
 116 370  16 114 140 148
  67 191 153 275 268 316
  34 329 283 238
  29 126 169 205 244 266 269
 126 387  47 254  28  86  98 169 249 269 380
 100 111  71 110   1  50 145 188 224
 349 276 256 321
 147 159 381  57
 353 195 308 150 149 189 226
  15 283 287 238  27  58 203
 131 303  15  23
 368 331  89 260 176 178 192 325
 109 240 209 225
 377 374 356  51 115 228 294
 229 143 186  59 247 354
 280 181  88  60 201 241
  22 314 378 161 284
 288 327  83 178
 373 305 308 353 138 240 265
 287 243 313 232  58 151 155 220 328
 253 130 328 374  13 215 219 304
 168 247 165  59 109 161 314
 287 338 243 277  29 151 170 249 380 384 387
 107 132 318 174  96 219
 371 286  19 155  68  85 171 185 302 332 346
 100  30 319 101  63  73 103
  38 115 286 287 317
 264 385 213 122
  99 128  74 129 108 228
 335 216 321 262 157 307 355
 134  81 386 251 252
 265 258  91 193 141
 159 378 200 272  32  79 340 363 381
 287  34  44 277  19 127 131 329
 229 324 165 221  39  46 162 186 354 385
  74  97 280 205  40 108 182 297
 253  84 365 250
 120 126  99 207
 101 239 110  50
 283  14 348 278   5  17 170 177
 225 208 267 229 105
 198 251 142  92 389
  26   6 153 191 268 275
  49 374 139 155
 199 213  18 150 264 385
  11 365 297  84 342 347 351
 145  30 111 188 100 306
 345 230 313 274   3 233
 272 379  76  50
  60 128  99 280  53  84  97 129 182 205
 129 146  97 280   7
 363 382 190 296  73 180 272 340
  78 114 157 370
  77 157 114 370
 340 125  57 159
 375 339 292 383
 113 142 251 118  55 134 198 376
 256 289  96 174 311
 178 172 153 202  42 218 327 390
 365  74 357 253  61  70
 371 130 215  49 289
 169 249  29 387 244 269
 341 242 354 160
 280  40 206 217
  36 303 329  19
 175 161 172   0 320 390
 258 265  56 359
 283  17 348  12  66 389
   2 150 196 222 199 225 337 372 373
  24 135 355 370
 305 293 353 308
 330 312 132  48  82 106 256
  60 253 129  74  75 179 182 257 297 357
 249 386 384  29 252
 128 290  53 120  62  74 108 129
  30  50 111  71
 369 239  63 306  50
 345 220  14 313
 188  50 319 327 284
 185  19 371 331 176 285 295
 221  65 141 173 162
  96  16 312 211
  48 318 302 174   3 211 270
 280  53  60  99
 316  37 161  46
 369 123  30 239   1  63 111 223 366
  30  71 110 100 366
 279 292 206 383 156
  81 142 118 338 376
 370  25 157 116  77  78 140
  51 345  38 179 389
 370 157  25  16  24 114 135 307 311
 223   1 123 319
 322 339 383 142  10  81 113 210 243 326 375
 148 171 218 259
 207 290   9  99  62
 350 124   7 132 201 300
   0 370  52 355
 223 319 127 197 110 117 298
 253 257 367 174 121 158 270 312 330 350
 340 382  79 273
  62 290 279 128  28  29 205
 369  58 123 287   6 164 271 298
 290  99   9  74  53 126 217 280
  53  97  99  74  75 146 367
 253 214 357 358  13  45  85 158 248 365 367
 329  58  19  23  35 197
 330  48 174 121  96 236
 324 221 231 315 273
 251 326 142  81  55
  94  24 343 116 175 311
 279   9 383 322 198 281
 237 296 316 360
 196 305 323  43
 356 377 374 170  13  68 146 380
  25 270 114  16 144
 193 173 105  56 209 234 352 360
 118  81 326 251   5  14  66 113 134 198
  39 200 229 341 320 363 378
 194  21 255 140
  71 188  30 306 227 275 288
  75 129 367 139 192 289
  32 159 381 341
 119 270  25  23
  33 195 362 308
 167 222 246  93  33  69 195 262 267 299 353 388
  47 387 313  44
 336  12 383   9 217
 172  83 178 218  26  67
 226 263 299   8  21 163 166
 232 287  44 277  19  49  68 346 371
 282 112  17 251 310
 370 116  54 114  16  24  77  78
 350 124 257 130 270 312
 341 200 272  57  32  79 147 180 381
 231 229  20 186  87 247 344
  46   0 314 247  22  41  90 109 175
 168 221 105  59
 166 154 226   8 256
 329 368 127 197   6 298 303 325
  59 186  46 354
   8 299 154 163  21 255 311
 299 150 222 263 184 246 359
 221 162  46 231
  86 269  29  28 244
 287 277  47  64 139 271 364
  19 317 271  49  23 119 259 285 343
 153  83 218 202  90
 362 193 141 183 105 273 360 363
 257 124  48 132  82 107 318
  90 161 135 272
 331 227  36 104 333
  17 369  14  64
 368  83  36 153  42 288 390
 214 357  97 358 115
 159 363 272  76
 274   9 207 290  40 206
 357  60  97  74 257 304
 372 324 221 231 173
 235 167 222 246 361
 346 371 104  49 295
 231  39  59 229  20 160 165 204 344
 285 329 331 368 327
 288 145  71  30 103 224 227
 245 267 195  33 212 234 355
  76 296 382 291
  26  67 294 365 268
 203 146  36 331
 141 173  56 273 352 360
 144  21 255 342
  33 150 267 189 149 212 240
 138  93   2 323 337
 329 123 164 131 319
 136 251  81 142  66 310
  69 262  93  18 208 229 267
 143 159 341  57 378
 241 121 236  40 300
  83 285 259 295 172 327
  15 238  34 329 192
  20 344   2 186
  60  74 280 126  11  28 250 297 309
 112 279 181 217  88 233
 290 120 274   9  62 181 217
 225 199  65 267 245 320
 245  37 141 352
 279 118 322  10  17
 107 343 270  16 106
 355 316 189 195
 293  69 385 262  52 245 264 344
 358 179 377 130 248 294 365
  85 302 374  45
  54  18 335 321 307
 152 128   9 207  12  88 206
 172 259 153  83 119
 241   3  45  48
 345 102  44  14 233 391
 324 231 242 168  59 105 133 162 183 273 315 341
 246 353 150 308   2  93 167 184 299 323 388
 369 123 319 110   1 117 366
 296 382 188  30 237 291
 315 208  93 373  37  65 240
 321 154   8  33 163 276 349 355
 176 188 145 331 333
  38 328 367  53
 199  39 160  59  65 143 186 247
 328 313  72 345 304
 242 221 324 160  20 133 168 183 186 341
   4  44 155 375 328
 345  72 220 206  23 379
 352 189 245 141
 184 305 362 293 361
 241 132 250   3 201
 296 137 382 224
  15  34 260  14  27 203 239 329
 238 369 283 260  63 101 110
 225 372 195  43  37
  40 236 257 219 201
 231 221 341 324  87 273
 118 338 375  10  44  47 283
 269 169  86  28
 385 208 189 213 209 234 352
 222 353 150 167   2 184 263 299
  46  39 229 160 161
 130 286 214 377
  98 387  29  47  86 252 386
 297  61 205 257 236 266 309
 134  81 142 326  55  66 156 198 282
  55 386 249  98
  97 130 357  45  61  84 124 257 367
 292 290 339   9  29
 144 166  21 359 194
  31 163  82  96
  97 174 253 182   3 124 158 241 250 350
  91 265 373 305  56 359
 317 218 171 303 119 202
 238 239  15 329  36 331
 366 291 360   1
 199 150 353 213  54 264 335
 167 246   8 154 388
 262 213  69  18  52
 258  91  56  43 359
  28 297 250  11 309
 353 150 199   2  65 189 195 208
  67  26 191 333 275 289
 169  86  29  28 244
 158   3 124 107 140 148 211 347
 317 171 127 170
 159  57  76 180  73 175 381
 221 133 173 242 125 193
   9 207 290 292  72 181
  67  26 268 145
 349 335 321 226  31
 287 338 170  47  58 155
   5  14  64 283 376
 292 383   9 290 112 126 136 206 210 281
  60  74 108 128  40  75  88 205
 383 279 136 292
 156   5  17 251 310
  64 348  14 243  17  27  34  92 239 278
 288  41 103 319
 187 104 331 171 202
 364  51 358 377  49 248 317 332
  44  47 277 170  34  51  58 127 155
 188  42 145 178 284
 146 268  85  82
 128 292   9 254  99 120 126 181 207 274 279 336
 382 224 296 190 261
 383   9 339 279  80 112 254 274 281 290
 362 305  95 213 235
 365  38 214 358 191
 346 104 185 303 202
 382 237 224 137  76 190 291
 250 205  97  60   7  70 266
   6 123 127 164 347
 167 246 150 222   8  21 154 166
 121 359 201 309
 317  13 332 365 351
 318 332  49 107 215
 329 164  19  89  35 259 295
 230 384 182  45
  95 308 138  43 235 258 293 323 362
 101 145  71 369 379
  18 216 116  54
 305 222  43 353  33  95 149 388
 250 350 205 266 300
 282 156 198 376 333
 135 166 116  82
 330  96 158 124 106 351
  44 102 322 375  72 151 230 345
  22  41 161  46
 324 225 373 221 133 372
 137 109  22  26 212
 271 171 286  51 259 301
 302 107  48 174
 123 223  50 197 103 117 284
 143  90 354 208
 226  54 355 276  31 216 349
 383  10   9 118 136 210 313 326 339 375
 138 222 196 305 361 362
 221 315 183 231  59 133 242 354
  36 164 376 329
 383 322 118 142  14 134 251
  42  83 202 187 103 390
   4  44 232 377  45 228 230 374
  15 303 238  58  27  89 131 164 187 197 203 260 325
 132  96 312 124 351
 368  36  15 260 104 176 187 192 227 285
 302 286  49  13 301
 268 310 176 227
 358 356 374 377 391
  54 276 262  18 216 349
 152 290 338 383  12 384
 196  93 373   2
 243 336  47 375   4 113 277 384 386
 383 292 322 118  80 254
  79 125  76  57
 242 221 231 354  87 143 147 159 200
  11 350   7  70 194
 211  23 171  19 135
 204 186 160 213
 220 102 313 375  72 115 230 233 391
 185 371 155  49 295
 298 270   6  70
 283  64  17  12  92
 276 321 335 226  31
 121 158 124 257   7  11 309 342
 312  70 330 301
 234 141 193 245 209
 246 222  33 150  43  95 262 267 308
 341 324  39  59  87 165 320
 321 189 226  54   0  94 122 212
 139 377 374 334  38 357 364
 182 356 253  97  84 130 179
 334 214 377 130 179 286 294 367
  91 167 258 265 255 300
 173 141 137 193 261
 235 323 184 362
 293 235 305 323 149 173 361
  76 173 143  57 180
 377 356 286 170 391
  84 214 130 294  11  13  61  70 191 301
   1 110 223 111 261
 253 130 129 358   3 124 146 228
 331  36 164 178 187
 239 223 127 110 101 177 306
 116 157 114  25  16  24  77  78  94 122
 374 155  49 185  85 104 346
 183 373  93 315 240
  43 258  93 315 225 337 372
 356  38 328 377  45  68 139 215 334 371 384
 322 383 118 243   4  80 232 313 338 345
   5 113 278  81 310 325
 356  38 364 328 139 214 248 286 334 358 374
  57 143  22 200  41
 389 233  73 306
  29 139  47   5
  57 147 272 159  32
 296  76 224 291 125 190 237
 322   9 292 339  10  80 112 118 136 152 279 281 326 336 375
 336 338  47 374  98 304
 245 213  59  69  52
  98 249 338   4  55 252
  29 151  47 249  86
 150 308 222 263
 379  66 115  92
  83 178 327  90
 364 345 334 220
