 245 183 172 321   1 116 353
 273 213 186   0
 332 229 208 216 242
 171 156 347 369  40  82
 198 230 180 214 311 337 338 373
 236 375 362 168
 275 226 161 246
 159 197 346  11  93  97
  71 270 271 103
 198 230 260 374 136 180 243 325 363
 352  24 104 137  94
 197 355  17 140   7  22  97 194 351
 347 159 346  93 191 282
 356  51 155 234
  76  64 145 105 173 327
 279 371 340  69  51 129 356
 370  19 114 389 135
  11 197  64 267 303
 175  20 216 204 115
 370 158  69 371  16  54 135 185 275 340 389
 204 222 216 175  18 385
 237 162 306 346  89
 343 351 355  11
 286 371 314  54  49 130 278 298
 104 171 137 355  10 303
 229 152 190 296 372
 330 310 111  81  60 181
 151  57 203 131 146 345
 296 244 126 169  30  79  98 101 190 253 344 378
  48 163 250 294 148 199 208
 250  28 296  70 184 215 294 366
 109 194 162 343 273
 210 128 263 354
 236 210  43  37 154 167 362
 146 219 203 345
 291 117 235 315 241
 329 165 202 283  93
  84 265  63 263  33  39  41 168 221 361
 123 308 315  62 280 300 307 319 364 367
  52  37  41  63 139 179
  44   3 369 281
  84  43 263  37  39  52 324
  76 267 288 238 218
  84 150  41 210  33 138 236 362
  40 281 334 328
  53 134  91 228  72 217
 343 197 384  58  97 287 357 365
 198 206 334 312  66  85 325 336 338
 163 244 149  29 100 132 193 249 250
 182 116  23  75 122 224
 301 329 288 260  67 165 238 266 267
 298 371  15 259  13 135
  39 128  41 324 111 112 139 179 330
 323 217  45 134 311 313 337
 371 185 302  19  23 298 349
 364 103 162 159 142 211 233
 147  96 112 254
 121 277 196 357  27 203 235 331
 380 109  46 162 119 333 388
 103 376 195  73  87 199
 361  26  88 118 201
 319 227 367 120
 308 123  38 315 174 239 255 277 291 299 381
 263  79 354 152  37  39 112 221 265 324 368
  14 348 197 312  17  80 384
 105 333 194  92
 251 390 134  47  87 173
 288 238 105  50
 347 223 143 391
  19 370 266 340  15  75 158 275
 297 244 253  30 344
 103 258 346 106   8  91 120 187 225 233 292
 357 134  45 287
  99 113 103 232  59 118 200
 170 140 103 162 110 205 233 282
  69 370 286 302  49
  14 288 145 105  42  83 327
  78 320 382 108 192
  77 320 382 304 192
 190 101  28 152  63 284 326 368
 352 305  64 142  92
 350 166  26 268 127 231
 156   3 323 230
 145  76 384 327 226
 263 354 107  41  37  43 128 138 150 265 324
  88 207 338  47 231
 126 386 212 250 236 379
 178  66  59 173
 252 367 236 390  60  85 375
 274  21 120 306 115
 122 259 314 161 240
 258 290 209  71  45 211 313
  80 305  65 105 178 322
 159   7  12  36
 328 281 228  10
 157 137 172 104
 330 128 112 310  56 254
 162   7  11  46
 378 149 244  28 169 212 284
 113  73 117 232 200 333
 316 108 132  48 193 289 309
 344  79 190  28 326
 302 374 260 214 155 342
 170  71 195 258   8  55  59  73  74 225 341
 171  24 137 329  10  95 267
 288  67  76 267  14  65  92
  71 256 292 177 187
 263  84 169 138 128 150 210
 174 100 304 382  77 132
 162 121  31 261  58 151 188 264 285 331 343 380 388
 170 241  74 119 113 117 207 239 390
  52 128 179 330  26 181 310 361
  63 147  52 368  56  96 167
  99  73 255 110 118 160 200 333
 389 371 370  16 135
 335  89  18 116
 161   0 182  49 115 224
  99 365 110  35
 211  73 113 280  60
 110 365 239  58
 274 331  71 237  61  89 187 306
 196  57 174 304 109 261 331
  90 259  49 314
  38  62 308 315 289 300 309 316 319
 367 359 307 318
 257 269 241 184
 250  28  86 297 184
 350 220 135  81 231
  84 354 263 107  32  52  96 111 147 310 330
  15 243 356 158
 389 279 371  23 317
 343  27 345 287 146
 100 174  48 108
 364 306 331 227 219 272
 209  45 205 283  53  66  72 251
  16  51  19 114 127
   9 180 266 156 373 383
 301 329  24 104  10  95 172
 107  84  43 263 252 361
  52 221  39 168 262
 209 346 162  11  74
 289 294 249 360 239 381
 352 209  55 195  80
 301 286 370 314  68
 153 353 245 157
 327  76  14 376  83 202
 345  27 203 131  34 358
 368 128 263 354  56 112
 318 316  29 294
 244  48 163 291  98 215 257 269 318 378
  43 210  84 107 236
  27 109 188 380 285 345
  79 296 190  63  25
 172 270 157 246 144 182
  33 386 326 236
 234 302 102 374  13
 369   3 391 230  82 136
  95 172 153 270 144 245 246 321 353
  19 340  69 243 129 279 317 356
 346  93  12   7  55 191 237
 189 113 200 280
 116 218 224  90   6
 261 109 140  58  21  31  55  74  97 188 388
  48 250 291 244  29 149 249 255 299 309 318
 298 259 349 182
  36 329 202  50 218
 350 262 268  81 377
 272 112 310  33 220
  37 265 221 354   5 139
  28 107 296  98 379
  74 103 110 258 227
 104  24   3 329 295 347
 270 153 137 183   0  95 157 182 295
  14 312  66 334  87 336
 304 108  62 382 121 132 196 261 277
 204  20 385 222  18 216
 186 213 226 273
 106 256 274 331 187 293
  87 355  92 305
 310  52 111  39 220
 198   9 243   4 136 338 373
  26 330 262 111 201
 314 183 153 172  49 116 164 335
 172 182 276 295   0 321 335
 126 269  30 299 125 252
  19  54 371 370 240
   1 273 213 176
 106 177  71 120
 382 109 304 162 151 226 271
 160 381 199 200
  79 101  28 152  25 193 284
 346 295 159  12 387
  78  77 320 333
  48 284 100 190 208 229 372
  31  11 195 355  65
 103 351 346 355  59 142 194 305
 121  57 174 256 292
 352  11 209  46   7  17  64 365 384
   9 230   4 180  47 334 338
 381  59 294  29 189
 113 239  73  99 160 189 232 333
 231 181  60 240
  36 165 145 376 248
  57  27 357 331  34 146 219
  20 222 175 385  18 216
 256 282 134  74
 325  47 312 363 336
 390 241 110 339  85
 229   2 193  29 242
 352 197 140 283  91 134 142 228 258 290
 368  32 263 107  33  43 150 212
 280 258  55  91 118
  86 378 210  98 379
   1 320 380 248 176 186 273
 391 102 230 349   4 243
 294 149  30 296 307
  20 222 204 175   2  18 332
  53 311 323  45
  42 267 161 165 224
 257 318 203 133  34
 350 179 167 268 127
 354  63 265  37 139 168
 204  20 175 216 229 332 385
 260 391 266 329  68 303
 161 116 218  49 322
 341 351  71 103
 271 176 188  83   6 358
 359 367 170 319  61 133
  94 209 283 258  45
   2 208 193 222  25 242
 281 328   9 198   4  82 156 214 323 337
 201  85  81 127
 251  73  99 200
 256  71  55  74 339
 155 302 374 363  13
 315  35 359  57
  33 150  43  86   5  88 154 362 375
 256 159 357 274  21 120 287 293
  67 288 260  50  42
  62 299 110 141 119 200
  90 259 185 389 201
 110 300 315  35 125 207 375
 229 208   2 332
   9 158 340 214 129 180
 149  48 250  28  70  98 163 257 296 297 378
 246 353   0 157 144
 245 153 353 157   6
 286 276 347 387 321
 202 213 376 380
 269 141  48 163 366
 244 163 360  48  29  30  86 126 257 297 386
 232  66 134 290 339
 367 138  88 184
 297  28 296  70 344
 377  56  96 350
 308  62 163 304 113
 357 205 290 237 106 177 196 233 274 282 292 313
 269 244 250 149 125 219
  91  71 209 103 170 211 228 290
 389 371 370 335  51  90 122 164 240
 223 391 374 288   9  50 102 238 266 302 342 363
 331 162 174 121 109 277 306 364
 166 377 139 350 181 268
  84  63 368 107  32  37  41 128 138 147 210 265 354
 277 331 109 357 293
  84 263  37  63 168 221
 391 223 260  50  69 136 342
  50 301 288 104  17  42 105 218 303
 350 166 262 377  81 220
 360 249 184 149 125 257 386
 172 295 153 157   8
 351 188   8 305 226
 326 167 133 284
   1 213 186  31 176
 120 237 177 256  89 293
   6  19  69 370
 314 286 301 183 247
 174  57 261  62 264 319 357
 302  23 349 371
  15 158 389 371 130 317
 211 308  38 364 118 160
 328 230 374  94  40  44 323
 205  74 256  12
 209 348 355 312  36 134 228
 190 378  79  98 193 272 372
 320 109 151 380 345
 301  23 314 143  75 247 276
 343 237  46 290  72 131
  67 105  50 238  42  76 260 267 329 363 374
 141 294 100 123 300 360
  91 209 256 258 251 287 365
 163  62 149 318  35 299 309 367
 106 256  71 196
 274 237 177 264
 316 289 141  30  29 148 199 215 307
 346 270 171 172 183 191 351
  28 244 253  30  25 152 169 215
  70 253 244 250 126
 371  23  54 349  51 164
 291 184 163  62 239 366
 123  38 315 289 241
 137  50 286 329 143 267 276 314
 102 371 340 260  54  75 155 234 278 356
 267  24 223  17
 174 108 121 382  78 188 255
 355 195 352 341  80  92 178 271
 331  21 261 120  89 133
 364 294 215  38 124 372
  38  62 315 123 255 280 319 364 381
 100 123 163 291
 330 128 179 111  26  96 167
 217 323  53   4
 348 283  64 363  47 173 206 334
  91 323 256  53
 182 286 301 276  23  90 122 143 335
 308  38 123  62  35 235 241 300 316 364
 100 294 315 123 148 318
 158 279 130 356 322
 291 163 316 149 124 148 219
  38 308 277 123  61 227 359
  77  78 380 213 192 285 358
   0 247 183 157
 383 317 224  92
  53 230 313 281  82 217 311 337
  41  84  63  52
 363 206   9  47
 344 101  79 272 154
 145 376  14  76  83
 281 230  94 374  44
  50  36 137 288 104 165 171 223 301 348
 310 128  52 111  26  96 181
 261 121 109  57 120 133 177 203 264 306
   2 216 222 385 242
 200 113  99  58  65 192
 312 198 374  47  44 173 336
 183 259 182 314 115
 334  47 173 206 383
 323 230  53   4 373
  47 180 198   4  85
 390 251 359 233 207
 302  19 371 158  15  69 243 356
 305 103 225 351
 260 374 102 266
  46 109 388  22  31 131 287 384
 101  28  70 253 326
  27 131 285 151  34 146 358
 159 295 140  12   7  21  71 191 195
  12 369 171  68   3 247 387
  64 283 329 312
 391 369 214  54 164 278 298
 166  81 268 377 127 220 254 262
 195 355  11 295  22 225 271 341
 209 197  10 355  80 142 305
 245 157 246   0 144
 221  84 263  63  32 128 147 168 379
  11 305 352  24  22 178 194 195 283 351
 340  15 158 302  13 129 317
 256  57 277  46  72 203 237 264
 226 146 345 320
 367 227 319 235 124 339 390
 250 386 269 289 141
 111 138  37  60
  43  33 375 236   5
 260 288 312   9 206 234 325
  38 308 261 315  55 133 280 307
 290  46 117 197 119
 249 299  30 378
 359 227 291  38  61  88 124 252
 263  79  63 147 112 210
 156 347 391   3  40 349 387
  19 371 389  69  16  75 114 143 185 259 275
 370  54 302 298  15  19  23  51 114 130 185 259 278 279 340 389
  25 284 193 307
   4 337 180 136 383
 260 281 102 288   9 155 234 328 334 342
 362 236  88 241   5
 327 145 202  59 248
 350 262 166 268 254
  98 149 244  28 212 284 366
  86 354 169 212
  58 320 382 109 151 213 248 285
 308 199 141  62 189
 188 174 108 304  77  78 380
 336 373 322 136
  46 197  64 343  83
 204 175  20 222 332
 360  86 269 250 154
 347 369 247 191
 109 343 162  58
 370 371 259  19  16 114 130 240 279
 110  66 339 359  88 207
 260 266 223 214  68 156 349 369
