  54 259 157 252  90 321 347
  74 261 104  85 192 205 263
 175 178 176  87 313
  57 209 367 291 250
 236 132 356 257
 182  28 126 129  14 348
  93  19 121 353  15 165 295
 230  17 139  41 210
 254 167 270 371 155
 353  19  25 295 266 305 339
 278 326 174  81 136
 202  56  76 185
  73 383 118  67 182 273 351
  80 120 274 311 138
 334   5 383  99 182 348
 295 314   6  90 217
 116  68  25 389 216
 197 282 261 320   7 249
 385  31 161 204 189
 353  93   6   9  37 121 166 180 293 295
 204  31 161 194  88 185 186 203
  22  94 305 307
  94 262 204 216  21  65  79  96 335
  44 277 365 214
 231  43 180 293
 353 167  16   9  49  83 166 270 370 371 389
 178 229 145 242 211
 109 153 100 107 124 307 315
 126 253 310   5 129
 253 250 113  70 170 357
 123 238 340 296 241
 204  20 335 194  18  86 161 385
  44 246 365 325 387
 294 249 291 367  45 244 250
 141 388 176 168
 275 212 368 133  87 188 287 316 359
  46  55 215 218
  93 180 232  19 173 202 256 293 345
  99 348 213 118 195
 199 160 330 329  59  76 148 323 358
 106 219 120 236 325 350 365
 378 212 346 139   7  47  71 230 338
 173 299 148 176
 208 185 180 231  24  88  96 155
 376 365  76 277  23  32 350
  33 249 291 250 357
 215  36 137 274 176 298
 230 328  41 237  57 177 181 338 340
 113 318 206 169  70
 371  83  93  25
 260 146 319 329 325 362 363
  60 197 198 150 369
 302 391 321 228 272 301
 384 273 253  72 195
 262 157 216   0  90 142 247 252 259
  85 344 320 131  36 369
 160 185 330 349  11
   3 174  47 236
 384 217  72 357
 199 329 222  39
  75 140 261 241  51
 309 334 279 383 256 379
 237 132 174 108  98
 190 274 120 110 127 303 311 336
 380 357 170 206 348
  94  22 142 385  79 189
 181 328 177 238 201 220 291 300
 151 254 112  73  12 118
  16 116 157 216 321
 361 380 367 285 179
 113  29 253  48 130 179
  41 255 366 377
 384 129 126 357  53  58
 251 310 134 383  12  67  99 102 223
   1  91  85 359 227
 140  60 282 119  82 147
  44 376  39 277  11 358
  78 144 317 297
  77 317 297 144 372
 315 268  65  22
 120 274 248 303  13 138
 174 326 108 132  10  84  97 292
 140 205 263  75
  49  25 371 370 202 214 339
 257 163 132  81 130 169
 261 320 221 368   1  55  74 198 227 235 344 352 369
 114 360 330  31
 308 287 168  35   2 135
 203  43 231  20 268
 185 330 229  95 186
  54 262 157   0  15 252
 359  74 235 275 115 125 184 187 192 337
 371 270 180 379 223
   6  19 353  49  37 121 165 223 293 355
  22  65 335 204  21 284
 360 330  89 299 148 222
 155  43 231  22 268
 106 190  81 331
 306 281 108  62
 383 334 290  73  14  38 118 322
 109 386  27 287 107 124 239
 364 188 316 162 135
 151 290 251  73 322 375
 304 159 206 294
 261 320 378 346   1 187 234 281 342
 289 366 209 150 276
 349  40 336 190  97
 109  27 100 162 307 315
 132  81 326 174  62  98 236 292
 100  27 107 153 239
 221 200  63 190 145 162
 264 375 112 372
 151 266 251  67 111 375
  48  70 169  29 130
 330 229  86 360 222 343
 184  91 149 377 119 386
  16 389  68 167 370
 296 275 378 133 123 150 346 352 366 377
  99  12  67 151  38 348
  75 140 115 184
 274 303  63 127  13  40  80 288 311 349
   6  19  93 295 217 309
 247 216 370 232 161 194 314
 377 296 117 366  30 149 158 340
  27 304 100 386 307
 359  91 150 287 218 313 388
  28 129 253 310   5  72
 303 120  63 274 211 329 364
 159 206 132 280 136 179 283 380
  72 126  28 310   5 384 387
 292  84 113  70
 235 337 149  55 226 234 369
 108 174  62  81   4  84 128 163 206 318 356
 139 296 117 346  35 171 212 340 354 382 390
 251  73 266 310 182
 218 388  87 101 233
 326  10 128 278 264
 319 338 312 327  46 146 175 298 324
  80  13 329 311
 296 133 212 275   7  41 327 338 340 382
 149 261  75 282  60  82 119 198
 193  34 311 274
 347  54 259  65
 208 160 185 152
  77  78 278 372
 110 327 287 200  26
 298 319  50 137 260 362
 361 367  75 156
 330  39 154  95  42
 140 115 123 261 131 172 226
 377 296 117 368  51 105 125 215 352
 102  67 213 254 112 118 322
 232 314 154 194 143
 172  27 304 386 109
 232 152 161 314 148 323
  96   8 167  43 268
 159 196 255 361 147 317 367
 321  54  90   0  68 189 332 347
 209 366 340 123
 156 196 255 304 103 128 294 317
 330 199 349  39  56 143 323
 204  31  20 122  18 154 385
 381 168 110 341 101 107
 206 318 132 257  84
 289 205 238 300
  93 353 259   6 345
 379 371  19  25
 353  25 389 270   8 116 155 254 267 305 339 355
 341 316 381 287  34  87 162 227 343
 318 113  48  84
 357  64 253  29 233
 354 327 340 133 276
 153 304 386 149 226
 256 232  37 259  42
 326  81 237 181  10  57  62 108 132 280
   2 137 176 178
 218  46 287 215   2  34  42 175 388
  66 205 328  47 201 238 300
 287  26 373   2 175 286
  70 128  69 361
  19 353 270 355  24  37  43  92 293
  66 237  47 196 174 191 220 326
   5  14  12 134
 246 278 362 277
 115 258  91 359 119
 208  89  43  20  11  56 143 186
 229  89  20 185
 342 104  91 192
 316 275 382  35 101 364
 332  65 157  18
  63 336 382 338  97 106 110 200 219
 209 181 237 340 374
  91   1 261 225 187 289
 141 311 324 306
 204 240 247 122  20  31 152 284 335
 252  53 384  38
 156 159 181 366 308 317 367 374
 378 320 261 328  17  51 210 230
  85 261 320 140  51
  39 330 160 329  59 358
 338 110 324 190 145 207 341
 220 177 271  66
 345  37 232  83  11
  88  20 360 204
  31  20 194 161  18  22  94 203 335
 177 282   1 300  82 164
 163 380 128 132  48  64 103 283
 352 225 377 200
 143  43 185 277
 366 158 340 230   3 105 191 265
 271 219   7 197
 222 229 127  26
 139  35 346 133  41 287 327 354
 254 151 266 305  38
 277 279  83 246  23
  46 221 150 368  36 176
 262 247  54  16  22  68 122 259
  15 121 295 314  58
 176 388 287 125  36 135 245 299
 224 328 336 190  40 210 243
  66 291 181 201 271
 368 224 275  85 110 215 316 344
 211 229 114  95  59
  93  92 256  73
 368 221 261 328 219 263
 378 382 368 346 192 207 289
 131 172 149 337 276
 168 388  85  74 233
 347  52 321 332 272 273
 186 114  89 222  26 211
 328  47 197  41   7 209 291
  43 277  96  88  24
 122 152 314 154  37 173 202
 135 227 241 170
 344 131 104 235
  91 337 359  85 131 234 258
   4  57  40 108 363
  47  62 354 181 174 191 331
  66  30 241 177 164 300
 100 109 308 317 276
 295 194 247 353
 238 291  30  60 233
 248 319 362 303  26 325
 281 263 219 344 306
 250 269  33 367
 388 337 218 385
 183 214 279 290  32 387
 216 122 262  54 194 240 259
 331 319 325 242  80 363
  33 291  17 294  45
 244  33   3 367  29  45
 134  73 266 310 102 112
   0  54  90 321 195
  29  28 126 357  53  70 170 384
   8 167 389 213  67 151 391
 156 291 159 386  71
 173 223  37  61
 278 163  84   4
 337 359 235 184
   0  54 247 216 142 165 173 347
  50 327 329 146 363
 320 197 378  85   1  17  60 104 140 149 192 198 224 263 282
 216  54 247  90  22
   1 224 261 243  82
 333 111 297 136
 366 308 354 209 312 374
 251 134   9 305 112 213
 355 353 167 389
 373 155  96  88  79
 244 380 304 317 351
 353 167  25 180   8  92 371
 210 201 220 326 288
 391  52 302 228
 301 228 391  12  53
 120  63 329 311  13  46  80 127 141 288 349 362
 296  35 117 139  91 188 221 287 359 382
 171 105 226 239
 214 231  44 208  23  76 183 376
  10 257 372 333 136 144 183 283
  61 334 214 383 246 309
 174 367 356 326 128
 243 306 104 336  98
  17 205 261 140  75 342 386
 333 128 206 278
 315  94 194 364
 297 351 380  69
 390 319 178 312 373
  35 359 275 212  87 100 125 145 168 176 178 218
 120 363 271 274
 225 354 192 378 105 164
 383 102  99 334 246 322 375
  66 294 230 328   3  33  45 220 241 249 255
 130 108 318  81
 180  19  37  93  24
 291  33 361 159 103 249 304
   9  15  19   6 121 217 240 314 345
 275 139 117 133  30 123 150
 333 380 372  78  77 264 285
 146 338 137  46
 360  95 218 330  42
 177 205 238  66 164
  52 302 273 391
  52 301 391 272
 120 331 127  63  80 242
 159 103 172 294 124 153 269
   9 353 167 266  21 213
 281 311  98 243 193
 124  21 107  27
 265 196 366  87 239 374
  61 334 279 121
  73 251 134  28 126 129
 274  63 306 120  13 138 141 193
 390 319 137 265 286
 315 374   2 125
  15 122 232 295 152 154 217
 313 284 107  27  79
 188 382  35 221 101 168 364
 196 156 361 159  77  78 239 269
 169 163  48 132 292
 137 338 327 312  50 146 242 248 286 324 390
 261 197 328 378  17  55  85 104 198 344
 157 391  68   0  52 228 252 332
 102 290 151  99
 358 160  39 154
 200 319 137 338 193
 248 242  40  50  32
 174  81 108 181  10 136 271 280
 212 382 338 139 137 145 171 260 319
 230 197 320  47  66 177 219 224 291
 274  50 127 199  39  59 138 260
 160 199  95 114  39  56  86  89 148 299
 336 237 248 303  97
 189 157 321 347 228
 380 297 283 278 264 372
 383  61  99 279  14 290 309
  31 194 204  22  94
 331 190  63 219 106 281
 235 258 131  91 226 245
 382  41 139  47 137 190 200 298 319 324 327
   9 353 167  83
 139 133 123  47  30 158 171 191 209 354
 381 343 168 200 162
 187 282 104 386
 341 381 168 114
  85 221 320  55 234 243
 202 295  37 165
 378 133 212 117  41 104 225
   0 157 142 259 228 332
  14   5 118  64  38
 106 274 160 120  56 365
 365  44 376  40
 285 269  12 380
 150 368 117  85 207
   9  25  19 167   6  93 165 180 240 267 270 305 339 355
 133 382 340 212 171 237 265 289
 353 180  93 167 267
 280 367 132   4
 253 170  29  45  58  64  72
 323  76  39 199
  91  35 377 275  74 125 184 235 258 287
  95 114 299 203  86
 156 294 367 317  69 147 179
  50 146 274 242 183
 248 236  50 260 288
 101 316 127 188 284
  44 350  40 349  23  32
 377 209 123 117  71 105 158 196 265 308
 196 156  33   3  69 147 244 250 280 356 361
 221 224 378  35  85 150 215 225 352
  55  85 131  51
  25 122 116 389  83
  49  25  92 270   8  83 166 379
 278 297 333  78 111 144
 178 268 286 390
 308 265 191 196 313
 102 290 111 112
  44  76 277 350
 366 123 150 117  71 115 207 359
 346 197 117 261  41 104 225 289 320 368
 166  92 371  61
 206 269 128 333  64  69 285 297 351
 341 343 168 162
 338 275 139 133 188 190 225 316 327 354
 334  99 290  73  12  14  61 279 387
  72 129  53 253  58 195
  18 161  31  65 245
 115 255 282 100 124 153 172 342
  32 129 246 383
 218 176  34 125 135 227 245
 116 167  25  16 254 267 370
 312 319 286 133 373
 321 272  52 254 273 301 302
