 122 355 327 390
 288  42 259 110 366
 196 373  93 222 138 150 180 183 267
  72 233 107 313  48 270
 326  14 375 243 232
 113  81 142 338  29 249 376 380
 298 259 145 223 106
 330 121  75 124
 299 263 154 167 166
 322 292 383  99 112 120 134 136 181 251 274 279 290
 383 322 118 279  92 302
 365 350 250  97  70 342 351
 152 374 336 375  38  66 130 328 334 357
 198 369 170  17
 232 375  64   4  47 155 384
  34 239 329 164  27  35  55 187 197 203
  25 370  23 270 389
 377 290 348 356  13 210
 199 385  69  20  54
 329 238 155 287 104 131 171 285 343
 204 231 160  18  73
 144 226 194 255 163
 378 161 137 390  41 284 314
 131 313 220 115  16 389
 135 390  35  83  94 175
 370  16 116 140 144 148 157 389
 191 218 153 172 275
 203 239  15 164
  61 250  86  29 169 244
   5 126  47 254  28  86 169 249 269 387
 110 100  50 123
  37 209 256 272 135
 147  87 168 242
 353  95 195 308 226
  15 239 287  44  55  85 203 228
  24 135  15 197
 295 368 331 260 178 227 325
 209  31 240 272 109
 286 374 334  12  51  66  85 248 294 391
 229  59 247 199
 206  88 253 280 282
 216 314 284  22
 288 218 172 259   1 327
 373  93 308 222  56 141 193 265
 287 328 102 232  34  45 177
 217 328 253  44 177
  59 165 229 247 161 314
  64 142 118  14  29 151 170 249 387
 241 257 318   3 236
  58 155 220 238 185 271 302
 123  89 319  30 100
 286  38 287 374 248
 264  54 385 355 114 122
  74 253  60 152 108 128 129 156 198 205 206 217 280 281
  69 262  52  18 216 321
  15  34 228  85
 265 193  43 305
 378 168 200 159  79 272 381
  49 185 238 302 101 131 252
 199  65 229 221  39  46 165
  74  97  53 280  61 182 205 206 250 257
  74 126  60 112  28 250
  99 120 290 207 210
 101 110 368 346
 142  47  14 283 151 170 277 313 348 364 375
  59 105 221 183  76 173 273 363
  38 214  12 294 365
 306 212 301 333 117 192 268 310 316 379
 384 155 338 277
 385 199  18 262  54 186 216 264 321
  84 205 365  11 191 342 351
 111 164 178 187 275
 367 357 112 182   3 107
  20 204 242 160 307 381
  60  53  97 253  61 156 205 206
 228 146   7 330 256 289
 378 340 363  65 190 320 382
  78 379 114 212 311
  77 379 114 311 255
 340  57 200 162 190
 152 336 128 139
 113 251 142 118   5 386
 333 256 146 306
 178 295  24 187 390
 253 365 156 128  70
 228  34 139  38  55
 249 169  29 387  28 244 269
 242 354 272 159  32 147
 108 280  40 129
  50 260 325 238 106
 175 172 259 370
 258 222 305 373  95 265 359
 377 214  10 283 115
 324 315 225 372   2  43 196 204 240 242 276 337 349
 161 135  24 390
 305 353  91 308  33 359
  97 129 182 350 158 330
  60 257  74 112  11  96 174 179 182 297 350
 384 336 281 243 177
 120 279   9 290  62 112 126 181 280 357
  30 110  50 178
 317 332  58 110  63
 345  44 334 232 177
 381 284 378 200
 331  19 260 371 176
 221  65 141 168 162 208 340 360
   6 325  89 376
   3 230 304  72 211 219
 280 217 281  53  88
 316  37 161 137
  30 101 123 325   1  63 100
  71 164 306 239 117 275
  99 279 292   9  61  72  97
  81 142 251 283   5 376 386
  77  78 379  52 194
 317  92 332 214  23 270
  25 370 157 148 175
 111 301  67 261 275
 339 322 142 383  10  47  81 254
 171 148 122 187
  99   9 279 290  62 136
 330 124   7 201 300
   0 370  52 157 119
 223 298 259  50  30 110 319
 330 253 129 206   7 121
 382 273 340 296 224
 279  99 292 290  29  61
 369 332 287 271 164 171 223
 152  53 207 336  80  84 129 156 282
 217 128  53 253  88  96 124
 214 357  12 377 179 358 365
  19  58 329  23 319 343
 236 241 174 250 201
 324 231 221 372
 251 383   9 292 386
  24  94  35  31 311
   9 279 120 290
 316 237  22 296 109 261
 196 305   2 373
 278 336  80 152  85 380
  25 270 347 144
 193 105 267  43 234 291 360
 118  64 251 283   5  47  81 113 338 348
 186 216 363 321
  21 140 194  25 163
 153 172 288 188   6 218
 228  75  82 306 192 289 301 310
 341  32 159  87 307 381
  25 116 119 171
 195 299 167 154 261
 222 167   2 213 195 335
  47 313  64 332 302 387
 336  12  80 374  53 128 139 198 207 217 278
 145 172 288 218  26 188
 299 167 263 184   8 149 166 300
 238 371 375  14  19  49  68 260 346
 205  53  74 128  84 282
 370 116  25 122 175
  96 350 365 214
 200  87 341  57 147 162 272 344
 165 341 231 229  20  73 204 344 354
 390  46 165  22  94 109 355
 168 240 159 105  79
 166 144 226  21 300
 239 197 127 329  15  27  71 111 187
 160 341  59 231  46 161 229 247 354
   8 299 255 154 163
 299 263 184 154   8 149 150 235
 221 242 105 341  32  57 162
  86  29  28 249 244 269
 277  64  47 356  13 369 371
 187 127  19 329 119 148 343
 153 145 218 288  26  42  90 178 188 327
 199  65 293 362 323 363
 257 182  97 206 132 241 304
  90 157  24 116
 295 227 104 331
  44  98 102  45
 368  36 295 172  71  83 100
 130 214 357  97 270 312
 354 320 360   2
 274  99 290   9
 253 357  60  97  72  96 174 257 304
 324 372   2 222  65 273
 167 235 222 362 154 263 361
 371  58 346  49 260
  69 143 216 363
 295 171 164  15  71  83 119
 288 145 153 172
 245 195 267 355
 340 234  79  76 291 320
  26  70 294 365
 146 289  67 268
 141 308  43 265  56 291
  21 144 114 255
 245 267 149 150  33 189
 138   2  93 324 276 337
 164 329  15 239  35
 336  53 152  13
  59 385 262 173  18  39  69 213 245
 159  57 272  79 103 307
 121 132 236 330 219
 327 285 259 303
  27  15 329  34
  20 160  93 335  73 344
 156  53  60  74  70 282 309
 253  60  74  53  40 124 174 241
 290 152 217 274  62 128 210 281
 225 354 105 245
  37 352 225 272  31 234 261
 253  62  17 207 248
 233 343 358 107
  67 316 306 333  77 261 268 301
 293 199 150 245 262 335
 130 377 358 365  66  92 115 158 179 270 312
 287 334 374 328
  41  69 186  54 143 321
 152 281 207  53  45 108 129 230
 172  42 259 145  26 153
 201 107 233 330
 375 326 377 313  23  49
 324 231 133 105  59  65 168 242 273 315 341
 373 308 305 258   2  43  91 150 183 184 246 262 323 388
 123 298 127 332   6 259 269 319 347
 296 382 291 125
 315  93 240 208 209 349 352 354
  33 262 321  21 163
 176 295 331  36
  85  75 146  34  55
  59 160 165 341  39  46 247 378
 345 334 217 374 107 233 304
 341 221 324 242  20 133 160 165 273
  14 375   4 243  44 102 287
 345 358 230   3 211 219
 352 209 141 190 291
 362 184 293 167 361
 132 241 201  48
 296 340 137 360
 155  49  58 260  19  89 303 329
  34  15 164 287  27 111 197
 225 315  93 324  37 162
  48 257 174 206 132 236
 231 221  93 315  32  73  87 168 272
 384 375 338   4  98 232 318 328
 269 169  86  28
 267 195 189 199 208 213 355 385
 353 222 373 258 359
 229  39  46 165 314 381
  38 210  51 286
 387  47   5  29  86 169
 297  60  61 257  11  28 132 266 309
 134 142  81   9 113 386
 318 302 386  58
  53 210  74 206  40  45  84 124 129 182
 292 339 279 118  29
 166 264  78 262  21 194
  82  31 311  75
 174  97  60 182  48 241 250 297
  91 305 373 222 246 359 388
 298 123 317 223   1   6  42  90 202 218 366
 346 238 155 185  36  89 104 303 325 329
 149 212 209 137 117
 199 213 222  69  54 226 255 264
 167 299 154 184   8
  52 262  69 385 255
  56 193  43  91
 350 250 309 351
 245 141   2 195 189 360
 289  67 306 212 192
 169  86 223  29 244
 179   3 115 214  16 140 347
 317 332  49 127
  87  57 159 242  31  37 200 209
 183  65 231 221 125
   9 326 290 292 181 207 367
  71  26 111 117
  93 324 196 337 344
 170  64 338 364  68 371
 139 336 374 152 380
 292  99 383   9  10 112 120 126 136 254 357
 108  60  53  99  40  88
 217  53 336 207  98 108
 205 156 128  40
  64 142 348 375  92 113
  41 103  22 378
 202 303  19 295 327
  51  38 345 287 248 391
  44 232 374 286  19  34  51 127 215 239 369
 188  42 145 153   1 172
 268 146 192  75
 292  99   9 274  17  62 120 126 136 181 207
 234 193 141 190 224
   9 339 383 290 112 126 134 254 274 279
 362 305 213 235 173
  66 358 365  38 191
  36 368 187 331  83 176 178 227 285
 237 382 340 137 125 224
 250 257 350  97 342 351
 223 123 259 332   6 347 366
 167 154 263   8 149 166 335
 163 154 121 359
  67 306 212 146 117 310
  49  58  10 151 252 318
 329 260 238 368 202 285
 318 230 182 174 107
 308  95 138 258  56  91 222 293 323
  67 301 212 333  82 111 146 268
 344 200 147  73
 305 222 193  43  33  95 362 388
 266 205 350 250
 333 146  67 301
 256 135  78  77
 179 367 214 357
 322 375  64 220   3  23 151 318
  41  46  22 247
 225  93 324 221 240 242 349 352
 137 212 109  67
 271 332 115 101 259
 304 313 302 243  48 252
 123  50 223 131
 180 190 360  76
  54  69 226 216 143
   9 383 118 339  10 313 326 377
 305 362 222 173 361
  93 221 231 133 183 196 240 276 315 337 372
 376 260 346  36  89 106 110
 375   4 274 322 220 367
 202  42 172 285   0
  44  12 375 243  45 215
  19 303 238 260  15 131 164 171 197 203
 121 124   7  96  75 201 219
 104 346 368  36 176 227 295
 151 271 364 317 101 115 127 223 298
  82  67 212 306 310
 358 345 374  12  38 102 215 230 391
 204 213 299 150
 152  12 374 384  80  98 128 139 198 278 281
 276  93 196 324
 142 243 384 375   5  68 277
 292 383 118 322 254 348
  79  76 105 190 125 237 296 378
 231 160 354 221 147 159 165 168 229
  11 350 297  70
 211  19 171 131
 204 160 276 159 307
 230 358 102 286 233 334 367
 260 371 185 155  63 325 331 368
 298 140 270 223 366
 283  64 339 142  17 364 377
  93 354 315 225
  96  97  11 158 266 297 309 342
 297  70  11 266
 234 315 225 209
 246  33  95 373
 341 225 165 160  87 180 208 349
 189 245 161   0  52
 375 170 377 364  17
 130  12  99 279  72 179 182 312
 334 345 130 214 211 233 294 391
  91 258 246  95 300
 267 141 180 105 237 320
 235 323 184 362
 293 235 184 308 173 323 361
  76 385 173  65 143 186
 356 377  64 348 277 332
 214  84 130  66  11  70 158 191 294
 347 298   1 259
  72 326 274 345 312
 331 346 295  36  63 178 303
  13 127 287 170
  25 157  16 116  90 122 389
 155 277 170 185 104 346
 324  93 133 183
 222  43   2 258  91 138 246 353 388
  12 152 336  38  51 215 230 278 287 334
 326  14  64 243   4  12 155 220 232 283 313 328 338 356 377 384
   5 325 113 380 106
 322 375 356 348  17  92 130 214 220 364
  76  57 229 340  22 103 284 382
  77  78  67 114
 139 278 376   5
  57 147 247  73 103
 125 296  76 378 224
  10 339 322   9 118 134 279 292
 243 338 375  14  68  98 336
 199  69  18 245  52 264 363
  81 113 251 134 252
 249  29  47 151  86
 222 308 258 373
 370  25  16  23
 161  24  22  83   0  94
  38 286 358 334
